705.000000 0.000070
705.035000 0.000086
705.070000 0.000101
705.105000 0.000111
705.140000 0.000119
705.175000 0.000124
705.210000 0.000127
705.245000 0.000130
705.280000 0.000131
705.315000 0.000133
705.350000 0.000135
705.385000 0.000136
705.420000 0.000138
705.455000 0.000140
705.490000 0.000141
705.525000 0.000143
705.560000 0.000145
705.595000 0.000147
705.630000 0.000149
705.665000 0.000151
705.700000 0.000153
705.735000 0.000155
705.770000 0.000157
705.805000 0.000159
705.840000 0.000161
705.875000 0.000163
705.910000 0.000165
705.945000 0.000168
705.980000 0.000170
706.015000 0.000172
706.050000 0.000175
706.085000 0.000177
706.120000 0.000180
706.155000 0.000182
706.190000 0.000185
706.225000 0.000188
706.260000 0.000191
706.295000 0.000193
706.330000 0.000196
706.365000 0.000199
706.400000 0.000202
706.435000 0.000206
706.470000 0.000209
706.505000 0.000212
706.540000 0.000216
706.575000 0.000219
706.610000 0.000223
706.645000 0.000226
706.680000 0.000230
706.715000 0.000234
706.750000 0.000238
706.785000 0.000242
706.820000 0.000247
706.855000 0.000251
706.890000 0.000255
706.925000 0.000260
706.960000 0.000265
706.995000 0.000270
707.030000 0.000275
707.065000 0.000280
707.100000 0.000285
707.135000 0.000291
707.170000 0.000297
707.205000 0.000302
707.240000 0.000309
707.275000 0.000315
707.310000 0.000321
707.345000 0.000328
707.380000 0.000335
707.415000 0.000342
707.450000 0.000350
707.485000 0.000357
707.520000 0.000365
707.555000 0.000374
707.590000 0.000382
707.625000 0.000391
707.660000 0.000401
707.695000 0.000410
707.730000 0.000420
707.765000 0.000431
707.800000 0.000441
707.835000 0.000453
707.870000 0.000464
707.905000 0.000477
707.940000 0.000490
707.975000 0.000503
708.010000 0.000517
708.045000 0.000531
708.080000 0.000547
708.115000 0.000563
708.150000 0.000579
708.185000 0.000597
708.220000 0.000615
708.255000 0.000635
708.290000 0.000655
708.325000 0.000677
708.360000 0.000699
708.395000 0.000723
708.430000 0.000748
708.465000 0.000775
708.500000 0.000803
708.535000 0.000832
708.570000 0.000864
708.605000 0.000897
708.640000 0.000933
708.675000 0.000971
708.710000 0.001011
708.745000 0.001054
708.780000 0.001100
708.815000 0.001150
708.850000 0.001203
708.885000 0.001259
708.920000 0.001321
708.955000 0.001386
708.990000 0.001458
709.025000 0.001535
709.060000 0.001619
709.095000 0.001710
709.130000 0.001809
709.165000 0.001918
709.200000 0.002036
709.235000 0.002167
709.270000 0.002311
709.305000 0.002471
709.340000 0.002647
709.375000 0.002844
709.410000 0.003064
709.445000 0.003310
709.480000 0.003588
709.515000 0.003902
709.550000 0.004259
709.585000 0.004666
709.620000 0.005133
709.655000 0.005670
709.690000 0.006292
709.725000 0.007013
709.760000 0.007854
709.795000 0.008836
709.830000 0.009982
709.865000 0.011318
709.900000 0.012865
709.935000 0.014639
709.970000 0.016639
710.005000 0.018843
710.040000 0.021195
710.075000 0.023598
710.110000 0.025914
710.145000 0.027974
710.180000 0.029598
710.215000 0.030622
710.250000 0.030934
710.285000 0.030495
710.320000 0.029351
710.355000 0.027621
710.390000 0.025477
710.425000 0.023106
710.460000 0.020680
710.495000 0.018336
710.530000 0.016169
710.565000 0.014227
710.600000 0.012528
710.635000 0.011064
710.670000 0.009815
710.705000 0.008756
710.740000 0.007859
710.775000 0.007102
710.810000 0.006463
710.845000 0.005925
710.880000 0.005475
710.915000 0.005101
710.950000 0.004796
710.985000 0.004553
711.020000 0.004366
711.055000 0.004229
711.090000 0.004137
711.125000 0.004082
711.160000 0.004059
711.195000 0.004059
711.230000 0.004074
711.265000 0.004097
711.300000 0.004122
711.335000 0.004141
711.370000 0.004149
711.405000 0.004139
711.440000 0.004104
711.475000 0.004039
711.510000 0.003939
711.545000 0.003806
711.580000 0.003640
711.615000 0.003448
711.650000 0.003235
711.685000 0.003009
711.720000 0.002775
711.755000 0.002539
711.790000 0.002305
711.825000 0.002076
711.860000 0.001854
711.895000 0.001641
711.930000 0.001437
711.965000 0.001242
712.000000 0.001055
712.035000 0.000872
712.070000 0.000691
712.105000 0.000508
712.140000 0.000319
712.175000 0.000120
712.210000 -0.000097
712.245000 -0.000338
712.280000 -0.000610
712.315000 -0.000922
712.350000 -0.001278
712.385000 -0.001681
712.420000 -0.002125
712.455000 -0.002600
712.490000 -0.003086
712.525000 -0.003565
712.560000 -0.004017
712.595000 -0.004431
712.630000 -0.004805
712.665000 -0.005144
712.700000 -0.005456
712.735000 -0.005742
712.770000 -0.005993
712.805000 -0.006186
712.840000 -0.006287
712.875000 -0.006264
712.910000 -0.006092
712.945000 -0.005764
712.980000 -0.005298
713.015000 -0.004728
713.050000 -0.004096
713.085000 -0.003438
713.120000 -0.002766
713.155000 -0.002063
713.190000 -0.001280
713.225000 -0.000344
713.260000 0.000826
713.295000 0.002301
713.330000 0.004132
713.365000 0.006336
713.400000 0.008900
713.435000 0.011782
713.470000 0.014912
713.505000 0.018203
713.540000 0.021541
713.575000 0.024798
713.610000 0.027825
713.645000 0.030471
713.680000 0.032601
713.715000 0.034115
713.750000 0.034977
713.785000 0.035223
713.820000 0.034963
713.855000 0.034364
713.890000 0.033619
713.925000 0.032912
713.960000 0.032388
713.995000 0.032126
714.030000 0.032135
714.065000 0.032348
714.100000 0.032646
714.135000 0.032873
714.170000 0.032865
714.205000 0.032479
714.240000 0.031613
714.275000 0.030221
714.310000 0.028324
714.345000 0.026005
714.380000 0.023397
714.415000 0.020663
714.450000 0.017977
714.485000 0.015496
714.520000 0.013351
714.555000 0.011628
714.590000 0.010374
714.625000 0.009595
714.660000 0.009263
714.695000 0.009326
714.730000 0.009709
714.765000 0.010327
714.800000 0.011080
714.835000 0.011869
714.870000 0.012595
714.905000 0.013171
714.940000 0.013527
714.975000 0.013616
715.010000 0.013417
715.045000 0.012937
715.080000 0.012208
715.115000 0.011285
715.150000 0.010232
715.185000 0.009119
715.220000 0.008011
715.255000 0.006961
715.290000 0.006005
715.325000 0.005164
715.360000 0.004441
715.395000 0.003833
715.430000 0.003324
715.465000 0.002898
715.500000 0.002536
715.535000 0.002222
715.570000 0.001941
715.605000 0.001685
715.640000 0.001448
715.675000 0.001228
715.710000 0.001028
715.745000 0.000850
715.780000 0.000699
715.815000 0.000576
715.850000 0.000485
715.885000 0.000426
715.920000 0.000397
715.955000 0.000395
715.990000 0.000416
716.025000 0.000455
716.060000 0.000503
716.095000 0.000554
716.130000 0.000599
716.165000 0.000631
716.200000 0.000642
716.235000 0.000626
716.270000 0.000579
716.305000 0.000499
716.340000 0.000386
716.375000 0.000243
716.410000 0.000075
716.445000 -0.000110
716.480000 -0.000307
716.515000 -0.000508
716.550000 -0.000705
716.585000 -0.000892
716.620000 -0.001063
716.655000 -0.001209
716.690000 -0.001323
716.725000 -0.001398
716.760000 -0.001428
716.795000 -0.001411
716.830000 -0.001347
716.865000 -0.001240
716.900000 -0.001096
716.935000 -0.000923
716.970000 -0.000729
717.005000 -0.000520
717.040000 -0.000304
717.075000 -0.000088
717.110000 0.000123
717.145000 0.000321
717.180000 0.000500
717.215000 0.000653
717.250000 0.000776
717.285000 0.000866
717.320000 0.000924
717.355000 0.000955
717.390000 0.000965
717.425000 0.000961
717.460000 0.000952
717.495000 0.000942
717.530000 0.000937
717.565000 0.000937
717.600000 0.000941
717.635000 0.000948
717.670000 0.000954
717.705000 0.000957
717.740000 0.000957
717.775000 0.000951
717.810000 0.000942
717.845000 0.000928
717.880000 0.000912
717.915000 0.000894
717.950000 0.000874
717.985000 0.000851
718.020000 0.000827
718.055000 0.000798
718.090000 0.000766
718.125000 0.000731
718.160000 0.000694
718.195000 0.000655
718.230000 0.000618
718.265000 0.000583
718.300000 0.000551
718.335000 0.000523
718.370000 0.000498
718.405000 0.000478
718.440000 0.000459
718.475000 0.000443
718.510000 0.000429
718.545000 0.000416
718.580000 0.000405
718.615000 0.000395
718.650000 0.000387
718.685000 0.000382
718.720000 0.000379
718.755000 0.000378
718.790000 0.000380
718.825000 0.000385
718.860000 0.000393
718.895000 0.000405
718.930000 0.000422
718.965000 0.000442
719.000000 0.000466
719.035000 0.000493
719.070000 0.000523
719.105000 0.000552
719.140000 0.000581
719.175000 0.000606
719.210000 0.000625
719.245000 0.000637
719.280000 0.000641
719.315000 0.000637
719.350000 0.000625
719.385000 0.000607
719.420000 0.000584
719.455000 0.000560
719.490000 0.000536
719.525000 0.000513
719.560000 0.000492
719.595000 0.000473
719.630000 0.000456
719.665000 0.000441
719.700000 0.000426
719.735000 0.000412
719.770000 0.000397
719.805000 0.000382
719.840000 0.000368
719.875000 0.000353
719.910000 0.000339
719.945000 0.000325
719.980000 0.000312
720.015000 0.000300
720.050000 0.000289
720.085000 0.000279
720.120000 0.000270
720.155000 0.000263
720.190000 0.000256
720.225000 0.000250
720.260000 0.000245
720.295000 0.000241
720.330000 0.000237
720.365000 0.000233
720.400000 0.000229
720.435000 0.000225
720.470000 0.000220
720.505000 0.000216
720.540000 0.000210
720.575000 0.000205
720.610000 0.000199
720.645000 0.000193
720.680000 0.000187
720.715000 0.000181
720.750000 0.000175
720.785000 0.000169
720.820000 0.000163
720.855000 0.000157
720.890000 0.000151
720.925000 0.000146
720.960000 0.000141
720.995000 0.000135
721.030000 0.000130
721.065000 0.000125
721.100000 0.000120
721.135000 0.000114
721.170000 0.000108
721.205000 0.000101
721.240000 0.000094
721.275000 0.000086
721.310000 0.000078
721.345000 0.000069
721.380000 0.000060
721.415000 0.000050
721.450000 0.000040
721.485000 0.000029
721.520000 0.000017
721.555000 0.000005
721.590000 -0.000007
721.625000 -0.000021
721.660000 -0.000034
721.695000 -0.000049
721.730000 -0.000064
721.765000 -0.000080
721.800000 -0.000097
721.835000 -0.000115
721.870000 -0.000134
721.905000 -0.000154
721.940000 -0.000176
721.975000 -0.000199
722.010000 -0.000224
722.045000 -0.000250
722.080000 -0.000279
722.115000 -0.000310
722.150000 -0.000344
722.185000 -0.000380
722.220000 -0.000419
722.255000 -0.000461
722.290000 -0.000507
722.325000 -0.000556
722.360000 -0.000609
722.395000 -0.000666
722.430000 -0.000728
722.465000 -0.000793
722.500000 -0.000862
722.535000 -0.000935
722.570000 -0.001011
722.605000 -0.001089
722.640000 -0.001169
722.675000 -0.001248
722.710000 -0.001327
722.745000 -0.001401
722.780000 -0.001470
722.815000 -0.001532
722.850000 -0.001583
722.885000 -0.001623
722.920000 -0.001650
722.955000 -0.001662
722.990000 -0.001659
723.025000 -0.001642
723.060000 -0.001610
723.095000 -0.001567
723.130000 -0.001512
723.165000 -0.001449
723.200000 -0.001379
723.235000 -0.001305
723.270000 -0.001228
723.305000 -0.001151
723.340000 -0.001075
723.375000 -0.001001
723.410000 -0.000930
723.445000 -0.000863
723.480000 -0.000801
723.515000 -0.000743
723.550000 -0.000689
723.585000 -0.000641
723.620000 -0.000597
723.655000 -0.000558
723.690000 -0.000524
723.725000 -0.000494
723.760000 -0.000468
723.795000 -0.000446
723.830000 -0.000429
723.865000 -0.000415
723.900000 -0.000406
723.935000 -0.000400
723.970000 -0.000399
724.005000 -0.000402
724.040000 -0.000409
724.075000 -0.000421
724.110000 -0.000438
724.145000 -0.000461
724.180000 -0.000489
724.215000 -0.000524
724.250000 -0.000565
724.285000 -0.000614
724.320000 -0.000670
724.355000 -0.000733
724.390000 -0.000804
724.425000 -0.000882
724.460000 -0.000966
724.495000 -0.001055
724.530000 -0.001147
724.565000 -0.001240
724.600000 -0.001331
724.635000 -0.001417
724.670000 -0.001493
724.705000 -0.001555
724.740000 -0.001598
724.775000 -0.001617
724.810000 -0.001607
724.845000 -0.001564
724.880000 -0.001484
724.915000 -0.001365
724.950000 -0.001205
724.985000 -0.001003
725.020000 -0.000760
725.055000 -0.000476
725.090000 -0.000155
725.125000 0.000201
725.160000 0.000588
725.195000 0.001001
725.230000 0.001438
725.265000 0.001892
725.300000 0.002362
725.335000 0.002844
725.370000 0.003335
725.405000 0.003835
725.440000 0.004342
725.475000 0.004859
725.510000 0.005385
725.545000 0.005920
725.580000 0.006463
725.615000 0.007011
725.650000 0.007561
725.685000 0.008105
725.720000 0.008632
725.755000 0.009130
725.790000 0.009585
725.825000 0.009981
725.860000 0.010301
725.895000 0.010531
725.930000 0.010658
725.965000 0.010672
726.000000 0.010569
726.035000 0.010350
726.070000 0.010021
726.105000 0.009592
726.140000 0.009081
726.175000 0.008506
726.210000 0.007889
726.245000 0.007252
726.280000 0.006616
726.315000 0.005999
726.350000 0.005415
726.385000 0.004877
726.420000 0.004390
726.455000 0.003959
726.490000 0.003582
726.525000 0.003258
726.560000 0.002982
726.595000 0.002750
726.630000 0.002555
726.665000 0.002393
726.700000 0.002260
726.735000 0.002152
726.770000 0.002064
726.805000 0.001995
726.840000 0.001942
726.875000 0.001902
726.910000 0.001873
726.945000 0.001853
726.980000 0.001840
727.015000 0.001832
727.050000 0.001827
727.085000 0.001825
727.120000 0.001823
727.155000 0.001821
727.190000 0.001819
727.225000 0.001817
727.260000 0.001814
727.295000 0.001810
727.330000 0.001805
727.365000 0.001799
727.400000 0.001793
727.435000 0.001785
727.470000 0.001777
727.505000 0.001769
727.540000 0.001760
727.575000 0.001752
727.610000 0.001745
727.645000 0.001740
727.680000 0.001738
727.715000 0.001739
727.750000 0.001744
727.785000 0.001752
727.820000 0.001765
727.855000 0.001781
727.890000 0.001799
727.925000 0.001820
727.960000 0.001841
727.995000 0.001861
728.030000 0.001879
728.065000 0.001893
728.100000 0.001902
728.135000 0.001906
728.170000 0.001902
728.205000 0.001892
728.240000 0.001874
728.275000 0.001849
728.310000 0.001816
728.345000 0.001777
728.380000 0.001731
728.415000 0.001680
728.450000 0.001624
728.485000 0.001563
728.520000 0.001498
728.555000 0.001431
728.590000 0.001361
728.625000 0.001289
728.660000 0.001217
728.695000 0.001144
728.730000 0.001072
728.765000 0.001001
728.800000 0.000932
728.835000 0.000865
728.870000 0.000801
728.905000 0.000739
728.940000 0.000681
728.975000 0.000628
729.010000 0.000578
729.045000 0.000533
729.080000 0.000492
729.115000 0.000457
729.150000 0.000426
729.185000 0.000401
729.220000 0.000380
729.255000 0.000363
729.290000 0.000350
729.325000 0.000340
729.360000 0.000332
729.395000 0.000327
729.430000 0.000322
729.465000 0.000318
729.500000 0.000314
729.535000 0.000310
729.570000 0.000305
729.605000 0.000298
729.640000 0.000291
729.675000 0.000284
729.710000 0.000275
729.745000 0.000267
729.780000 0.000258
729.815000 0.000250
729.850000 0.000242
729.885000 0.000236
729.920000 0.000230
729.955000 0.000226
729.990000 0.000223
730.025000 0.000221
730.060000 0.000220
730.095000 0.000220
730.130000 0.000220
730.165000 0.000221
730.200000 0.000223
730.235000 0.000225
730.270000 0.000228
730.305000 0.000230
730.340000 0.000232
730.375000 0.000235
730.410000 0.000237
730.445000 0.000238
730.480000 0.000239
730.515000 0.000240
730.550000 0.000240
730.585000 0.000240
730.620000 0.000239
730.655000 0.000237
730.690000 0.000235
730.725000 0.000232
730.760000 0.000229
730.795000 0.000225
730.830000 0.000221
730.865000 0.000217
730.900000 0.000213
730.935000 0.000209
730.970000 0.000205
731.005000 0.000202
731.040000 0.000199
731.075000 0.000196
731.110000 0.000194
731.145000 0.000193
731.180000 0.000192
731.215000 0.000192
731.250000 0.000193
731.285000 0.000194
731.320000 0.000196
731.355000 0.000198
731.390000 0.000201
731.425000 0.000204
731.460000 0.000207
731.495000 0.000210
731.530000 0.000213
731.565000 0.000215
731.600000 0.000218
731.635000 0.000220
731.670000 0.000222
731.705000 0.000224
731.740000 0.000226
731.775000 0.000227
731.810000 0.000228
731.845000 0.000229
731.880000 0.000229
731.915000 0.000230
731.950000 0.000230
731.985000 0.000231
732.020000 0.000231
732.055000 0.000231
732.090000 0.000230
732.125000 0.000230
732.160000 0.000228
732.195000 0.000227
732.230000 0.000224
732.265000 0.000221
732.300000 0.000218
732.335000 0.000213
732.370000 0.000207
732.405000 0.000201
732.440000 0.000194
732.475000 0.000186
732.510000 0.000178
732.545000 0.000170
732.580000 0.000162
732.615000 0.000153
732.650000 0.000145
732.685000 0.000137
732.720000 0.000129
732.755000 0.000122
732.790000 0.000116
732.825000 0.000110
732.860000 0.000105
732.895000 0.000100
732.930000 0.000096
732.965000 0.000093
733.000000 0.000091
733.035000 0.000088
733.070000 0.000086
733.105000 0.000085
733.140000 0.000083
733.175000 0.000082
733.210000 0.000080
733.245000 0.000079
733.280000 0.000077
733.315000 0.000075
733.350000 0.000073
733.385000 0.000071
733.420000 0.000068
733.455000 0.000066
733.490000 0.000063
733.525000 0.000060
733.560000 0.000057
733.595000 0.000054
733.630000 0.000052
733.665000 0.000049
733.700000 0.000047
733.735000 0.000045
733.770000 0.000043
733.805000 0.000041
733.840000 0.000040
733.875000 0.000038
733.910000 0.000038
733.945000 0.000037
733.980000 0.000037
734.015000 0.000036
734.050000 0.000036
734.085000 0.000036
734.120000 0.000037
734.155000 0.000037
734.190000 0.000037
734.225000 0.000038
734.260000 0.000038
734.295000 0.000038
734.330000 0.000039
734.365000 0.000039
734.400000 0.000040
734.435000 0.000040
734.470000 0.000041
734.505000 0.000041
734.540000 0.000042
734.575000 0.000042
734.610000 0.000042
734.645000 0.000042
734.680000 0.000043
734.715000 0.000043
734.750000 0.000043
734.785000 0.000043
734.820000 0.000043
734.855000 0.000043
734.890000 0.000043
734.925000 0.000043
734.960000 0.000042
734.995000 0.000042
735.030000 0.000042
735.065000 0.000042
735.100000 0.000041
735.135000 0.000041
735.170000 0.000040
735.205000 0.000040
735.240000 0.000039
735.275000 0.000039
735.310000 0.000038
735.345000 0.000038
735.380000 0.000037
735.415000 0.000037
735.450000 0.000036
735.485000 0.000036
735.520000 0.000035
735.555000 0.000035
735.590000 0.000034
735.625000 0.000034
735.660000 0.000033
735.695000 0.000033
735.730000 0.000033
735.765000 0.000033
735.800000 0.000032
735.835000 0.000032
735.870000 0.000032
735.905000 0.000032
735.940000 0.000032
735.975000 0.000032
736.010000 0.000032
736.045000 0.000032
736.080000 0.000032
736.115000 0.000032
736.150000 0.000032
736.185000 0.000032
736.220000 0.000032
736.255000 0.000032
736.290000 0.000032
736.325000 0.000031
736.360000 0.000031
736.395000 0.000031
736.430000 0.000031
736.465000 0.000031
736.500000 0.000031
736.535000 0.000031
736.570000 0.000030
736.605000 0.000030
736.640000 0.000030
736.675000 0.000030
736.710000 0.000030
736.745000 0.000030
736.780000 0.000029
736.815000 0.000029
736.850000 0.000029
736.885000 0.000029
736.920000 0.000029
736.955000 0.000029
736.990000 0.000029
737.025000 0.000029
737.060000 0.000029
737.095000 0.000029
737.130000 0.000029
737.165000 0.000029
737.200000 0.000029
737.235000 0.000028
737.270000 0.000028
737.305000 0.000028
737.340000 0.000028
737.375000 0.000028
737.410000 0.000028
737.445000 0.000028
737.480000 0.000028
737.515000 0.000028
737.550000 0.000028
737.585000 0.000028
737.620000 0.000027
737.655000 0.000027
737.690000 0.000027
737.725000 0.000027
737.760000 0.000027
737.795000 0.000027
737.830000 0.000027
737.865000 0.000027
737.900000 0.000026
737.935000 0.000026
737.970000 0.000026
738.005000 0.000026
738.040000 0.000026
738.075000 0.000026
738.110000 0.000025
738.145000 0.000025
738.180000 0.000025
738.215000 0.000025
738.250000 0.000025
738.285000 0.000025
738.320000 0.000024
738.355000 0.000024
738.390000 0.000024
738.425000 0.000024
738.460000 0.000024
738.495000 0.000024
738.530000 0.000023
738.565000 0.000023
738.600000 0.000023
738.635000 0.000023
738.670000 0.000023
738.705000 0.000023
738.740000 0.000023
738.775000 0.000023
738.810000 0.000022
738.845000 0.000022
738.880000 0.000022
738.915000 0.000022
738.950000 0.000022
738.985000 0.000022
739.020000 0.000022
739.055000 0.000022
739.090000 0.000022
739.125000 0.000021
739.160000 0.000021
739.195000 0.000021
739.230000 0.000021
739.265000 0.000021
739.300000 0.000021
739.335000 0.000021
739.370000 0.000021
739.405000 0.000021
739.440000 0.000021
739.475000 0.000020
739.510000 0.000020
739.545000 0.000020
739.580000 0.000020
739.615000 0.000020
739.650000 0.000020
739.685000 0.000020
739.720000 0.000020
739.755000 0.000019
739.790000 0.000019
739.825000 0.000018
739.860000 0.000017
739.895000 0.000016
739.930000 0.000014
739.965000 0.000011

#Sticks
710.250000 0.032229
710.355000 -0.005428
711.020000 -0.000028
711.125000 -0.000002
711.160000 -0.000349
711.230000 0.001066
711.265000 -0.000001
711.335000 -0.000232
711.405000 -0.000014
711.475000 0.001226
711.545000 0.000610
711.580000 -0.000016
711.720000 -0.000096
711.790000 0.000646
711.860000 -0.000298
711.930000 -0.000047
712.035000 0.000009
712.245000 -0.000051
712.280000 -0.000144
712.315000 -0.000068
712.350000 -0.000030
712.420000 0.000162
712.455000 0.000977
712.490000 -0.000067
712.560000 -0.001486
712.595000 -0.000169
712.630000 -0.005315
712.700000 0.005002
712.735000 -0.000538
712.840000 -0.001976
712.910000 -0.003162
712.945000 0.000010
712.980000 -0.004113
713.050000 0.002167
713.085000 -0.002226
713.155000 0.006050
713.260000 -0.009388
713.295000 -0.000683
713.330000 0.000206
713.400000 -0.000786
713.470000 -0.000126
713.505000 0.002956
713.540000 -0.001011
713.645000 0.002462
713.750000 0.026035
713.855000 -0.002648
713.925000 0.002838
713.995000 -0.004611
714.065000 -0.000013
714.100000 0.000018
714.135000 0.011085
714.240000 0.008623
714.275000 -0.001807
714.310000 0.019027
714.345000 -0.009323
714.415000 0.002324
714.450000 -0.002231
714.485000 -0.005573
714.555000 0.000479
714.590000 -0.000103
714.660000 -0.001919
714.695000 -0.000650
714.765000 -0.001764
714.800000 -0.000425
714.835000 0.002451
714.870000 0.000000
714.905000 0.003328
714.940000 0.001628
714.975000 -0.000028
715.045000 0.007795
715.080000 -0.001172
715.115000 -0.000005
715.150000 0.000348
715.185000 -0.000603
715.255000 -0.001073
715.290000 -0.000129
715.325000 0.000140
715.360000 0.000179
715.395000 -0.000219
715.430000 -0.000432
715.465000 -0.000719
715.500000 0.000086
715.535000 0.001075
715.570000 -0.000259
715.640000 -0.000002
715.675000 -0.000007
715.710000 -0.000553
715.745000 0.000386
715.780000 -0.000310
715.850000 -0.000508
715.885000 0.000178
715.920000 -0.000264
715.990000 -0.000015
716.025000 -0.000274
716.095000 0.000100
716.130000 -0.000003
716.165000 -0.000080
716.200000 0.000896
716.235000 -0.000555
716.270000 -0.000023
716.305000 0.000163
716.340000 -0.000012
716.375000 0.000680
716.410000 -0.000158
716.480000 -0.000582
716.515000 -0.000297
716.550000 -0.000047
716.585000 0.000824
716.620000 -0.000618
716.655000 -0.000155
716.690000 0.000748
716.725000 -0.001131
716.760000 -0.000004
716.795000 -0.000897
716.830000 -0.000292
716.865000 0.000437
716.900000 -0.000347
716.935000 -0.000367
716.970000 0.000130
717.005000 -0.000005
717.040000 -0.000016
717.075000 0.000136
717.110000 -0.000110
717.145000 -0.000525
717.180000 0.000332
717.215000 -0.000068
717.250000 0.000946
717.285000 -0.000029
717.320000 0.000203
717.390000 -0.000028
717.425000 0.000003
717.460000 -0.000009
717.495000 -0.000304
717.530000 0.000058
717.565000 -0.000018
717.600000 0.000253
717.670000 -0.000003
717.705000 -0.000018
717.740000 0.000225
717.775000 -0.000019
717.810000 0.000160
717.845000 -0.000101
717.880000 -0.000017
717.950000 0.000060
717.985000 0.000062
718.020000 -0.000025
718.055000 -0.000053
718.090000 0.000339
718.125000 -0.000033
718.160000 -0.000002
718.195000 -0.000007
718.230000 -0.000019
718.265000 -0.000035
718.300000 0.000013
718.335000 -0.000001
718.370000 0.000014
718.405000 -0.000030
718.440000 -0.000005
718.475000 0.000074
718.545000 0.000048
718.580000 -0.000032
718.615000 -0.000073
718.650000 0.000005
718.685000 0.000054
718.720000 -0.000001
718.755000 0.000003
718.790000 -0.000001
718.825000 0.000006
718.860000 -0.000030
718.895000 -0.000001
718.930000 0.000002
718.965000 -0.000008
719.000000 0.000012
719.035000 -0.000016
719.105000 -0.000005
719.140000 0.000038
719.175000 -0.000036
719.210000 0.000164
719.280000 0.000040
719.315000 0.000215
719.350000 -0.000005
719.420000 -0.000014
719.455000 -0.000002
719.490000 -0.000022
719.560000 -0.000019
719.595000 0.000032
719.630000 -0.000002
719.700000 0.000091
719.805000 -0.000007
719.875000 0.000027
719.910000 -0.000007
719.945000 0.000026
719.980000 -0.000001
720.015000 -0.000040
720.085000 0.000004
720.120000 -0.000008
720.190000 -0.000011
720.225000 0.000046
720.330000 -0.000001
720.365000 -0.000001
720.435000 0.000040
720.470000 -0.000008
720.505000 0.000086
720.540000 -0.000005
720.610000 0.000006
720.645000 -0.000006
720.680000 -0.000002
720.715000 0.000070
720.750000 -0.000015
720.855000 -0.000082
720.890000 -0.000004
720.995000 0.000047
721.030000 -0.000008
721.065000 -0.000005
721.135000 0.000031
721.170000 -0.000002
721.205000 0.000034
721.240000 -0.000002
721.310000 0.000011
721.345000 -0.000002
721.380000 0.000020
721.415000 -0.000009
721.450000 0.000015
721.555000 -0.000014
721.625000 -0.000001
721.695000 0.000011
721.800000 0.000001
721.870000 0.000003
721.905000 -0.000002
721.940000 -0.000001
721.975000 0.000009
722.010000 -0.000001
722.150000 0.000004
722.220000 -0.000002
722.255000 -0.000001
722.290000 0.000001
722.325000 0.000004
722.395000 0.000002
722.465000 -0.000002
722.500000 0.000002
722.605000 -0.000001
722.640000 -0.000002
722.675000 0.000008
722.710000 -0.000018
722.780000 -0.000037
722.920000 -0.000011
722.955000 -0.002880
723.025000 -0.000005
723.095000 -0.000022
723.130000 0.000010
723.165000 -0.000050
723.235000 -0.000001
723.375000 -0.000003
723.410000 0.000005
723.585000 0.000011
723.725000 0.000001
723.865000 0.000020
724.040000 -0.000016
724.180000 -0.000080
724.250000 0.000036
724.285000 -0.000017
724.355000 0.000382
724.425000 -0.000121
724.565000 0.000008
724.600000 -0.000024
724.670000 0.000006
724.705000 -0.000008
724.775000 0.000018
724.845000 -0.000950
724.880000 -0.000969
724.915000 -0.003167
724.985000 0.000017
725.020000 -0.000497
725.160000 -0.000339
725.265000 -0.010594
725.335000 0.011953
725.440000 0.001283
725.475000 -0.000093
725.545000 -0.000071
725.580000 -0.001952
725.615000 -0.000907
725.650000 0.000621
725.720000 -0.000145
725.755000 -0.001326
725.790000 0.002520
725.825000 -0.001880
725.860000 -0.000300
725.895000 0.007276
726.035000 0.017189
726.070000 -0.000429
726.175000 0.001077
726.315000 -0.003906
726.350000 -0.003810
726.420000 -0.000152
726.490000 -0.001449
726.630000 0.004475
726.665000 -0.001179
726.735000 -0.002035
726.840000 -0.000614
726.910000 0.000030
726.980000 -0.000291
727.015000 0.001366
727.085000 0.000376
727.120000 -0.000013
727.155000 -0.000004
727.190000 -0.000110
727.225000 -0.000070
727.295000 -0.001187
727.330000 0.001619
727.365000 0.000020
727.505000 -0.000040
727.575000 0.000480
727.715000 -0.000020
727.750000 -0.000055
727.820000 -0.000221
727.890000 -0.000086
727.925000 -0.000189
728.065000 0.001301
728.100000 -0.000006
728.205000 -0.000092
728.240000 0.000732
728.275000 -0.000029
728.310000 -0.000154
728.345000 0.000754
728.415000 -0.000084
728.450000 -0.000167
728.485000 0.000112
728.520000 0.000067
728.555000 -0.000264
728.590000 0.001050
728.625000 -0.000254
728.695000 0.000216
728.730000 -0.000495
728.800000 -0.000024
728.835000 0.000297
728.905000 -0.000211
728.975000 0.000219
729.010000 0.000008
729.045000 -0.000105
729.080000 -0.000062
729.150000 -0.000072
729.185000 -0.000389
729.220000 0.000207
729.255000 -0.000186
729.325000 -0.000041
729.430000 -0.000070
729.465000 -0.000002
729.500000 0.000286
729.535000 -0.000008
729.570000 -0.000002
729.605000 0.000110
729.675000 -0.000027
729.710000 0.000051
729.745000 -0.000002
729.850000 -0.000205
729.920000 0.000019
729.955000 -0.000072
729.990000 -0.000014
730.025000 0.000059
730.165000 -0.000011
730.340000 -0.000017
730.375000 0.000086
730.410000 -0.000029
730.445000 -0.000003
730.480000 -0.000018
730.550000 0.000037
730.585000 -0.000003
730.620000 -0.000004
730.655000 0.000094
730.830000 0.000021
730.865000 -0.000004
730.900000 0.000003
730.935000 -0.000019
731.040000 -0.000015
731.075000 0.000014
731.110000 -0.000006
731.145000 -0.000002
731.250000 -0.000024
731.285000 0.000003
731.355000 -0.000038
731.390000 -0.000006
731.460000 0.000056
731.530000 -0.000006
731.600000 0.000072
731.635000 -0.000017
731.670000 -0.000022
731.705000 0.000019
731.740000 0.000032
731.810000 -0.000001
731.845000 0.000035
731.915000 -0.000005
731.950000 0.000008
732.020000 -0.000006
732.125000 0.000048
732.160000 -0.000001
732.195000 -0.000019
732.265000 -0.000003
732.335000 0.000153
732.475000 0.000037
732.615000 -0.000007
732.650000 -0.000004
732.685000 0.000002
732.790000 -0.000054
732.825000 -0.000002
732.895000 0.000011
732.965000 -0.000019
733.000000 -0.000014
733.175000 -0.000012
733.280000 0.000059
733.385000 -0.000004
733.455000 -0.000002
733.700000 -0.000016
733.735000 0.000001
733.805000 -0.000019
733.875000 -0.000011
733.945000 -0.000003
734.050000 0.000003
734.085000 -0.000004
734.260000 -0.000007
734.365000 -0.000001
734.575000 0.000001
734.645000 0.000003
735.065000 0.000004
735.310000 0.000001
735.450000 -0.000003
735.485000 0.000002
735.520000 -0.000001
735.660000 0.000001
735.730000 -0.000008
735.870000 -0.000002
735.940000 0.000002
736.045000 -0.000002
736.115000 0.000003
736.430000 -0.000001
736.535000 0.000002
736.570000 -0.000001
736.780000 -0.000002
736.885000 -0.000001
737.025000 0.000002
737.795000 0.000002
739.090000 -0.000001
739.125000 0.000001
