705.000000 0.000535
705.035000 0.000661
705.070000 0.000768
705.105000 0.000849
705.140000 0.000905
705.175000 0.000941
705.210000 0.000964
705.245000 0.000979
705.280000 0.000990
705.315000 0.001000
705.350000 0.001009
705.385000 0.001019
705.420000 0.001028
705.455000 0.001038
705.490000 0.001048
705.525000 0.001058
705.560000 0.001068
705.595000 0.001078
705.630000 0.001088
705.665000 0.001099
705.700000 0.001110
705.735000 0.001120
705.770000 0.001132
705.805000 0.001143
705.840000 0.001154
705.875000 0.001166
705.910000 0.001178
705.945000 0.001190
705.980000 0.001202
706.015000 0.001215
706.050000 0.001228
706.085000 0.001241
706.120000 0.001254
706.155000 0.001267
706.190000 0.001281
706.225000 0.001295
706.260000 0.001310
706.295000 0.001324
706.330000 0.001339
706.365000 0.001354
706.400000 0.001370
706.435000 0.001385
706.470000 0.001401
706.505000 0.001418
706.540000 0.001434
706.575000 0.001452
706.610000 0.001469
706.645000 0.001487
706.680000 0.001505
706.715000 0.001524
706.750000 0.001543
706.785000 0.001562
706.820000 0.001582
706.855000 0.001602
706.890000 0.001623
706.925000 0.001644
706.960000 0.001666
706.995000 0.001688
707.030000 0.001711
707.065000 0.001735
707.100000 0.001758
707.135000 0.001783
707.170000 0.001808
707.205000 0.001834
707.240000 0.001861
707.275000 0.001888
707.310000 0.001916
707.345000 0.001944
707.380000 0.001974
707.415000 0.002004
707.450000 0.002035
707.485000 0.002067
707.520000 0.002100
707.555000 0.002134
707.590000 0.002169
707.625000 0.002205
707.660000 0.002242
707.695000 0.002280
707.730000 0.002320
707.765000 0.002361
707.800000 0.002403
707.835000 0.002446
707.870000 0.002491
707.905000 0.002538
707.940000 0.002586
707.975000 0.002636
708.010000 0.002687
708.045000 0.002741
708.080000 0.002797
708.115000 0.002854
708.150000 0.002914
708.185000 0.002977
708.220000 0.003042
708.255000 0.003109
708.290000 0.003180
708.325000 0.003254
708.360000 0.003331
708.395000 0.003411
708.430000 0.003495
708.465000 0.003583
708.500000 0.003676
708.535000 0.003773
708.570000 0.003875
708.605000 0.003982
708.640000 0.004095
708.675000 0.004214
708.710000 0.004340
708.745000 0.004473
708.780000 0.004615
708.815000 0.004764
708.850000 0.004924
708.885000 0.005093
708.920000 0.005274
708.955000 0.005467
708.990000 0.005674
709.025000 0.005896
709.060000 0.006134
709.095000 0.006392
709.130000 0.006669
709.165000 0.006970
709.200000 0.007297
709.235000 0.007653
709.270000 0.008042
709.305000 0.008469
709.340000 0.008937
709.375000 0.009455
709.410000 0.010027
709.445000 0.010665
709.480000 0.011376
709.515000 0.012174
709.550000 0.013073
709.585000 0.014090
709.620000 0.015247
709.655000 0.016568
709.690000 0.018086
709.725000 0.019836
709.760000 0.021863
709.795000 0.024215
709.830000 0.026951
709.865000 0.030130
709.900000 0.033811
709.935000 0.038041
709.970000 0.042840
710.005000 0.048186
710.040000 0.053989
710.075000 0.060075
710.110000 0.066176
710.145000 0.071937
710.180000 0.076950
710.215000 0.080807
710.250000 0.083163
710.285000 0.083805
710.320000 0.082687
710.355000 0.079945
710.390000 0.075862
710.425000 0.070823
710.460000 0.065239
710.495000 0.059498
710.530000 0.053914
710.565000 0.048714
710.600000 0.044036
710.635000 0.039946
710.670000 0.036452
710.705000 0.033528
710.740000 0.031128
710.775000 0.029201
710.810000 0.027692
710.845000 0.026548
710.880000 0.025721
710.915000 0.025164
710.950000 0.024829
710.985000 0.024670
711.020000 0.024640
711.055000 0.024693
711.090000 0.024787
711.125000 0.024889
711.160000 0.024971
711.195000 0.025020
711.230000 0.025030
711.265000 0.025005
711.300000 0.024957
711.335000 0.024897
711.370000 0.024838
711.405000 0.024787
711.440000 0.024752
711.475000 0.024736
711.510000 0.024744
711.545000 0.024783
711.580000 0.024859
711.615000 0.024982
711.650000 0.025162
711.685000 0.025407
711.720000 0.025724
711.755000 0.026118
711.790000 0.026596
711.825000 0.027167
711.860000 0.027844
711.895000 0.028647
711.930000 0.029602
711.965000 0.030739
712.000000 0.032093
712.035000 0.033703
712.070000 0.035609
712.105000 0.037852
712.140000 0.040476
712.175000 0.043522
712.210000 0.047038
712.245000 0.051064
712.280000 0.055640
712.315000 0.060790
712.350000 0.066511
712.385000 0.072766
712.420000 0.079461
712.455000 0.086447
712.490000 0.093516
712.525000 0.100422
712.560000 0.106909
712.595000 0.112749
712.630000 0.117777
712.665000 0.121915
712.700000 0.125181
712.735000 0.127671
712.770000 0.129535
712.805000 0.130938
712.840000 0.132036
712.875000 0.132952
712.910000 0.133774
712.945000 0.134554
712.980000 0.135321
713.015000 0.136092
713.050000 0.136884
713.085000 0.137722
713.120000 0.138643
713.155000 0.139704
713.190000 0.140982
713.225000 0.142573
713.260000 0.144582
713.295000 0.147115
713.330000 0.150260
713.365000 0.154067
713.400000 0.158531
713.435000 0.163578
713.470000 0.169067
713.505000 0.174795
713.540000 0.180513
713.575000 0.185940
713.610000 0.190785
713.645000 0.194767
713.680000 0.197648
713.715000 0.199269
713.750000 0.199581
713.785000 0.198679
713.820000 0.196795
713.855000 0.194279
713.890000 0.191548
713.925000 0.189021
713.960000 0.187064
713.995000 0.185940
714.030000 0.185781
714.065000 0.186577
714.100000 0.188176
714.135000 0.190304
714.170000 0.192594
714.205000 0.194627
714.240000 0.195986
714.275000 0.196310
714.310000 0.195348
714.345000 0.192992
714.380000 0.189288
714.415000 0.184419
714.450000 0.178668
714.485000 0.172372
714.520000 0.165863
714.555000 0.159437
714.590000 0.153319
714.625000 0.147658
714.660000 0.142526
714.695000 0.137931
714.730000 0.133832
714.765000 0.130159
714.800000 0.126821
714.835000 0.123723
714.870000 0.120768
714.905000 0.117864
714.940000 0.114927
714.975000 0.111882
715.010000 0.108670
715.045000 0.105253
715.080000 0.101619
715.115000 0.097784
715.150000 0.093796
715.185000 0.089727
715.220000 0.085659
715.255000 0.081679
715.290000 0.077857
715.325000 0.074242
715.360000 0.070857
715.395000 0.067698
715.430000 0.064744
715.465000 0.061971
715.500000 0.059358
715.535000 0.056894
715.570000 0.054584
715.605000 0.052441
715.640000 0.050481
715.675000 0.048715
715.710000 0.047139
715.745000 0.045738
715.780000 0.044482
715.815000 0.043334
715.850000 0.042256
715.885000 0.041216
715.920000 0.040196
715.955000 0.039192
715.990000 0.038213
716.025000 0.037281
716.060000 0.036420
716.095000 0.035651
716.130000 0.034989
716.165000 0.034438
716.200000 0.033994
716.235000 0.033648
716.270000 0.033387
716.305000 0.033200
716.340000 0.033079
716.375000 0.033018
716.410000 0.033014
716.445000 0.033061
716.480000 0.033153
716.515000 0.033280
716.550000 0.033423
716.585000 0.033559
716.620000 0.033662
716.655000 0.033701
716.690000 0.033647
716.725000 0.033476
716.760000 0.033171
716.795000 0.032728
716.830000 0.032152
716.865000 0.031462
716.900000 0.030685
716.935000 0.029854
716.970000 0.029001
717.005000 0.028155
717.040000 0.027336
717.075000 0.026555
717.110000 0.025811
717.145000 0.025095
717.180000 0.024393
717.215000 0.023688
717.250000 0.022965
717.285000 0.022216
717.320000 0.021440
717.355000 0.020644
717.390000 0.019841
717.425000 0.019047
717.460000 0.018279
717.495000 0.017552
717.530000 0.016876
717.565000 0.016254
717.600000 0.015688
717.635000 0.015172
717.670000 0.014699
717.705000 0.014259
717.740000 0.013842
717.775000 0.013439
717.810000 0.013044
717.845000 0.012653
717.880000 0.012265
717.915000 0.011884
717.950000 0.011512
717.985000 0.011153
718.020000 0.010810
718.055000 0.010483
718.090000 0.010172
718.125000 0.009878
718.160000 0.009599
718.195000 0.009335
718.230000 0.009087
718.265000 0.008856
718.300000 0.008643
718.335000 0.008446
718.370000 0.008266
718.405000 0.008101
718.440000 0.007948
718.475000 0.007805
718.510000 0.007668
718.545000 0.007536
718.580000 0.007408
718.615000 0.007283
718.650000 0.007161
718.685000 0.007043
718.720000 0.006931
718.755000 0.006826
718.790000 0.006731
718.825000 0.006646
718.860000 0.006575
718.895000 0.006518
718.930000 0.006476
718.965000 0.006448
719.000000 0.006434
719.035000 0.006431
719.070000 0.006435
719.105000 0.006443
719.140000 0.006450
719.175000 0.006450
719.210000 0.006439
719.245000 0.006414
719.280000 0.006371
719.315000 0.006310
719.350000 0.006231
719.385000 0.006137
719.420000 0.006031
719.455000 0.005917
719.490000 0.005798
719.525000 0.005680
719.560000 0.005564
719.595000 0.005454
719.630000 0.005350
719.665000 0.005253
719.700000 0.005164
719.735000 0.005082
719.770000 0.005007
719.805000 0.004939
719.840000 0.004877
719.875000 0.004820
719.910000 0.004769
719.945000 0.004723
719.980000 0.004682
720.015000 0.004645
720.050000 0.004614
720.085000 0.004589
720.120000 0.004568
720.155000 0.004553
720.190000 0.004544
720.225000 0.004539
720.260000 0.004538
720.295000 0.004542
720.330000 0.004550
720.365000 0.004561
720.400000 0.004574
720.435000 0.004590
720.470000 0.004608
720.505000 0.004627
720.540000 0.004647
720.575000 0.004668
720.610000 0.004689
720.645000 0.004710
720.680000 0.004731
720.715000 0.004752
720.750000 0.004771
720.785000 0.004791
720.820000 0.004809
720.855000 0.004828
720.890000 0.004846
720.925000 0.004863
720.960000 0.004882
720.995000 0.004900
721.030000 0.004920
721.065000 0.004940
721.100000 0.004962
721.135000 0.004986
721.170000 0.005012
721.205000 0.005040
721.240000 0.005071
721.275000 0.005104
721.310000 0.005140
721.345000 0.005179
721.380000 0.005221
721.415000 0.005267
721.450000 0.005316
721.485000 0.005369
721.520000 0.005427
721.555000 0.005489
721.590000 0.005556
721.625000 0.005628
721.660000 0.005707
721.695000 0.005791
721.730000 0.005882
721.765000 0.005980
721.800000 0.006086
721.835000 0.006201
721.870000 0.006324
721.905000 0.006458
721.940000 0.006602
721.975000 0.006757
722.010000 0.006925
722.045000 0.007106
722.080000 0.007302
722.115000 0.007513
722.150000 0.007741
722.185000 0.007987
722.220000 0.008253
722.255000 0.008539
722.290000 0.008847
722.325000 0.009179
722.360000 0.009534
722.395000 0.009915
722.430000 0.010321
722.465000 0.010751
722.500000 0.011206
722.535000 0.011683
722.570000 0.012178
722.605000 0.012689
722.640000 0.013208
722.675000 0.013728
722.710000 0.014240
722.745000 0.014735
722.780000 0.015201
722.815000 0.015628
722.850000 0.016004
722.885000 0.016321
722.920000 0.016572
722.955000 0.016752
722.990000 0.016861
723.025000 0.016900
723.060000 0.016875
723.095000 0.016796
723.130000 0.016670
723.165000 0.016511
723.200000 0.016331
723.235000 0.016139
723.270000 0.015949
723.305000 0.015768
723.340000 0.015606
723.375000 0.015468
723.410000 0.015360
723.445000 0.015286
723.480000 0.015248
723.515000 0.015249
723.550000 0.015289
723.585000 0.015370
723.620000 0.015492
723.655000 0.015656
723.690000 0.015862
723.725000 0.016110
723.760000 0.016401
723.795000 0.016736
723.830000 0.017114
723.865000 0.017537
723.900000 0.018005
723.935000 0.018518
723.970000 0.019078
724.005000 0.019686
724.040000 0.020341
724.075000 0.021046
724.110000 0.021801
724.145000 0.022608
724.180000 0.023468
724.215000 0.024385
724.250000 0.025362
724.285000 0.026401
724.320000 0.027508
724.355000 0.028686
724.390000 0.029943
724.425000 0.031281
724.460000 0.032709
724.495000 0.034231
724.530000 0.035851
724.565000 0.037574
724.600000 0.039402
724.635000 0.041337
724.670000 0.043378
724.705000 0.045525
724.740000 0.047773
724.775000 0.050117
724.810000 0.052553
724.845000 0.055070
724.880000 0.057662
724.915000 0.060315
724.950000 0.063016
724.985000 0.065749
725.020000 0.068495
725.055000 0.071232
725.090000 0.073934
725.125000 0.076576
725.160000 0.079132
725.195000 0.081577
725.230000 0.083891
725.265000 0.086059
725.300000 0.088073
725.335000 0.089935
725.370000 0.091654
725.405000 0.093243
725.440000 0.094724
725.475000 0.096118
725.510000 0.097446
725.545000 0.098725
725.580000 0.099966
725.615000 0.101170
725.650000 0.102332
725.685000 0.103434
725.720000 0.104451
725.755000 0.105352
725.790000 0.106101
725.825000 0.106663
725.860000 0.107002
725.895000 0.107088
725.930000 0.106899
725.965000 0.106421
726.000000 0.105648
726.035000 0.104587
726.070000 0.103251
726.105000 0.101663
726.140000 0.099850
726.175000 0.097844
726.210000 0.095681
726.245000 0.093397
726.280000 0.091024
726.315000 0.088598
726.350000 0.086146
726.385000 0.083695
726.420000 0.081267
726.455000 0.078879
726.490000 0.076545
726.525000 0.074274
726.560000 0.072074
726.595000 0.069947
726.630000 0.067896
726.665000 0.065923
726.700000 0.064029
726.735000 0.062213
726.770000 0.060476
726.805000 0.058818
726.840000 0.057239
726.875000 0.055736
726.910000 0.054307
726.945000 0.052945
726.980000 0.051645
727.015000 0.050398
727.050000 0.049196
727.085000 0.048028
727.120000 0.046885
727.155000 0.045761
727.190000 0.044648
727.225000 0.043542
727.260000 0.042443
727.295000 0.041351
727.330000 0.040269
727.365000 0.039203
727.400000 0.038159
727.435000 0.037144
727.470000 0.036166
727.505000 0.035229
727.540000 0.034339
727.575000 0.033500
727.610000 0.032714
727.645000 0.031980
727.680000 0.031296
727.715000 0.030661
727.750000 0.030069
727.785000 0.029516
727.820000 0.028997
727.855000 0.028507
727.890000 0.028040
727.925000 0.027592
727.960000 0.027158
727.995000 0.026735
728.030000 0.026319
728.065000 0.025907
728.100000 0.025497
728.135000 0.025088
728.170000 0.024676
728.205000 0.024262
728.240000 0.023844
728.275000 0.023422
728.310000 0.022996
728.345000 0.022566
728.380000 0.022133
728.415000 0.021699
728.450000 0.021262
728.485000 0.020826
728.520000 0.020391
728.555000 0.019957
728.590000 0.019526
728.625000 0.019100
728.660000 0.018678
728.695000 0.018263
728.730000 0.017854
728.765000 0.017454
728.800000 0.017061
728.835000 0.016677
728.870000 0.016301
728.905000 0.015934
728.940000 0.015575
728.975000 0.015223
729.010000 0.014877
729.045000 0.014536
729.080000 0.014198
729.115000 0.013862
729.150000 0.013528
729.185000 0.013194
729.220000 0.012860
729.255000 0.012525
729.290000 0.012191
729.325000 0.011856
729.360000 0.011523
729.395000 0.011192
729.430000 0.010863
729.465000 0.010539
729.500000 0.010220
729.535000 0.009907
729.570000 0.009601
729.605000 0.009303
729.640000 0.009014
729.675000 0.008734
729.710000 0.008463
729.745000 0.008202
729.780000 0.007951
729.815000 0.007710
729.850000 0.007478
729.885000 0.007256
729.920000 0.007043
729.955000 0.006839
729.990000 0.006644
730.025000 0.006458
730.060000 0.006280
730.095000 0.006110
730.130000 0.005949
730.165000 0.005795
730.200000 0.005648
730.235000 0.005509
730.270000 0.005377
730.305000 0.005251
730.340000 0.005131
730.375000 0.005016
730.410000 0.004906
730.445000 0.004801
730.480000 0.004700
730.515000 0.004603
730.550000 0.004510
730.585000 0.004420
730.620000 0.004333
730.655000 0.004249
730.690000 0.004168
730.725000 0.004089
730.760000 0.004014
730.795000 0.003942
730.830000 0.003872
730.865000 0.003805
730.900000 0.003741
730.935000 0.003681
730.970000 0.003622
731.005000 0.003567
731.040000 0.003515
731.075000 0.003465
731.110000 0.003418
731.145000 0.003373
731.180000 0.003331
731.215000 0.003291
731.250000 0.003252
731.285000 0.003216
731.320000 0.003181
731.355000 0.003147
731.390000 0.003114
731.425000 0.003082
731.460000 0.003051
731.495000 0.003020
731.530000 0.002989
731.565000 0.002958
731.600000 0.002928
731.635000 0.002898
731.670000 0.002867
731.705000 0.002837
731.740000 0.002808
731.775000 0.002778
731.810000 0.002749
731.845000 0.002721
731.880000 0.002693
731.915000 0.002667
731.950000 0.002641
731.985000 0.002616
732.020000 0.002591
732.055000 0.002568
732.090000 0.002545
732.125000 0.002522
732.160000 0.002499
732.195000 0.002477
732.230000 0.002454
732.265000 0.002430
732.300000 0.002406
732.335000 0.002381
732.370000 0.002356
732.405000 0.002329
732.440000 0.002302
732.475000 0.002273
732.510000 0.002245
732.545000 0.002215
732.580000 0.002185
732.615000 0.002155
732.650000 0.002125
732.685000 0.002095
732.720000 0.002064
732.755000 0.002034
732.790000 0.002004
732.825000 0.001975
732.860000 0.001946
732.895000 0.001917
732.930000 0.001888
732.965000 0.001860
733.000000 0.001833
733.035000 0.001805
733.070000 0.001779
733.105000 0.001752
733.140000 0.001726
733.175000 0.001701
733.210000 0.001676
733.245000 0.001652
733.280000 0.001628
733.315000 0.001604
733.350000 0.001581
733.385000 0.001559
733.420000 0.001537
733.455000 0.001516
733.490000 0.001496
733.525000 0.001476
733.560000 0.001457
733.595000 0.001438
733.630000 0.001420
733.665000 0.001403
733.700000 0.001385
733.735000 0.001369
733.770000 0.001352
733.805000 0.001336
733.840000 0.001319
733.875000 0.001303
733.910000 0.001287
733.945000 0.001271
733.980000 0.001255
734.015000 0.001239
734.050000 0.001224
734.085000 0.001208
734.120000 0.001193
734.155000 0.001178
734.190000 0.001163
734.225000 0.001148
734.260000 0.001134
734.295000 0.001120
734.330000 0.001107
734.365000 0.001093
734.400000 0.001080
734.435000 0.001068
734.470000 0.001056
734.505000 0.001044
734.540000 0.001032
734.575000 0.001021
734.610000 0.001010
734.645000 0.001000
734.680000 0.000990
734.715000 0.000980
734.750000 0.000970
734.785000 0.000961
734.820000 0.000952
734.855000 0.000943
734.890000 0.000934
734.925000 0.000926
734.960000 0.000918
734.995000 0.000910
735.030000 0.000902
735.065000 0.000895
735.100000 0.000888
735.135000 0.000881
735.170000 0.000874
735.205000 0.000867
735.240000 0.000860
735.275000 0.000854
735.310000 0.000847
735.345000 0.000841
735.380000 0.000835
735.415000 0.000828
735.450000 0.000822
735.485000 0.000816
735.520000 0.000810
735.555000 0.000804
735.590000 0.000798
735.625000 0.000792
735.660000 0.000786
735.695000 0.000780
735.730000 0.000774
735.765000 0.000768
735.800000 0.000762
735.835000 0.000756
735.870000 0.000750
735.905000 0.000744
735.940000 0.000738
735.975000 0.000733
736.010000 0.000727
736.045000 0.000721
736.080000 0.000716
736.115000 0.000710
736.150000 0.000705
736.185000 0.000699
736.220000 0.000694
736.255000 0.000688
736.290000 0.000683
736.325000 0.000678
736.360000 0.000673
736.395000 0.000668
736.430000 0.000663
736.465000 0.000658
736.500000 0.000653
736.535000 0.000648
736.570000 0.000644
736.605000 0.000639
736.640000 0.000634
736.675000 0.000630
736.710000 0.000625
736.745000 0.000621
736.780000 0.000616
736.815000 0.000612
736.850000 0.000608
736.885000 0.000603
736.920000 0.000599
736.955000 0.000595
736.990000 0.000590
737.025000 0.000586
737.060000 0.000582
737.095000 0.000577
737.130000 0.000573
737.165000 0.000569
737.200000 0.000565
737.235000 0.000561
737.270000 0.000557
737.305000 0.000554
737.340000 0.000550
737.375000 0.000546
737.410000 0.000542
737.445000 0.000539
737.480000 0.000535
737.515000 0.000532
737.550000 0.000529
737.585000 0.000525
737.620000 0.000522
737.655000 0.000519
737.690000 0.000516
737.725000 0.000512
737.760000 0.000509
737.795000 0.000506
737.830000 0.000503
737.865000 0.000500
737.900000 0.000497
737.935000 0.000494
737.970000 0.000491
738.005000 0.000488
738.040000 0.000485
738.075000 0.000482
738.110000 0.000480
738.145000 0.000477
738.180000 0.000474
738.215000 0.000471
738.250000 0.000469
738.285000 0.000466
738.320000 0.000463
738.355000 0.000461
738.390000 0.000458
738.425000 0.000456
738.460000 0.000453
738.495000 0.000451
738.530000 0.000448
738.565000 0.000446
738.600000 0.000443
738.635000 0.000441
738.670000 0.000439
738.705000 0.000436
738.740000 0.000434
738.775000 0.000432
738.810000 0.000430
738.845000 0.000428
738.880000 0.000425
738.915000 0.000423
738.950000 0.000421
738.985000 0.000419
739.020000 0.000417
739.055000 0.000415
739.090000 0.000413
739.125000 0.000410
739.160000 0.000408
739.195000 0.000406
739.230000 0.000404
739.265000 0.000402
739.300000 0.000400
739.335000 0.000398
739.370000 0.000396
739.405000 0.000394
739.440000 0.000392
739.475000 0.000390
739.510000 0.000388
739.545000 0.000386
739.580000 0.000384
739.615000 0.000382
739.650000 0.000380
739.685000 0.000378
739.720000 0.000375
739.755000 0.000370
739.790000 0.000363
739.825000 0.000350
739.860000 0.000330
739.895000 0.000299
739.930000 0.000258
739.965000 0.000209

#Sticks
710.180000 0.000405
710.250000 0.054674
710.355000 0.015503
710.915000 0.000012
711.020000 0.000638
711.055000 0.000020
711.090000 0.000000
711.125000 0.003122
711.160000 0.000605
711.195000 0.000023
711.230000 0.001875
711.265000 0.000503
711.335000 0.000582
711.405000 0.000066
711.440000 0.000055
711.475000 0.002169
711.545000 0.001230
711.580000 0.000034
711.650000 0.000143
711.685000 0.000091
711.720000 0.000295
711.755000 0.000095
711.790000 0.001077
711.860000 0.000883
711.930000 0.000446
711.965000 0.000004
712.035000 0.000013
712.105000 0.000009
712.140000 0.000015
712.175000 0.000036
712.245000 0.000227
712.280000 0.001041
712.315000 0.000562
712.350000 0.000225
712.385000 0.000005
712.420000 0.000276
712.455000 0.001610
712.490000 0.000232
712.525000 0.000693
712.560000 0.002826
712.595000 0.017623
712.630000 0.016817
712.665000 0.000350
712.700000 0.016234
712.735000 0.004259
712.770000 0.000078
712.840000 0.011857
712.875000 0.000373
712.910000 0.006298
712.945000 0.003536
712.980000 0.012340
713.015000 0.000163
713.050000 0.003661
713.085000 0.009877
713.155000 0.011286
713.190000 0.000831
713.225000 0.000140
713.260000 0.016877
713.295000 0.001276
713.330000 0.000467
713.400000 0.004826
713.435000 0.000349
713.470000 0.005073
713.505000 0.004979
713.540000 0.027082
713.575000 0.000631
713.610000 0.002873
713.645000 0.009171
713.680000 0.000333
713.750000 0.071005
713.785000 0.000076
713.855000 0.008418
713.925000 0.005267
713.995000 0.011806
714.065000 0.000485
714.100000 0.000046
714.135000 0.018586
714.170000 0.000494
714.240000 0.023249
714.275000 0.003020
714.310000 0.032432
714.345000 0.017051
714.380000 0.000056
714.415000 0.013558
714.450000 0.007256
714.485000 0.011225
714.520000 0.000239
714.555000 0.000767
714.590000 0.004707
714.660000 0.004017
714.695000 0.009477
714.730000 0.000620
714.765000 0.003588
714.800000 0.001390
714.835000 0.009549
714.870000 0.001664
714.905000 0.007808
714.940000 0.003867
714.975000 0.003577
715.010000 0.000346
715.045000 0.013159
715.080000 0.003167
715.115000 0.000346
715.150000 0.009812
715.185000 0.001629
715.220000 0.000402
715.255000 0.002106
715.290000 0.001546
715.325000 0.001155
715.360000 0.000704
715.395000 0.000691
715.430000 0.002091
715.465000 0.006079
715.500000 0.001020
715.535000 0.001789
715.570000 0.000984
715.605000 0.000016
715.640000 0.000174
715.675000 0.000086
715.710000 0.001339
715.745000 0.000635
715.780000 0.001468
715.815000 0.000254
715.850000 0.001044
715.885000 0.002425
715.920000 0.003707
715.955000 0.000270
715.990000 0.000599
716.025000 0.000775
716.060000 0.000073
716.095000 0.000173
716.130000 0.000154
716.165000 0.000743
716.200000 0.001539
716.235000 0.001012
716.270000 0.001218
716.305000 0.000281
716.340000 0.000333
716.375000 0.002436
716.410000 0.000365
716.445000 0.000000
716.480000 0.001098
716.515000 0.000719
716.550000 0.000334
716.585000 0.001487
716.620000 0.001376
716.655000 0.000376
716.690000 0.002511
716.725000 0.002146
716.760000 0.000201
716.795000 0.001674
716.830000 0.003498
716.865000 0.001232
716.900000 0.000804
716.935000 0.000751
716.970000 0.000247
717.005000 0.001362
717.040000 0.000072
717.075000 0.000272
717.110000 0.000768
717.145000 0.000977
717.180000 0.000609
717.215000 0.000244
717.250000 0.001873
717.285000 0.000233
717.320000 0.002550
717.355000 0.000003
717.390000 0.000242
717.425000 0.000004
717.460000 0.000071
717.495000 0.001011
717.530000 0.000105
717.565000 0.000154
717.600000 0.000425
717.635000 0.000071
717.670000 0.000020
717.705000 0.000121
717.740000 0.000461
717.775000 0.000863
717.810000 0.000550
717.845000 0.000464
717.880000 0.000037
717.915000 0.000040
717.950000 0.000104
717.985000 0.000175
718.020000 0.000059
718.055000 0.000113
718.090000 0.000567
718.125000 0.000060
718.160000 0.000117
718.195000 0.000271
718.230000 0.000069
718.265000 0.000123
718.300000 0.000120
718.335000 0.000008
718.370000 0.000036
718.405000 0.000061
718.440000 0.000205
718.475000 0.000304
718.510000 0.000002
718.545000 0.000138
718.580000 0.000100
718.615000 0.000147
718.650000 0.000155
718.685000 0.000138
718.720000 0.000005
718.755000 0.000115
718.790000 0.000131
718.825000 0.000014
718.860000 0.000090
718.895000 0.000039
718.930000 0.000031
718.965000 0.000109
719.000000 0.000017
719.035000 0.000052
719.070000 0.000059
719.105000 0.000129
719.140000 0.000152
719.175000 0.000073
719.210000 0.000333
719.245000 0.000008
719.280000 0.000208
719.315000 0.000480
719.350000 0.000055
719.385000 0.000009
719.420000 0.000199
719.455000 0.000051
719.490000 0.000068
719.525000 0.000061
719.560000 0.000032
719.595000 0.000066
719.630000 0.000012
719.665000 0.000003
719.700000 0.000154
719.735000 0.000001
719.770000 0.000019
719.805000 0.000041
719.840000 0.000001
719.875000 0.000043
719.910000 0.000044
719.945000 0.000045
719.980000 0.000004
720.015000 0.000201
720.050000 0.000014
720.085000 0.000006
720.120000 0.000023
720.155000 0.000006
720.190000 0.000074
720.225000 0.000082
720.260000 0.000001
720.295000 0.000010
720.330000 0.000023
720.365000 0.000012
720.400000 0.000003
720.435000 0.000090
720.470000 0.000045
720.505000 0.000143
720.540000 0.000086
720.575000 0.000005
720.610000 0.000012
720.645000 0.000038
720.680000 0.000138
720.715000 0.000119
720.750000 0.000075
720.785000 0.000026
720.820000 0.000002
720.855000 0.000304
720.890000 0.000061
720.925000 0.000006
720.960000 0.000001
720.995000 0.000082
721.030000 0.000026
721.065000 0.000046
721.100000 0.000000
721.135000 0.000053
721.170000 0.000006
721.205000 0.000062
721.240000 0.000040
721.275000 0.000008
721.310000 0.000036
721.345000 0.000063
721.380000 0.000082
721.415000 0.000022
721.450000 0.000026
721.485000 0.000014
721.555000 0.000058
721.590000 0.000001
721.625000 0.000058
721.660000 0.000014
721.695000 0.000029
721.730000 0.000000
721.765000 0.000018
721.800000 0.000003
721.835000 0.000002
721.870000 0.000035
721.905000 0.000005
721.940000 0.000026
721.975000 0.000013
722.010000 0.000006
722.080000 0.000001
722.150000 0.000018
722.185000 0.000004
722.220000 0.000003
722.255000 0.000005
722.290000 0.000001
722.325000 0.000009
722.360000 0.000001
722.395000 0.000003
722.430000 0.000000
722.465000 0.000046
722.500000 0.000004
722.570000 0.000001
722.605000 0.000001
722.640000 0.000023
722.675000 0.000012
722.710000 0.000075
722.780000 0.000204
722.815000 0.000000
722.850000 0.000011
722.885000 0.002220
722.920000 0.000039
722.955000 0.013166
723.025000 0.000082
723.060000 0.000012
723.095000 0.000109
723.130000 0.000022
723.165000 0.000181
723.200000 0.000003
723.235000 0.000010
723.270000 0.000003
723.305000 0.000001
723.340000 0.000001
723.375000 0.000004
723.410000 0.000008
723.480000 0.000002
723.515000 0.000004
723.585000 0.000129
723.620000 0.000002
723.655000 0.000021
723.690000 0.000027
723.725000 0.000011
723.795000 0.000000
723.865000 0.000034
723.900000 0.000002
723.970000 0.000003
724.040000 0.000075
724.075000 0.000055
724.110000 0.000005
724.180000 0.000871
724.215000 0.000017
724.250000 0.000377
724.285000 0.000256
724.355000 0.001355
724.425000 0.000599
724.460000 0.000080
724.495000 0.000016
724.565000 0.000012
724.600000 0.000069
724.635000 0.000308
724.670000 0.000008
724.705000 0.000241
724.775000 0.000230
724.810000 0.001991
724.845000 0.002208
724.880000 0.002053
724.915000 0.006862
724.985000 0.000025
725.020000 0.001043
725.090000 0.000848
725.160000 0.011613
725.195000 0.000361
725.230000 0.000106
725.265000 0.021191
725.335000 0.027433
725.370000 0.000245
725.405000 0.000957
725.440000 0.005204
725.475000 0.001950
725.545000 0.001943
725.580000 0.004304
725.615000 0.001746
725.650000 0.001110
725.685000 0.000900
725.720000 0.003740
725.755000 0.003931
725.790000 0.004346
725.825000 0.014750
725.860000 0.000527
725.895000 0.036691
725.965000 0.000146
726.000000 0.000267
726.035000 0.028617
726.070000 0.004598
726.105000 0.000202
726.175000 0.018308
726.245000 0.000068
726.315000 0.007206
726.350000 0.008837
726.385000 0.000001
726.420000 0.000270
726.490000 0.003630
726.525000 0.000071
726.595000 0.001281
726.630000 0.007483
726.665000 0.005951
726.735000 0.004105
726.770000 0.000210
726.805000 0.000010
726.840000 0.001554
726.910000 0.000310
726.980000 0.002559
727.015000 0.002290
727.050000 0.000234
727.085000 0.000634
727.120000 0.003133
727.155000 0.000405
727.190000 0.000953
727.225000 0.008806
727.260000 0.000055
727.295000 0.002346
727.330000 0.002727
727.365000 0.000019
727.435000 0.000164
727.505000 0.001115
727.575000 0.000793
727.645000 0.000047
727.680000 0.000028
727.715000 0.001352
727.750000 0.000133
727.820000 0.003611
727.855000 0.000081
727.890000 0.000336
727.925000 0.001770
727.960000 0.000175
728.030000 0.000216
728.065000 0.002156
728.100000 0.001046
728.135000 0.000039
728.170000 0.000005
728.205000 0.002137
728.240000 0.001467
728.275000 0.000145
728.310000 0.001542
728.345000 0.001245
728.380000 0.000047
728.415000 0.000467
728.450000 0.000802
728.485000 0.000276
728.520000 0.000358
728.555000 0.000172
728.590000 0.001852
728.625000 0.000570
728.660000 0.000062
728.695000 0.000570
728.730000 0.000931
728.800000 0.000208
728.835000 0.000505
728.870000 0.000020
728.905000 0.000722
728.940000 0.000022
728.975000 0.000365
729.010000 0.000296
729.045000 0.000826
729.080000 0.000517
729.115000 0.000033
729.150000 0.000158
729.185000 0.000669
729.220000 0.000427
729.255000 0.001685
729.325000 0.000097
729.360000 0.000001
729.395000 0.000012
729.430000 0.000295
729.465000 0.000268
729.500000 0.000485
729.535000 0.000040
729.570000 0.000183
729.605000 0.000182
729.640000 0.000003
729.675000 0.000065
729.710000 0.000081
729.745000 0.000021
729.780000 0.000014
729.815000 0.000004
729.850000 0.000362
729.920000 0.000030
729.955000 0.000137
729.990000 0.000077
730.025000 0.000096
730.095000 0.000024
730.165000 0.000019
730.270000 0.000002
730.305000 0.000002
730.340000 0.000047
730.375000 0.000144
730.410000 0.000046
730.445000 0.000007
730.480000 0.000048
730.550000 0.000064
730.585000 0.000044
730.620000 0.000009
730.655000 0.000157
730.725000 0.000001
730.760000 0.000004
730.830000 0.000046
730.865000 0.000008
730.900000 0.000013
730.935000 0.000043
730.970000 0.000004
731.005000 0.000005
731.040000 0.000031
731.075000 0.000023
731.110000 0.000012
731.145000 0.000006
731.215000 0.000001
731.250000 0.000063
731.285000 0.000008
731.355000 0.000079
731.390000 0.000015
731.425000 0.000004
731.460000 0.000121
731.495000 0.000002
731.530000 0.000011
731.565000 0.000001
731.600000 0.000121
731.635000 0.000048
731.670000 0.000065
731.705000 0.000044
731.740000 0.000040
731.775000 0.000005
731.810000 0.000004
731.845000 0.000057
731.915000 0.000020
731.950000 0.000016
732.020000 0.000036
732.055000 0.000004
732.125000 0.000080
732.160000 0.000036
732.195000 0.000050
732.230000 0.000001
732.265000 0.000004
732.335000 0.000257
732.370000 0.000001
732.405000 0.000018
732.440000 0.000001
732.475000 0.000143
732.510000 0.000006
732.545000 0.000031
732.580000 0.000004
732.615000 0.000041
732.650000 0.000010
732.685000 0.000014
732.755000 0.000000
732.790000 0.000096
732.825000 0.000025
732.895000 0.000020
732.930000 0.000003
732.965000 0.000054
733.000000 0.000028
733.035000 0.000001
733.070000 0.000001
733.175000 0.000027
733.280000 0.000097
733.315000 0.000001
733.350000 0.000001
733.385000 0.000006
733.455000 0.000006
733.665000 0.000001
733.700000 0.000032
733.735000 0.000005
733.805000 0.000046
733.875000 0.000026
733.945000 0.000013
733.980000 0.000000
734.015000 0.000000
734.050000 0.000005
734.085000 0.000020
734.155000 0.000000
734.260000 0.000015
734.365000 0.000002
734.575000 0.000002
734.645000 0.000012
734.750000 0.000003
734.820000 0.000000
734.995000 0.000001
735.030000 0.000000
735.065000 0.000006
735.135000 0.000000
735.240000 0.000011
735.310000 0.000002
735.415000 0.000000
735.450000 0.000011
735.485000 0.000003
735.520000 0.000001
735.555000 0.000000
735.660000 0.000002
735.730000 0.000017
735.800000 0.000000
735.835000 0.000000
735.870000 0.000002
735.940000 0.000003
736.045000 0.000004
736.115000 0.000010
736.185000 0.000000
736.290000 0.000000
736.360000 0.000000
736.430000 0.000002
736.535000 0.000004
736.570000 0.000001
736.710000 0.000001
736.780000 0.000008
736.815000 0.000000
736.885000 0.000002
737.025000 0.000003
737.725000 0.000000
737.795000 0.000003
739.090000 0.000002
739.125000 0.000001
