705.000000 0.000214
705.035000 0.000265
705.070000 0.000308
705.105000 0.000340
705.140000 0.000363
705.175000 0.000377
705.210000 0.000387
705.245000 0.000393
705.280000 0.000398
705.315000 0.000402
705.350000 0.000406
705.385000 0.000410
705.420000 0.000414
705.455000 0.000418
705.490000 0.000422
705.525000 0.000426
705.560000 0.000430
705.595000 0.000435
705.630000 0.000439
705.665000 0.000444
705.700000 0.000448
705.735000 0.000453
705.770000 0.000458
705.805000 0.000463
705.840000 0.000468
705.875000 0.000473
705.910000 0.000478
705.945000 0.000483
705.980000 0.000488
706.015000 0.000494
706.050000 0.000499
706.085000 0.000505
706.120000 0.000510
706.155000 0.000516
706.190000 0.000522
706.225000 0.000528
706.260000 0.000535
706.295000 0.000541
706.330000 0.000547
706.365000 0.000554
706.400000 0.000561
706.435000 0.000568
706.470000 0.000575
706.505000 0.000582
706.540000 0.000589
706.575000 0.000597
706.610000 0.000604
706.645000 0.000612
706.680000 0.000620
706.715000 0.000628
706.750000 0.000637
706.785000 0.000645
706.820000 0.000654
706.855000 0.000663
706.890000 0.000673
706.925000 0.000682
706.960000 0.000692
706.995000 0.000702
707.030000 0.000712
707.065000 0.000722
707.100000 0.000733
707.135000 0.000744
707.170000 0.000756
707.205000 0.000767
707.240000 0.000779
707.275000 0.000792
707.310000 0.000804
707.345000 0.000817
707.380000 0.000831
707.415000 0.000844
707.450000 0.000859
707.485000 0.000873
707.520000 0.000888
707.555000 0.000904
707.590000 0.000920
707.625000 0.000937
707.660000 0.000954
707.695000 0.000972
707.730000 0.000990
707.765000 0.001009
707.800000 0.001028
707.835000 0.001049
707.870000 0.001070
707.905000 0.001092
707.940000 0.001114
707.975000 0.001138
708.010000 0.001162
708.045000 0.001188
708.080000 0.001214
708.115000 0.001242
708.150000 0.001270
708.185000 0.001300
708.220000 0.001331
708.255000 0.001364
708.290000 0.001398
708.325000 0.001433
708.360000 0.001471
708.395000 0.001510
708.430000 0.001551
708.465000 0.001594
708.500000 0.001639
708.535000 0.001687
708.570000 0.001737
708.605000 0.001790
708.640000 0.001846
708.675000 0.001905
708.710000 0.001968
708.745000 0.002034
708.780000 0.002105
708.815000 0.002181
708.850000 0.002261
708.885000 0.002347
708.920000 0.002438
708.955000 0.002537
708.990000 0.002642
709.025000 0.002756
709.060000 0.002878
709.095000 0.003011
709.130000 0.003154
709.165000 0.003310
709.200000 0.003480
709.235000 0.003666
709.270000 0.003870
709.305000 0.004094
709.340000 0.004341
709.375000 0.004614
709.410000 0.004918
709.445000 0.005256
709.480000 0.005636
709.515000 0.006063
709.550000 0.006545
709.585000 0.007092
709.620000 0.007717
709.655000 0.008433
709.690000 0.009256
709.725000 0.010209
709.760000 0.011314
709.795000 0.012601
709.830000 0.014099
709.865000 0.015842
709.900000 0.017860
709.935000 0.020178
709.970000 0.022803
710.005000 0.025716
710.040000 0.028860
710.075000 0.032127
710.110000 0.035358
710.145000 0.038349
710.180000 0.040870
710.215000 0.042701
710.250000 0.043668
710.285000 0.043677
710.320000 0.042736
710.355000 0.040949
710.390000 0.038497
710.425000 0.035605
710.460000 0.032498
710.495000 0.029376
710.530000 0.026395
710.565000 0.023655
710.600000 0.021214
710.635000 0.019090
710.670000 0.017276
710.705000 0.015750
710.740000 0.014484
710.775000 0.013448
710.810000 0.012614
710.845000 0.011955
710.880000 0.011447
710.915000 0.011070
710.950000 0.010802
710.985000 0.010625
711.020000 0.010519
711.055000 0.010465
711.090000 0.010448
711.125000 0.010450
711.160000 0.010459
711.195000 0.010467
711.230000 0.010469
711.265000 0.010461
711.300000 0.010444
711.335000 0.010421
711.370000 0.010392
711.405000 0.010357
711.440000 0.010315
711.475000 0.010267
711.510000 0.010211
711.545000 0.010150
711.580000 0.010087
711.615000 0.010030
711.650000 0.009984
711.685000 0.009955
711.720000 0.009949
711.755000 0.009970
711.790000 0.010022
711.825000 0.010109
711.860000 0.010236
711.895000 0.010410
711.930000 0.010638
711.965000 0.010932
712.000000 0.011302
712.035000 0.011760
712.070000 0.012318
712.105000 0.012989
712.140000 0.013784
712.175000 0.014718
712.210000 0.015801
712.245000 0.017046
712.280000 0.018462
712.315000 0.020054
712.350000 0.021818
712.385000 0.023743
712.420000 0.025799
712.455000 0.027941
712.490000 0.030109
712.525000 0.032227
712.560000 0.034217
712.595000 0.036004
712.630000 0.037531
712.665000 0.038768
712.700000 0.039715
712.735000 0.040403
712.770000 0.040887
712.805000 0.041236
712.840000 0.041522
712.875000 0.041804
712.910000 0.042125
712.945000 0.042508
712.980000 0.042956
713.015000 0.043456
713.050000 0.043994
713.085000 0.044559
713.120000 0.045158
713.155000 0.045818
713.190000 0.046587
713.225000 0.047533
713.260000 0.048733
713.295000 0.050258
713.330000 0.052164
713.365000 0.054479
713.400000 0.057199
713.435000 0.060282
713.470000 0.063653
713.505000 0.067201
713.540000 0.070790
713.575000 0.074262
713.610000 0.077443
713.645000 0.080159
713.680000 0.082257
713.715000 0.083627
713.750000 0.084229
713.785000 0.084110
713.820000 0.083400
713.855000 0.082299
713.890000 0.081046
713.925000 0.079875
713.960000 0.078985
713.995000 0.078504
714.030000 0.078481
714.065000 0.078880
714.100000 0.079588
714.135000 0.080432
714.170000 0.081207
714.205000 0.081695
714.240000 0.081704
714.275000 0.081088
714.310000 0.079774
714.345000 0.077769
714.380000 0.075157
714.415000 0.072088
714.450000 0.068748
714.485000 0.065333
714.520000 0.062025
714.555000 0.058968
714.590000 0.056260
714.625000 0.053953
714.660000 0.052058
714.695000 0.050548
714.730000 0.049372
714.765000 0.048460
714.800000 0.047733
714.835000 0.047106
714.870000 0.046496
714.905000 0.045827
714.940000 0.045036
714.975000 0.044072
715.010000 0.042906
715.045000 0.041528
715.080000 0.039950
715.115000 0.038206
715.150000 0.036346
715.185000 0.034427
715.220000 0.032513
715.255000 0.030657
715.290000 0.028903
715.325000 0.027275
715.360000 0.025784
715.395000 0.024424
715.430000 0.023181
715.465000 0.022036
715.500000 0.020973
715.535000 0.019980
715.570000 0.019053
715.605000 0.018190
715.640000 0.017398
715.675000 0.016678
715.710000 0.016034
715.745000 0.015461
715.780000 0.014954
715.815000 0.014501
715.850000 0.014092
715.885000 0.013715
715.920000 0.013364
715.955000 0.013034
715.990000 0.012728
716.025000 0.012447
716.060000 0.012198
716.095000 0.011981
716.130000 0.011799
716.165000 0.011648
716.200000 0.011522
716.235000 0.011415
716.270000 0.011321
716.305000 0.011233
716.340000 0.011150
716.375000 0.011071
716.410000 0.010996
716.445000 0.010929
716.480000 0.010870
716.515000 0.010820
716.550000 0.010777
716.585000 0.010736
716.620000 0.010692
716.655000 0.010638
716.690000 0.010569
716.725000 0.010480
716.760000 0.010367
716.795000 0.010230
716.830000 0.010071
716.865000 0.009894
716.900000 0.009704
716.935000 0.009509
716.970000 0.009317
717.005000 0.009133
717.040000 0.008962
717.075000 0.008804
717.110000 0.008656
717.145000 0.008513
717.180000 0.008366
717.215000 0.008207
717.250000 0.008028
717.285000 0.007825
717.320000 0.007599
717.355000 0.007352
717.390000 0.007092
717.425000 0.006829
717.460000 0.006571
717.495000 0.006326
717.530000 0.006099
717.565000 0.005892
717.600000 0.005706
717.635000 0.005537
717.670000 0.005381
717.705000 0.005236
717.740000 0.005095
717.775000 0.004957
717.810000 0.004819
717.845000 0.004680
717.880000 0.004541
717.915000 0.004403
717.950000 0.004267
717.985000 0.004135
718.020000 0.004006
718.055000 0.003882
718.090000 0.003761
718.125000 0.003645
718.160000 0.003532
718.195000 0.003424
718.230000 0.003322
718.265000 0.003227
718.300000 0.003139
718.335000 0.003059
718.370000 0.002987
718.405000 0.002921
718.440000 0.002860
718.475000 0.002804
718.510000 0.002751
718.545000 0.002700
718.580000 0.002651
718.615000 0.002603
718.650000 0.002558
718.685000 0.002515
718.720000 0.002475
718.755000 0.002438
718.790000 0.002406
718.825000 0.002380
718.860000 0.002359
718.895000 0.002346
718.930000 0.002339
718.965000 0.002340
719.000000 0.002348
719.035000 0.002361
719.070000 0.002378
719.105000 0.002397
719.140000 0.002415
719.175000 0.002429
719.210000 0.002436
719.245000 0.002435
719.280000 0.002424
719.315000 0.002403
719.350000 0.002371
719.385000 0.002331
719.420000 0.002285
719.455000 0.002235
719.490000 0.002183
719.525000 0.002132
719.560000 0.002083
719.595000 0.002036
719.630000 0.001993
719.665000 0.001953
719.700000 0.001916
719.735000 0.001881
719.770000 0.001849
719.805000 0.001818
719.840000 0.001790
719.875000 0.001764
719.910000 0.001739
719.945000 0.001717
719.980000 0.001696
720.015000 0.001678
720.050000 0.001661
720.085000 0.001647
720.120000 0.001636
720.155000 0.001626
720.190000 0.001619
720.225000 0.001614
720.260000 0.001611
720.295000 0.001610
720.330000 0.001610
720.365000 0.001611
720.400000 0.001613
720.435000 0.001616
720.470000 0.001619
720.505000 0.001623
720.540000 0.001627
720.575000 0.001631
720.610000 0.001635
720.645000 0.001638
720.680000 0.001642
720.715000 0.001645
720.750000 0.001648
720.785000 0.001651
720.820000 0.001654
720.855000 0.001657
720.890000 0.001660
720.925000 0.001662
720.960000 0.001665
720.995000 0.001668
721.030000 0.001671
721.065000 0.001675
721.100000 0.001678
721.135000 0.001682
721.170000 0.001687
721.205000 0.001692
721.240000 0.001698
721.275000 0.001704
721.310000 0.001710
721.345000 0.001717
721.380000 0.001725
721.415000 0.001734
721.450000 0.001743
721.485000 0.001754
721.520000 0.001765
721.555000 0.001778
721.590000 0.001792
721.625000 0.001807
721.660000 0.001823
721.695000 0.001841
721.730000 0.001861
721.765000 0.001883
721.800000 0.001906
721.835000 0.001932
721.870000 0.001959
721.905000 0.001989
721.940000 0.002022
721.975000 0.002057
722.010000 0.002095
722.045000 0.002136
722.080000 0.002181
722.115000 0.002229
722.150000 0.002281
722.185000 0.002337
722.220000 0.002397
722.255000 0.002462
722.290000 0.002532
722.325000 0.002608
722.360000 0.002688
722.395000 0.002774
722.430000 0.002866
722.465000 0.002964
722.500000 0.003068
722.535000 0.003177
722.570000 0.003290
722.605000 0.003408
722.640000 0.003529
722.675000 0.003651
722.710000 0.003772
722.745000 0.003892
722.780000 0.004007
722.815000 0.004115
722.850000 0.004213
722.885000 0.004301
722.920000 0.004375
722.955000 0.004435
722.990000 0.004481
723.025000 0.004512
723.060000 0.004531
723.095000 0.004537
723.130000 0.004535
723.165000 0.004525
723.200000 0.004511
723.235000 0.004495
723.270000 0.004480
723.305000 0.004468
723.340000 0.004460
723.375000 0.004458
723.410000 0.004464
723.445000 0.004479
723.480000 0.004502
723.515000 0.004535
723.550000 0.004578
723.585000 0.004631
723.620000 0.004695
723.655000 0.004770
723.690000 0.004856
723.725000 0.004953
723.760000 0.005061
723.795000 0.005181
723.830000 0.005313
723.865000 0.005456
723.900000 0.005612
723.935000 0.005781
723.970000 0.005962
724.005000 0.006156
724.040000 0.006364
724.075000 0.006584
724.110000 0.006818
724.145000 0.007066
724.180000 0.007327
724.215000 0.007604
724.250000 0.007896
724.285000 0.008205
724.320000 0.008531
724.355000 0.008878
724.390000 0.009245
724.425000 0.009637
724.460000 0.010055
724.495000 0.010501
724.530000 0.010980
724.565000 0.011494
724.600000 0.012045
724.635000 0.012637
724.670000 0.013271
724.705000 0.013950
724.740000 0.014676
724.775000 0.015450
724.810000 0.016271
724.845000 0.017140
724.880000 0.018055
724.915000 0.019014
724.950000 0.020011
724.985000 0.021042
725.020000 0.022100
725.055000 0.023175
725.090000 0.024258
725.125000 0.025337
725.160000 0.026402
725.195000 0.027443
725.230000 0.028449
725.265000 0.029414
725.300000 0.030333
725.335000 0.031205
725.370000 0.032034
725.405000 0.032822
725.440000 0.033578
725.475000 0.034310
725.510000 0.035025
725.545000 0.035729
725.580000 0.036426
725.615000 0.037116
725.650000 0.037794
725.685000 0.038451
725.720000 0.039072
725.755000 0.039642
725.790000 0.040140
725.825000 0.040545
725.860000 0.040838
725.895000 0.041000
725.930000 0.041017
725.965000 0.040879
726.000000 0.040581
726.035000 0.040127
726.070000 0.039522
726.105000 0.038781
726.140000 0.037921
726.175000 0.036963
726.210000 0.035928
726.245000 0.034841
726.280000 0.033723
726.315000 0.032595
726.350000 0.031475
726.385000 0.030376
726.420000 0.029311
726.455000 0.028286
726.490000 0.027308
726.525000 0.026377
726.560000 0.025494
726.595000 0.024659
726.630000 0.023869
726.665000 0.023122
726.700000 0.022417
726.735000 0.021752
726.770000 0.021124
726.805000 0.020533
726.840000 0.019977
726.875000 0.019454
726.910000 0.018962
726.945000 0.018498
726.980000 0.018059
727.015000 0.017641
727.050000 0.017240
727.085000 0.016852
727.120000 0.016473
727.155000 0.016101
727.190000 0.015733
727.225000 0.015368
727.260000 0.015004
727.295000 0.014641
727.330000 0.014282
727.365000 0.013926
727.400000 0.013577
727.435000 0.013237
727.470000 0.012908
727.505000 0.012592
727.540000 0.012291
727.575000 0.012008
727.610000 0.011741
727.645000 0.011494
727.680000 0.011264
727.715000 0.011051
727.750000 0.010855
727.785000 0.010673
727.820000 0.010505
727.855000 0.010348
727.890000 0.010201
727.925000 0.010061
727.960000 0.009926
727.995000 0.009794
728.030000 0.009665
728.065000 0.009535
728.100000 0.009403
728.135000 0.009269
728.170000 0.009132
728.205000 0.008989
728.240000 0.008842
728.275000 0.008690
728.310000 0.008533
728.345000 0.008372
728.380000 0.008206
728.415000 0.008036
728.450000 0.007864
728.485000 0.007689
728.520000 0.007512
728.555000 0.007335
728.590000 0.007158
728.625000 0.006981
728.660000 0.006806
728.695000 0.006632
728.730000 0.006462
728.765000 0.006295
728.800000 0.006131
728.835000 0.005972
728.870000 0.005817
728.905000 0.005666
728.940000 0.005520
728.975000 0.005378
729.010000 0.005239
729.045000 0.005105
729.080000 0.004974
729.115000 0.004845
729.150000 0.004720
729.185000 0.004597
729.220000 0.004476
729.255000 0.004356
729.290000 0.004238
729.325000 0.004122
729.360000 0.004007
729.395000 0.003894
729.430000 0.003782
729.465000 0.003671
729.500000 0.003562
729.535000 0.003455
729.570000 0.003349
729.605000 0.003246
729.640000 0.003145
729.675000 0.003047
729.710000 0.002952
729.745000 0.002860
729.780000 0.002771
729.815000 0.002686
729.850000 0.002604
729.885000 0.002526
729.920000 0.002452
729.955000 0.002382
729.990000 0.002315
730.025000 0.002251
730.060000 0.002191
730.095000 0.002134
730.130000 0.002080
730.165000 0.002029
730.200000 0.001981
730.235000 0.001936
730.270000 0.001893
730.305000 0.001852
730.340000 0.001813
730.375000 0.001776
730.410000 0.001741
730.445000 0.001707
730.480000 0.001674
730.515000 0.001642
730.550000 0.001611
730.585000 0.001581
730.620000 0.001551
730.655000 0.001523
730.690000 0.001495
730.725000 0.001468
730.760000 0.001441
730.795000 0.001415
730.830000 0.001390
730.865000 0.001366
730.900000 0.001343
730.935000 0.001321
730.970000 0.001300
731.005000 0.001280
731.040000 0.001261
731.075000 0.001244
731.110000 0.001227
731.145000 0.001212
731.180000 0.001198
731.215000 0.001185
731.250000 0.001173
731.285000 0.001161
731.320000 0.001151
731.355000 0.001141
731.390000 0.001132
731.425000 0.001123
731.460000 0.001114
731.495000 0.001106
731.530000 0.001097
731.565000 0.001089
731.600000 0.001080
731.635000 0.001071
731.670000 0.001062
731.705000 0.001053
731.740000 0.001044
731.775000 0.001035
731.810000 0.001026
731.845000 0.001017
731.880000 0.001009
731.915000 0.001000
731.950000 0.000992
731.985000 0.000984
732.020000 0.000976
732.055000 0.000968
732.090000 0.000960
732.125000 0.000952
732.160000 0.000944
732.195000 0.000936
732.230000 0.000927
732.265000 0.000918
732.300000 0.000908
732.335000 0.000897
732.370000 0.000886
732.405000 0.000874
732.440000 0.000861
732.475000 0.000847
732.510000 0.000834
732.545000 0.000819
732.580000 0.000805
732.615000 0.000791
732.650000 0.000776
732.685000 0.000762
732.720000 0.000748
732.755000 0.000734
732.790000 0.000721
732.825000 0.000708
732.860000 0.000696
732.895000 0.000684
732.930000 0.000673
732.965000 0.000662
733.000000 0.000652
733.035000 0.000642
733.070000 0.000632
733.105000 0.000622
733.140000 0.000613
733.175000 0.000604
733.210000 0.000595
733.245000 0.000586
733.280000 0.000578
733.315000 0.000569
733.350000 0.000560
733.385000 0.000552
733.420000 0.000544
733.455000 0.000535
733.490000 0.000527
733.525000 0.000519
733.560000 0.000512
733.595000 0.000504
733.630000 0.000497
733.665000 0.000490
733.700000 0.000483
733.735000 0.000476
733.770000 0.000470
733.805000 0.000464
733.840000 0.000458
733.875000 0.000452
733.910000 0.000446
733.945000 0.000441
733.980000 0.000435
734.015000 0.000430
734.050000 0.000425
734.085000 0.000419
734.120000 0.000414
734.155000 0.000410
734.190000 0.000405
734.225000 0.000400
734.260000 0.000396
734.295000 0.000391
734.330000 0.000387
734.365000 0.000383
734.400000 0.000379
734.435000 0.000375
734.470000 0.000371
734.505000 0.000367
734.540000 0.000363
734.575000 0.000360
734.610000 0.000356
734.645000 0.000353
734.680000 0.000350
734.715000 0.000346
734.750000 0.000343
734.785000 0.000340
734.820000 0.000337
734.855000 0.000334
734.890000 0.000331
734.925000 0.000328
734.960000 0.000326
734.995000 0.000323
735.030000 0.000320
735.065000 0.000318
735.100000 0.000315
735.135000 0.000312
735.170000 0.000310
735.205000 0.000307
735.240000 0.000305
735.275000 0.000303
735.310000 0.000300
735.345000 0.000298
735.380000 0.000295
735.415000 0.000293
735.450000 0.000291
735.485000 0.000288
735.520000 0.000286
735.555000 0.000284
735.590000 0.000282
735.625000 0.000279
735.660000 0.000277
735.695000 0.000275
735.730000 0.000273
735.765000 0.000271
735.800000 0.000269
735.835000 0.000267
735.870000 0.000265
735.905000 0.000263
735.940000 0.000261
735.975000 0.000259
736.010000 0.000257
736.045000 0.000255
736.080000 0.000253
736.115000 0.000251
736.150000 0.000249
736.185000 0.000247
736.220000 0.000246
736.255000 0.000244
736.290000 0.000242
736.325000 0.000240
736.360000 0.000238
736.395000 0.000237
736.430000 0.000235
736.465000 0.000233
736.500000 0.000231
736.535000 0.000230
736.570000 0.000228
736.605000 0.000227
736.640000 0.000225
736.675000 0.000223
736.710000 0.000222
736.745000 0.000220
736.780000 0.000219
736.815000 0.000217
736.850000 0.000216
736.885000 0.000214
736.920000 0.000213
736.955000 0.000211
736.990000 0.000210
737.025000 0.000209
737.060000 0.000207
737.095000 0.000206
737.130000 0.000204
737.165000 0.000203
737.200000 0.000202
737.235000 0.000200
737.270000 0.000199
737.305000 0.000198
737.340000 0.000196
737.375000 0.000195
737.410000 0.000194
737.445000 0.000193
737.480000 0.000191
737.515000 0.000190
737.550000 0.000189
737.585000 0.000188
737.620000 0.000187
737.655000 0.000186
737.690000 0.000185
737.725000 0.000183
737.760000 0.000182
737.795000 0.000181
737.830000 0.000180
737.865000 0.000179
737.900000 0.000178
737.935000 0.000177
737.970000 0.000176
738.005000 0.000175
738.040000 0.000174
738.075000 0.000173
738.110000 0.000172
738.145000 0.000171
738.180000 0.000170
738.215000 0.000169
738.250000 0.000168
738.285000 0.000167
738.320000 0.000166
738.355000 0.000165
738.390000 0.000164
738.425000 0.000163
738.460000 0.000162
738.495000 0.000161
738.530000 0.000160
738.565000 0.000159
738.600000 0.000159
738.635000 0.000158
738.670000 0.000157
738.705000 0.000156
738.740000 0.000155
738.775000 0.000154
738.810000 0.000154
738.845000 0.000153
738.880000 0.000152
738.915000 0.000151
738.950000 0.000151
738.985000 0.000150
739.020000 0.000149
739.055000 0.000148
739.090000 0.000148
739.125000 0.000147
739.160000 0.000146
739.195000 0.000145
739.230000 0.000145
739.265000 0.000144
739.300000 0.000143
739.335000 0.000142
739.370000 0.000142
739.405000 0.000141
739.440000 0.000140
739.475000 0.000139
739.510000 0.000139
739.545000 0.000138
739.580000 0.000137
739.615000 0.000137
739.650000 0.000136
739.685000 0.000135
739.720000 0.000134
739.755000 0.000133
739.790000 0.000130
739.825000 0.000125
739.860000 0.000118
739.895000 0.000107
739.930000 0.000092
739.965000 0.000075

#Sticks
710.250000 0.034789
710.355000 0.002564
711.020000 0.000207
711.125000 0.001098
711.160000 0.000023
711.230000 0.001185
711.265000 0.000177
711.335000 0.000075
711.405000 0.000001
711.475000 0.001323
711.545000 0.000728
711.580000 0.000004
711.720000 0.000051
711.790000 0.000697
711.860000 0.000157
711.930000 0.000134
712.035000 0.000009
712.140000 0.000008
712.245000 0.000040
712.280000 0.000293
712.315000 0.000163
712.350000 0.000064
712.420000 0.000175
712.455000 0.001052
712.490000 0.000005
712.560000 0.000268
712.595000 0.006156
712.630000 0.003069
712.700000 0.008168
712.735000 0.001220
712.840000 0.003127
712.910000 0.000580
712.945000 0.000011
712.980000 0.003315
713.050000 0.002343
713.085000 0.002219
713.155000 0.006964
713.260000 0.001241
713.295000 0.000106
713.330000 0.000221
713.400000 0.001254
713.470000 0.001542
713.505000 0.003201
713.540000 0.008302
713.610000 0.000003
713.645000 0.004991
713.750000 0.037593
713.855000 0.001277
713.925000 0.003047
713.995000 0.001805
714.065000 0.000064
714.100000 0.000034
714.135000 0.011982
714.240000 0.012202
714.275000 0.000144
714.310000 0.020472
714.345000 0.001428
714.415000 0.005720
714.450000 0.000778
714.485000 0.001137
714.555000 0.000514
714.590000 0.001426
714.660000 0.000444
714.695000 0.002911
714.765000 0.000340
714.800000 0.000133
714.835000 0.004427
714.870000 0.000002
714.905000 0.004931
714.940000 0.002169
714.975000 0.001185
715.045000 0.008407
715.080000 0.000408
715.115000 0.000083
715.150000 0.003545
715.185000 0.000255
715.255000 0.000152
715.290000 0.000463
715.325000 0.000450
715.360000 0.000252
715.395000 0.000170
715.430000 0.000492
715.465000 0.001751
715.500000 0.000368
715.535000 0.001164
715.570000 0.000187
715.640000 0.000006
715.675000 0.000005
715.710000 0.000190
715.745000 0.000416
715.780000 0.000285
715.850000 0.000047
715.885000 0.000951
715.920000 0.001123
715.990000 0.000198
716.025000 0.000124
716.095000 0.000107
716.130000 0.000001
716.165000 0.000210
716.200000 0.000964
716.235000 0.000052
716.270000 0.000415
716.305000 0.000176
716.340000 0.000086
716.375000 0.001177
716.410000 0.000046
716.480000 0.000083
716.515000 0.000090
716.550000 0.000037
716.585000 0.000887
716.620000 0.000214
716.655000 0.000023
716.690000 0.001245
716.725000 0.000091
716.760000 0.000095
716.795000 0.000118
716.830000 0.001074
716.865000 0.000626
716.900000 0.000099
716.935000 0.000061
716.970000 0.000139
717.005000 0.000472
717.040000 0.000016
717.075000 0.000147
717.110000 0.000209
717.145000 0.000050
717.180000 0.000359
717.215000 0.000036
717.250000 0.001019
717.285000 0.000112
717.320000 0.000977
717.390000 0.000072
717.425000 0.000003
717.460000 0.000013
717.495000 0.000206
717.530000 0.000063
717.565000 0.000038
717.600000 0.000274
717.635000 0.000024
717.705000 0.000029
717.740000 0.000266
717.775000 0.000285
717.810000 0.000270
717.845000 0.000113
717.880000 0.000004
717.950000 0.000064
717.985000 0.000085
718.020000 0.000002
718.055000 0.000012
718.090000 0.000365
718.125000 0.000005
718.160000 0.000039
718.195000 0.000085
718.230000 0.000008
718.265000 0.000023
718.300000 0.000046
718.335000 0.000002
718.370000 0.000016
718.405000 0.000006
718.440000 0.000065
718.475000 0.000142
718.545000 0.000071
718.580000 0.000012
718.615000 0.000013
718.650000 0.000055
718.685000 0.000073
718.755000 0.000040
718.790000 0.000043
718.825000 0.000007
718.860000 0.000007
718.895000 0.000016
718.930000 0.000009
718.965000 0.000030
719.000000 0.000012
719.035000 0.000003
719.070000 0.000016
719.105000 0.000041
719.140000 0.000070
719.175000 0.000007
719.210000 0.000192
719.280000 0.000092
719.315000 0.000274
719.350000 0.000015
719.420000 0.000062
719.455000 0.000017
719.490000 0.000010
719.525000 0.000019
719.560000 0.000001
719.595000 0.000037
719.630000 0.000001
719.665000 0.000001
719.700000 0.000098
719.770000 0.000006
719.805000 0.000011
719.875000 0.000028
719.910000 0.000011
719.945000 0.000028
719.980000 0.000001
720.015000 0.000046
720.050000 0.000004
720.085000 0.000004
720.120000 0.000003
720.190000 0.000019
720.225000 0.000051
720.295000 0.000003
720.330000 0.000007
720.365000 0.000003
720.435000 0.000050
720.470000 0.000005
720.505000 0.000093
720.540000 0.000027
720.610000 0.000006
720.645000 0.000009
720.680000 0.000046
720.715000 0.000076
720.750000 0.000019
720.855000 0.000067
720.890000 0.000019
720.995000 0.000051
721.030000 0.000005
721.065000 0.000012
721.135000 0.000033
721.170000 0.000001
721.205000 0.000037
721.240000 0.000013
721.310000 0.000018
721.345000 0.000014
721.380000 0.000045
721.415000 0.000003
721.450000 0.000016
721.485000 0.000004
721.555000 0.000013
721.625000 0.000019
721.695000 0.000020
721.765000 0.000006
721.800000 0.000001
721.870000 0.000013
721.940000 0.000008
721.975000 0.000009
722.010000 0.000002
722.150000 0.000008
722.290000 0.000001
722.325000 0.000005
722.395000 0.000002
722.465000 0.000015
722.500000 0.000002
722.640000 0.000004
722.675000 0.000008
722.710000 0.000003
722.780000 0.000054
722.920000 0.000008
722.955000 0.003248
723.025000 0.000020
723.095000 0.000011
723.130000 0.000011
723.165000 0.000039
723.235000 0.000003
723.270000 0.000001
723.410000 0.000005
723.585000 0.000051
723.655000 0.000006
723.690000 0.000009
723.725000 0.000004
723.865000 0.000022
724.040000 0.000019
724.180000 0.000250
724.250000 0.000149
724.285000 0.000057
724.355000 0.000644
724.425000 0.000144
724.460000 0.000023
724.565000 0.000008
724.600000 0.000002
724.670000 0.000006
724.705000 0.000060
724.775000 0.000020
724.845000 0.000313
724.880000 0.000235
724.915000 0.000814
724.985000 0.000018
725.020000 0.000122
725.160000 0.003880
725.265000 0.002130
725.335000 0.015465
725.440000 0.002441
725.475000 0.000532
725.545000 0.000466
725.580000 0.000503
725.615000 0.000094
725.650000 0.000673
725.720000 0.001241
725.755000 0.000670
725.790000 0.002743
725.825000 0.003781
725.860000 0.000035
725.895000 0.016383
726.035000 0.018548
726.070000 0.001077
726.175000 0.006828
726.315000 0.000510
726.350000 0.001104
726.420000 0.000012
726.490000 0.000540
726.630000 0.004842
726.665000 0.001529
726.735000 0.000391
726.840000 0.000238
726.910000 0.000032
726.980000 0.000758
727.015000 0.001465
727.085000 0.000406
727.120000 0.000857
727.155000 0.000138
727.190000 0.000290
727.225000 0.003020
727.295000 0.000228
727.330000 0.001751
727.365000 0.000024
727.505000 0.000364
727.575000 0.000517
727.715000 0.000459
727.750000 0.000019
727.820000 0.001143
727.890000 0.000073
727.925000 0.000510
728.065000 0.001402
728.100000 0.000321
728.205000 0.000692
728.240000 0.000877
728.275000 0.000006
728.310000 0.000463
728.345000 0.000813
728.415000 0.000118
728.450000 0.000197
728.485000 0.000125
728.520000 0.000073
728.555000 0.000002
728.590000 0.001169
728.625000 0.000023
728.695000 0.000304
728.730000 0.000050
728.800000 0.000060
728.835000 0.000322
728.905000 0.000140
728.975000 0.000237
729.010000 0.000107
729.045000 0.000240
729.080000 0.000151
729.150000 0.000012
729.185000 0.000031
729.220000 0.000255
729.255000 0.000483
729.325000 0.000005
729.430000 0.000070
729.465000 0.000092
729.500000 0.000309
729.535000 0.000010
729.570000 0.000061
729.605000 0.000118
729.675000 0.000002
729.710000 0.000054
729.745000 0.000006
729.850000 0.000017
729.920000 0.000020
729.955000 0.000009
729.990000 0.000019
730.025000 0.000063
730.165000 0.000001
730.340000 0.000006
730.375000 0.000093
730.410000 0.000002
730.445000 0.000001
730.480000 0.000001
730.550000 0.000040
730.585000 0.000010
730.620000 0.000001
730.655000 0.000102
730.830000 0.000026
730.900000 0.000003
730.935000 0.000009
731.040000 0.000001
731.075000 0.000015
731.110000 0.000001
731.250000 0.000010
731.285000 0.000003
731.355000 0.000006
731.390000 0.000002
731.425000 0.000001
731.460000 0.000071
731.530000 0.000001
731.600000 0.000077
731.635000 0.000008
731.670000 0.000004
731.705000 0.000023
731.740000 0.000038
731.810000 0.000001
731.845000 0.000037
731.915000 0.000004
731.950000 0.000009
732.020000 0.000009
732.125000 0.000051
732.160000 0.000012
732.195000 0.000008
732.335000 0.000166
732.405000 0.000007
732.475000 0.000067
732.510000 0.000002
732.545000 0.000010
732.615000 0.000011
732.650000 0.000001
732.685000 0.000002
732.790000 0.000005
732.825000 0.000008
732.895000 0.000011
732.965000 0.000009
733.000000 0.000003
733.175000 0.000002
733.280000 0.000063
733.455000 0.000001
733.700000 0.000003
733.735000 0.000002
733.805000 0.000007
733.875000 0.000003
733.945000 0.000003
734.050000 0.000003
734.085000 0.000005
734.260000 0.000002
734.575000 0.000001
734.645000 0.000006
734.750000 0.000001
735.065000 0.000004
735.240000 0.000004
735.310000 0.000001
735.450000 0.000002
735.485000 0.000002
735.660000 0.000001
735.730000 0.000002
735.940000 0.000002
736.115000 0.000005
736.535000 0.000002
736.780000 0.000002
737.025000 0.000002
737.795000 0.000002
739.125000 0.000001
