705.000000 0.000539
705.035000 0.000666
705.070000 0.000773
705.105000 0.000855
705.140000 0.000911
705.175000 0.000947
705.210000 0.000970
705.245000 0.000985
705.280000 0.000997
705.315000 0.001007
705.350000 0.001016
705.385000 0.001026
705.420000 0.001035
705.455000 0.001045
705.490000 0.001055
705.525000 0.001065
705.560000 0.001075
705.595000 0.001085
705.630000 0.001096
705.665000 0.001107
705.700000 0.001117
705.735000 0.001129
705.770000 0.001140
705.805000 0.001151
705.840000 0.001163
705.875000 0.001175
705.910000 0.001187
705.945000 0.001199
705.980000 0.001211
706.015000 0.001224
706.050000 0.001237
706.085000 0.001250
706.120000 0.001264
706.155000 0.001277
706.190000 0.001291
706.225000 0.001305
706.260000 0.001320
706.295000 0.001335
706.330000 0.001350
706.365000 0.001365
706.400000 0.001381
706.435000 0.001396
706.470000 0.001413
706.505000 0.001429
706.540000 0.001446
706.575000 0.001464
706.610000 0.001481
706.645000 0.001499
706.680000 0.001518
706.715000 0.001537
706.750000 0.001556
706.785000 0.001576
706.820000 0.001596
706.855000 0.001616
706.890000 0.001637
706.925000 0.001659
706.960000 0.001681
706.995000 0.001703
707.030000 0.001727
707.065000 0.001750
707.100000 0.001775
707.135000 0.001800
707.170000 0.001825
707.205000 0.001851
707.240000 0.001878
707.275000 0.001906
707.310000 0.001934
707.345000 0.001963
707.380000 0.001993
707.415000 0.002024
707.450000 0.002055
707.485000 0.002088
707.520000 0.002121
707.555000 0.002156
707.590000 0.002191
707.625000 0.002228
707.660000 0.002265
707.695000 0.002304
707.730000 0.002344
707.765000 0.002385
707.800000 0.002428
707.835000 0.002472
707.870000 0.002518
707.905000 0.002565
707.940000 0.002614
707.975000 0.002665
708.010000 0.002717
708.045000 0.002772
708.080000 0.002828
708.115000 0.002887
708.150000 0.002948
708.185000 0.003012
708.220000 0.003078
708.255000 0.003146
708.290000 0.003218
708.325000 0.003293
708.360000 0.003371
708.395000 0.003453
708.430000 0.003539
708.465000 0.003628
708.500000 0.003722
708.535000 0.003821
708.570000 0.003925
708.605000 0.004034
708.640000 0.004149
708.675000 0.004270
708.710000 0.004399
708.745000 0.004534
708.780000 0.004678
708.815000 0.004830
708.850000 0.004992
708.885000 0.005165
708.920000 0.005349
708.955000 0.005546
708.990000 0.005756
709.025000 0.005982
709.060000 0.006225
709.095000 0.006487
709.130000 0.006770
709.165000 0.007077
709.200000 0.007410
709.235000 0.007773
709.270000 0.008169
709.305000 0.008603
709.340000 0.009081
709.375000 0.009608
709.410000 0.010192
709.445000 0.010841
709.480000 0.011565
709.515000 0.012378
709.550000 0.013293
709.585000 0.014329
709.620000 0.015508
709.655000 0.016854
709.690000 0.018399
709.725000 0.020181
709.760000 0.022245
709.795000 0.024641
709.830000 0.027427
709.865000 0.030665
709.900000 0.034415
709.935000 0.038727
709.970000 0.043622
710.005000 0.049079
710.040000 0.055009
710.075000 0.061235
710.110000 0.067486
710.145000 0.073400
710.180000 0.078559
710.215000 0.082544
710.250000 0.085000
710.285000 0.085702
710.320000 0.084602
710.355000 0.081831
710.390000 0.077680
710.425000 0.072538
710.460000 0.066829
710.495000 0.060949
710.530000 0.055223
710.565000 0.049886
710.600000 0.045081
710.635000 0.040876
710.670000 0.037281
710.705000 0.034271
710.740000 0.031799
710.775000 0.029812
710.810000 0.028254
710.845000 0.027071
710.880000 0.026214
710.915000 0.025632
710.950000 0.025279
710.985000 0.025104
711.020000 0.025061
711.055000 0.025100
711.090000 0.025180
711.125000 0.025264
711.160000 0.025324
711.195000 0.025345
711.230000 0.025323
711.265000 0.025262
711.300000 0.025174
711.335000 0.025072
711.370000 0.024970
711.405000 0.024878
711.440000 0.024804
711.475000 0.024754
711.510000 0.024732
711.545000 0.024746
711.580000 0.024805
711.615000 0.024918
711.650000 0.025095
711.685000 0.025345
711.720000 0.025673
711.755000 0.026086
711.790000 0.026588
711.825000 0.027187
711.860000 0.027895
711.895000 0.028730
711.930000 0.029716
711.965000 0.030885
712.000000 0.032271
712.035000 0.033912
712.070000 0.035851
712.105000 0.038129
712.140000 0.040790
712.175000 0.043880
712.210000 0.047444
712.245000 0.051527
712.280000 0.056170
712.315000 0.061396
712.350000 0.067209
712.385000 0.073569
712.420000 0.080386
712.455000 0.087507
712.490000 0.094723
712.525000 0.101780
712.560000 0.108414
712.595000 0.114388
712.630000 0.119529
712.665000 0.123752
712.700000 0.127071
712.735000 0.129582
712.770000 0.131439
712.805000 0.132811
712.840000 0.133861
712.875000 0.134718
712.910000 0.135471
712.945000 0.136176
712.980000 0.136862
713.015000 0.137545
713.050000 0.138243
713.085000 0.138978
713.120000 0.139791
713.155000 0.140736
713.190000 0.141893
713.225000 0.143358
713.260000 0.145238
713.295000 0.147643
713.330000 0.150665
713.365000 0.154361
713.400000 0.158734
713.435000 0.163722
713.470000 0.169192
713.505000 0.174949
713.540000 0.180746
713.575000 0.186301
713.610000 0.191313
713.645000 0.195488
713.680000 0.198568
713.715000 0.200375
713.750000 0.200845
713.785000 0.200064
713.820000 0.198263
713.855000 0.195799
713.890000 0.193099
713.925000 0.190598
713.960000 0.188674
713.995000 0.187596
714.030000 0.187500
714.065000 0.188371
714.100000 0.190052
714.135000 0.192257
714.170000 0.194603
714.205000 0.196658
714.240000 0.197992
714.275000 0.198234
714.310000 0.197133
714.345000 0.194584
714.380000 0.190646
714.415000 0.185520
714.450000 0.179510
714.485000 0.172968
714.520000 0.166244
714.555000 0.159639
714.590000 0.153383
714.625000 0.147622
714.660000 0.142424
714.695000 0.137790
714.730000 0.133675
714.765000 0.130001
714.800000 0.126675
714.835000 0.123596
714.870000 0.120662
714.905000 0.117779
714.940000 0.114858
714.975000 0.111822
715.010000 0.108612
715.045000 0.105189
715.080000 0.101540
715.115000 0.097686
715.150000 0.093675
715.185000 0.089580
715.220000 0.085488
715.255000 0.081485
715.290000 0.077644
715.325000 0.074013
715.360000 0.070612
715.395000 0.067437
715.430000 0.064465
715.465000 0.061668
715.500000 0.059024
715.535000 0.056522
715.570000 0.054167
715.605000 0.051976
715.640000 0.049966
715.675000 0.048150
715.710000 0.046530
715.745000 0.045093
715.780000 0.043810
715.815000 0.042647
715.850000 0.041564
715.885000 0.040529
715.920000 0.039523
715.955000 0.038540
715.990000 0.037589
716.025000 0.036689
716.060000 0.035864
716.095000 0.035135
716.130000 0.034515
716.165000 0.034008
716.200000 0.033609
716.235000 0.033308
716.270000 0.033090
716.305000 0.032943
716.340000 0.032859
716.375000 0.032830
716.410000 0.032854
716.445000 0.032927
716.480000 0.033043
716.515000 0.033192
716.550000 0.033357
716.585000 0.033515
716.620000 0.033640
716.655000 0.033700
716.690000 0.033666
716.725000 0.033512
716.760000 0.033221
716.795000 0.032786
716.830000 0.032215
716.865000 0.031523
716.900000 0.030740
716.935000 0.029898
716.970000 0.029031
717.005000 0.028169
717.040000 0.027334
717.075000 0.026537
717.110000 0.025779
717.145000 0.025052
717.180000 0.024342
717.215000 0.023634
717.250000 0.022911
717.285000 0.022166
717.320000 0.021395
717.355000 0.020606
717.390000 0.019809
717.425000 0.019022
717.460000 0.018260
717.495000 0.017537
717.530000 0.016863
717.565000 0.016243
717.600000 0.015677
717.635000 0.015161
717.670000 0.014687
717.705000 0.014246
717.740000 0.013828
717.775000 0.013423
717.810000 0.013024
717.845000 0.012630
717.880000 0.012238
717.915000 0.011853
717.950000 0.011478
717.985000 0.011117
718.020000 0.010771
718.055000 0.010443
718.090000 0.010131
718.125000 0.009836
718.160000 0.009556
718.195000 0.009292
718.230000 0.009043
718.265000 0.008811
718.300000 0.008597
718.335000 0.008400
718.370000 0.008219
718.405000 0.008054
718.440000 0.007900
718.475000 0.007755
718.510000 0.007617
718.545000 0.007484
718.580000 0.007353
718.615000 0.007225
718.650000 0.007100
718.685000 0.006978
718.720000 0.006862
718.755000 0.006753
718.790000 0.006653
718.825000 0.006565
718.860000 0.006491
718.895000 0.006431
718.930000 0.006386
718.965000 0.006358
719.000000 0.006344
719.035000 0.006342
719.070000 0.006350
719.105000 0.006361
719.140000 0.006372
719.175000 0.006377
719.210000 0.006372
719.245000 0.006351
719.280000 0.006312
719.315000 0.006254
719.350000 0.006178
719.385000 0.006085
719.420000 0.005980
719.455000 0.005865
719.490000 0.005747
719.525000 0.005627
719.560000 0.005511
719.595000 0.005400
719.630000 0.005295
719.665000 0.005198
719.700000 0.005108
719.735000 0.005026
719.770000 0.004951
719.805000 0.004882
719.840000 0.004819
719.875000 0.004762
719.910000 0.004710
719.945000 0.004662
719.980000 0.004619
720.015000 0.004582
720.050000 0.004549
720.085000 0.004521
720.120000 0.004499
720.155000 0.004482
720.190000 0.004470
720.225000 0.004463
720.260000 0.004460
720.295000 0.004462
720.330000 0.004468
720.365000 0.004477
720.400000 0.004488
720.435000 0.004502
720.470000 0.004518
720.505000 0.004536
720.540000 0.004554
720.575000 0.004573
720.610000 0.004593
720.645000 0.004612
720.680000 0.004632
720.715000 0.004650
720.750000 0.004669
720.785000 0.004686
720.820000 0.004703
720.855000 0.004719
720.890000 0.004735
720.925000 0.004751
720.960000 0.004767
720.995000 0.004783
721.030000 0.004800
721.065000 0.004818
721.100000 0.004837
721.135000 0.004857
721.170000 0.004880
721.205000 0.004904
721.240000 0.004931
721.275000 0.004960
721.310000 0.004991
721.345000 0.005026
721.380000 0.005063
721.415000 0.005103
721.450000 0.005146
721.485000 0.005193
721.520000 0.005244
721.555000 0.005298
721.590000 0.005358
721.625000 0.005421
721.660000 0.005491
721.695000 0.005565
721.730000 0.005646
721.765000 0.005733
721.800000 0.005827
721.835000 0.005928
721.870000 0.006037
721.905000 0.006156
721.940000 0.006283
721.975000 0.006421
722.010000 0.006570
722.045000 0.006731
722.080000 0.006904
722.115000 0.007091
722.150000 0.007293
722.185000 0.007512
722.220000 0.007747
722.255000 0.008001
722.290000 0.008274
722.325000 0.008568
722.360000 0.008884
722.395000 0.009222
722.430000 0.009583
722.465000 0.009967
722.500000 0.010373
722.535000 0.010801
722.570000 0.011247
722.605000 0.011709
722.640000 0.012181
722.675000 0.012658
722.710000 0.013132
722.745000 0.013593
722.780000 0.014034
722.815000 0.014442
722.850000 0.014809
722.885000 0.015126
722.920000 0.015386
722.955000 0.015583
722.990000 0.015716
723.025000 0.015785
723.060000 0.015796
723.095000 0.015755
723.130000 0.015671
723.165000 0.015554
723.200000 0.015414
723.235000 0.015264
723.270000 0.015112
723.305000 0.014967
723.340000 0.014838
723.375000 0.014731
723.410000 0.014650
723.445000 0.014600
723.480000 0.014583
723.515000 0.014602
723.550000 0.014657
723.585000 0.014750
723.620000 0.014882
723.655000 0.015052
723.690000 0.015261
723.725000 0.015511
723.760000 0.015800
723.795000 0.016130
723.830000 0.016501
723.865000 0.016915
723.900000 0.017370
723.935000 0.017869
723.970000 0.018412
724.005000 0.018999
724.040000 0.019632
724.075000 0.020311
724.110000 0.021037
724.145000 0.021813
724.180000 0.022639
724.215000 0.023518
724.250000 0.024453
724.285000 0.025448
724.320000 0.026508
724.355000 0.027637
724.390000 0.028841
724.425000 0.030126
724.460000 0.031498
724.495000 0.032965
724.530000 0.034532
724.565000 0.036204
724.600000 0.037985
724.635000 0.039880
724.670000 0.041888
724.705000 0.044010
724.740000 0.046243
724.775000 0.048584
724.810000 0.051026
724.845000 0.053562
724.880000 0.056183
724.915000 0.058875
724.950000 0.061624
724.985000 0.064413
725.020000 0.067219
725.055000 0.070020
725.090000 0.072788
725.125000 0.075496
725.160000 0.078116
725.195000 0.080624
725.230000 0.082996
725.265000 0.085219
725.300000 0.087285
725.335000 0.089196
725.370000 0.090961
725.405000 0.092596
725.440000 0.094123
725.475000 0.095566
725.510000 0.096946
725.545000 0.098281
725.580000 0.099584
725.615000 0.100856
725.650000 0.102091
725.685000 0.103270
725.720000 0.104367
725.755000 0.105351
725.790000 0.106183
725.825000 0.106825
725.860000 0.107240
725.895000 0.107397
725.930000 0.107270
725.965000 0.106846
726.000000 0.106117
726.035000 0.105089
726.070000 0.103776
726.105000 0.102199
726.140000 0.100387
726.175000 0.098372
726.210000 0.096191
726.245000 0.093879
726.280000 0.091472
726.315000 0.089004
726.350000 0.086505
726.385000 0.084004
726.420000 0.081522
726.455000 0.079080
726.490000 0.076691
726.525000 0.074368
726.560000 0.072116
726.595000 0.069941
726.630000 0.067847
726.665000 0.065833
726.700000 0.063902
726.735000 0.062055
726.770000 0.060290
726.805000 0.058609
726.840000 0.057010
726.875000 0.055492
726.910000 0.054050
726.945000 0.052681
726.980000 0.051376
727.015000 0.050128
727.050000 0.048927
727.085000 0.047764
727.120000 0.046629
727.155000 0.045513
727.190000 0.044411
727.225000 0.043317
727.260000 0.042229
727.295000 0.041149
727.330000 0.040078
727.365000 0.039022
727.400000 0.037987
727.435000 0.036979
727.470000 0.036006
727.505000 0.035074
727.540000 0.034188
727.575000 0.033351
727.610000 0.032566
727.645000 0.031832
727.680000 0.031148
727.715000 0.030510
727.750000 0.029917
727.785000 0.029361
727.820000 0.028840
727.855000 0.028347
727.890000 0.027877
727.925000 0.027427
727.960000 0.026992
727.995000 0.026568
728.030000 0.026152
728.065000 0.025741
728.100000 0.025333
728.135000 0.024926
728.170000 0.024517
728.205000 0.024106
728.240000 0.023692
728.275000 0.023274
728.310000 0.022851
728.345000 0.022425
728.380000 0.021996
728.415000 0.021564
728.450000 0.021131
728.485000 0.020698
728.520000 0.020266
728.555000 0.019836
728.590000 0.019409
728.625000 0.018988
728.660000 0.018571
728.695000 0.018162
728.730000 0.017760
728.765000 0.017366
728.800000 0.016980
728.835000 0.016604
728.870000 0.016236
728.905000 0.015876
728.940000 0.015524
728.975000 0.015179
729.010000 0.014839
729.045000 0.014504
729.080000 0.014171
729.115000 0.013841
729.150000 0.013510
729.185000 0.013180
729.220000 0.012848
729.255000 0.012516
729.290000 0.012183
729.325000 0.011849
729.360000 0.011516
729.395000 0.011184
729.430000 0.010855
729.465000 0.010529
729.500000 0.010208
729.535000 0.009893
729.570000 0.009586
729.605000 0.009285
729.640000 0.008994
729.675000 0.008712
729.710000 0.008439
729.745000 0.008176
729.780000 0.007922
729.815000 0.007679
729.850000 0.007446
729.885000 0.007222
729.920000 0.007007
729.955000 0.006802
729.990000 0.006606
730.025000 0.006419
730.060000 0.006240
730.095000 0.006069
730.130000 0.005907
730.165000 0.005753
730.200000 0.005606
730.235000 0.005467
730.270000 0.005334
730.305000 0.005208
730.340000 0.005088
730.375000 0.004973
730.410000 0.004864
730.445000 0.004759
730.480000 0.004659
730.515000 0.004562
730.550000 0.004469
730.585000 0.004379
730.620000 0.004293
730.655000 0.004210
730.690000 0.004129
730.725000 0.004052
730.760000 0.003977
730.795000 0.003905
730.830000 0.003836
730.865000 0.003770
730.900000 0.003707
730.935000 0.003647
730.970000 0.003590
731.005000 0.003535
731.040000 0.003484
731.075000 0.003435
731.110000 0.003389
731.145000 0.003345
731.180000 0.003303
731.215000 0.003264
731.250000 0.003227
731.285000 0.003191
731.320000 0.003157
731.355000 0.003125
731.390000 0.003093
731.425000 0.003062
731.460000 0.003031
731.495000 0.003001
731.530000 0.002971
731.565000 0.002942
731.600000 0.002912
731.635000 0.002882
731.670000 0.002853
731.705000 0.002823
731.740000 0.002794
731.775000 0.002765
731.810000 0.002737
731.845000 0.002709
731.880000 0.002682
731.915000 0.002656
731.950000 0.002630
731.985000 0.002605
732.020000 0.002582
732.055000 0.002558
732.090000 0.002536
732.125000 0.002513
732.160000 0.002491
732.195000 0.002469
732.230000 0.002446
732.265000 0.002422
732.300000 0.002398
732.335000 0.002373
732.370000 0.002348
732.405000 0.002321
732.440000 0.002293
732.475000 0.002264
732.510000 0.002235
732.545000 0.002205
732.580000 0.002175
732.615000 0.002145
732.650000 0.002114
732.685000 0.002084
732.720000 0.002053
732.755000 0.002023
732.790000 0.001993
732.825000 0.001963
732.860000 0.001934
732.895000 0.001905
732.930000 0.001877
732.965000 0.001849
733.000000 0.001822
733.035000 0.001795
733.070000 0.001768
733.105000 0.001742
733.140000 0.001717
733.175000 0.001692
733.210000 0.001667
733.245000 0.001643
733.280000 0.001619
733.315000 0.001596
733.350000 0.001573
733.385000 0.001551
733.420000 0.001530
733.455000 0.001509
733.490000 0.001489
733.525000 0.001469
733.560000 0.001451
733.595000 0.001432
733.630000 0.001414
733.665000 0.001397
733.700000 0.001380
733.735000 0.001364
733.770000 0.001347
733.805000 0.001331
733.840000 0.001315
733.875000 0.001299
733.910000 0.001283
733.945000 0.001267
733.980000 0.001251
734.015000 0.001236
734.050000 0.001220
734.085000 0.001204
734.120000 0.001189
734.155000 0.001174
734.190000 0.001159
734.225000 0.001145
734.260000 0.001130
734.295000 0.001116
734.330000 0.001103
734.365000 0.001089
734.400000 0.001076
734.435000 0.001064
734.470000 0.001051
734.505000 0.001039
734.540000 0.001028
734.575000 0.001017
734.610000 0.001006
734.645000 0.000995
734.680000 0.000985
734.715000 0.000975
734.750000 0.000965
734.785000 0.000956
734.820000 0.000947
734.855000 0.000938
734.890000 0.000929
734.925000 0.000921
734.960000 0.000913
734.995000 0.000905
735.030000 0.000898
735.065000 0.000890
735.100000 0.000883
735.135000 0.000876
735.170000 0.000869
735.205000 0.000862
735.240000 0.000856
735.275000 0.000849
735.310000 0.000843
735.345000 0.000836
735.380000 0.000830
735.415000 0.000824
735.450000 0.000818
735.485000 0.000812
735.520000 0.000806
735.555000 0.000800
735.590000 0.000794
735.625000 0.000788
735.660000 0.000782
735.695000 0.000776
735.730000 0.000770
735.765000 0.000764
735.800000 0.000758
735.835000 0.000752
735.870000 0.000746
735.905000 0.000740
735.940000 0.000734
735.975000 0.000729
736.010000 0.000723
736.045000 0.000717
736.080000 0.000711
736.115000 0.000706
736.150000 0.000700
736.185000 0.000695
736.220000 0.000689
736.255000 0.000684
736.290000 0.000679
736.325000 0.000674
736.360000 0.000669
736.395000 0.000664
736.430000 0.000659
736.465000 0.000654
736.500000 0.000649
736.535000 0.000644
736.570000 0.000640
736.605000 0.000635
736.640000 0.000630
736.675000 0.000626
736.710000 0.000622
736.745000 0.000617
736.780000 0.000613
736.815000 0.000608
736.850000 0.000604
736.885000 0.000600
736.920000 0.000595
736.955000 0.000591
736.990000 0.000587
737.025000 0.000582
737.060000 0.000578
737.095000 0.000574
737.130000 0.000570
737.165000 0.000566
737.200000 0.000562
737.235000 0.000558
737.270000 0.000554
737.305000 0.000550
737.340000 0.000546
737.375000 0.000543
737.410000 0.000539
737.445000 0.000536
737.480000 0.000532
737.515000 0.000529
737.550000 0.000525
737.585000 0.000522
737.620000 0.000519
737.655000 0.000516
737.690000 0.000513
737.725000 0.000509
737.760000 0.000506
737.795000 0.000503
737.830000 0.000500
737.865000 0.000497
737.900000 0.000494
737.935000 0.000491
737.970000 0.000488
738.005000 0.000485
738.040000 0.000482
738.075000 0.000480
738.110000 0.000477
738.145000 0.000474
738.180000 0.000471
738.215000 0.000469
738.250000 0.000466
738.285000 0.000463
738.320000 0.000461
738.355000 0.000458
738.390000 0.000455
738.425000 0.000453
738.460000 0.000450
738.495000 0.000448
738.530000 0.000446
738.565000 0.000443
738.600000 0.000441
738.635000 0.000438
738.670000 0.000436
738.705000 0.000434
738.740000 0.000432
738.775000 0.000429
738.810000 0.000427
738.845000 0.000425
738.880000 0.000423
738.915000 0.000421
738.950000 0.000419
738.985000 0.000417
739.020000 0.000414
739.055000 0.000412
739.090000 0.000410
739.125000 0.000408
739.160000 0.000406
739.195000 0.000404
739.230000 0.000402
739.265000 0.000400
739.300000 0.000398
739.335000 0.000396
739.370000 0.000394
739.405000 0.000392
739.440000 0.000390
739.475000 0.000388
739.510000 0.000386
739.545000 0.000384
739.580000 0.000382
739.615000 0.000380
739.650000 0.000378
739.685000 0.000375
739.720000 0.000373
739.755000 0.000368
739.790000 0.000361
739.825000 0.000348
739.860000 0.000328
739.895000 0.000297
739.930000 0.000256
739.965000 0.000208

#Sticks
710.250000 0.056050
710.355000 0.016180
711.020000 0.000669
711.125000 0.003273
711.160000 0.000606
711.230000 0.001963
711.265000 0.000520
711.335000 0.000586
711.405000 0.000025
711.475000 0.002124
711.545000 0.001270
711.580000 0.000036
711.720000 0.000305
711.790000 0.001124
711.860000 0.000903
711.930000 0.000466
712.035000 0.000013
712.140000 0.000024
712.245000 0.000199
712.280000 0.001081
712.315000 0.000571
712.350000 0.000234
712.420000 0.000280
712.455000 0.001687
712.490000 0.000114
712.560000 0.002915
712.595000 0.019007
712.630000 0.016810
712.700000 0.017049
712.735000 0.004413
712.840000 0.012139
712.910000 0.006422
712.945000 0.000013
712.980000 0.016392
713.050000 0.003740
713.085000 0.010121
713.155000 0.011794
713.260000 0.017624
713.295000 0.001320
713.330000 0.000351
713.400000 0.005026
713.470000 0.004900
713.505000 0.005223
713.540000 0.026627
713.610000 0.000010
713.645000 0.011353
713.750000 0.074160
713.855000 0.007703
713.925000 0.004864
713.995000 0.012152
714.065000 0.000194
714.100000 0.000093
714.135000 0.019372
714.240000 0.023784
714.275000 0.003114
714.310000 0.033043
714.345000 0.018258
714.415000 0.013646
714.450000 0.005774
714.485000 0.011625
714.555000 0.000799
714.590000 0.004471
714.660000 0.004185
714.695000 0.009788
714.765000 0.003727
714.800000 0.001039
714.835000 0.009587
714.870000 0.000006
714.905000 0.009763
714.940000 0.004057
714.975000 0.003604
715.045000 0.013543
715.080000 0.002925
715.115000 0.000252
715.150000 0.010133
715.185000 0.001707
715.255000 0.002070
715.290000 0.001567
715.325000 0.001147
715.360000 0.000496
715.395000 0.000819
715.430000 0.002098
715.465000 0.006251
715.500000 0.000966
715.535000 0.001868
715.570000 0.000969
715.640000 0.000021
715.675000 0.000025
715.710000 0.001378
715.745000 0.000664
715.780000 0.001342
715.850000 0.000908
715.885000 0.002573
715.920000 0.003816
715.990000 0.000621
716.025000 0.000787
716.095000 0.000171
716.130000 0.000007
716.165000 0.000751
716.200000 0.001541
716.235000 0.000995
716.270000 0.001271
716.305000 0.000282
716.340000 0.000276
716.375000 0.002527
716.410000 0.000368
716.480000 0.001112
716.515000 0.000708
716.550000 0.000178
716.585000 0.001423
716.620000 0.001549
716.655000 0.000308
716.690000 0.002620
716.725000 0.001969
716.760000 0.000296
716.795000 0.001723
716.830000 0.003631
716.865000 0.001209
716.900000 0.000833
716.935000 0.000722
716.970000 0.000218
717.005000 0.001422
717.040000 0.000072
717.075000 0.000238
717.110000 0.000804
717.145000 0.000941
717.180000 0.000580
717.215000 0.000208
717.250000 0.001624
717.285000 0.000390
717.320000 0.002635
717.390000 0.000255
717.425000 0.000004
717.460000 0.000052
717.495000 0.001054
717.530000 0.000103
717.565000 0.000138
717.600000 0.000440
717.635000 0.000071
717.670000 0.000005
717.705000 0.000114
717.740000 0.000456
717.775000 0.000887
717.810000 0.000569
717.845000 0.000480
717.880000 0.000039
717.950000 0.000102
717.985000 0.000161
718.020000 0.000043
718.055000 0.000117
718.090000 0.000586
718.125000 0.000063
718.160000 0.000121
718.195000 0.000271
718.230000 0.000054
718.265000 0.000124
718.300000 0.000117
718.335000 0.000007
718.370000 0.000027
718.405000 0.000062
718.440000 0.000204
718.475000 0.000317
718.545000 0.000142
718.580000 0.000086
718.615000 0.000150
718.650000 0.000160
718.685000 0.000139
718.720000 0.000001
718.755000 0.000115
718.790000 0.000130
718.825000 0.000012
718.860000 0.000067
718.895000 0.000049
718.930000 0.000023
718.965000 0.000102
719.000000 0.000018
719.035000 0.000034
719.070000 0.000048
719.105000 0.000129
719.140000 0.000151
719.175000 0.000076
719.210000 0.000328
719.280000 0.000217
719.315000 0.000500
719.350000 0.000054
719.420000 0.000208
719.455000 0.000054
719.490000 0.000061
719.525000 0.000056
719.560000 0.000033
719.595000 0.000063
719.630000 0.000006
719.665000 0.000003
719.700000 0.000158
719.770000 0.000018
719.805000 0.000044
719.875000 0.000044
719.910000 0.000045
719.945000 0.000045
719.980000 0.000005
720.015000 0.000202
720.050000 0.000012
720.085000 0.000006
720.120000 0.000021
720.190000 0.000073
720.225000 0.000084
720.295000 0.000010
720.330000 0.000022
720.365000 0.000011
720.435000 0.000090
720.470000 0.000027
720.505000 0.000149
720.540000 0.000088
720.610000 0.000008
720.645000 0.000037
720.680000 0.000141
720.715000 0.000123
720.750000 0.000078
720.855000 0.000318
720.890000 0.000063
720.995000 0.000082
721.030000 0.000027
721.065000 0.000045
721.135000 0.000053
721.170000 0.000006
721.205000 0.000060
721.240000 0.000042
721.310000 0.000037
721.345000 0.000045
721.380000 0.000104
721.415000 0.000023
721.450000 0.000026
721.485000 0.000012
721.555000 0.000059
721.625000 0.000058
721.695000 0.000044
721.765000 0.000019
721.800000 0.000002
721.870000 0.000034
721.905000 0.000003
721.940000 0.000026
721.975000 0.000014
722.010000 0.000007
722.150000 0.000017
722.220000 0.000003
722.255000 0.000001
722.290000 0.000001
722.325000 0.000008
722.395000 0.000003
722.465000 0.000048
722.500000 0.000002
722.605000 0.000001
722.640000 0.000014
722.675000 0.000012
722.710000 0.000035
722.780000 0.000213
722.920000 0.000040
722.955000 0.013741
723.025000 0.000066
723.095000 0.000065
723.130000 0.000018
723.165000 0.000186
723.235000 0.000010
723.270000 0.000003
723.375000 0.000004
723.410000 0.000008
723.585000 0.000134
723.655000 0.000018
723.690000 0.000027
723.725000 0.000011
723.865000 0.000036
724.040000 0.000079
724.180000 0.000879
724.250000 0.000395
724.285000 0.000198
724.355000 0.001367
724.425000 0.000624
724.460000 0.000069
724.565000 0.000013
724.600000 0.000042
724.670000 0.000009
724.705000 0.000187
724.775000 0.000032
724.845000 0.002308
724.880000 0.002115
724.915000 0.007069
724.985000 0.000027
725.020000 0.001089
725.160000 0.012205
725.265000 0.022064
725.335000 0.028345
725.440000 0.005341
725.475000 0.001735
725.545000 0.001539
725.580000 0.004390
725.615000 0.001633
725.650000 0.001093
725.720000 0.003915
725.755000 0.004062
725.790000 0.004506
725.825000 0.014380
725.860000 0.000550
725.895000 0.038254
726.035000 0.029843
726.070000 0.003868
726.175000 0.019096
726.315000 0.007458
726.350000 0.009197
726.420000 0.000265
726.490000 0.003779
726.630000 0.007810
726.665000 0.006211
726.735000 0.004280
726.840000 0.001610
726.910000 0.000051
726.980000 0.002676
727.015000 0.002326
727.085000 0.000656
727.120000 0.002587
727.155000 0.000423
727.190000 0.001010
727.225000 0.009127
727.295000 0.002438
727.330000 0.002828
727.365000 0.000038
727.505000 0.001153
727.575000 0.000828
727.715000 0.001421
727.750000 0.000142
727.820000 0.003720
727.890000 0.000355
727.925000 0.001843
728.065000 0.002244
728.100000 0.000975
728.205000 0.002231
728.240000 0.001536
728.275000 0.000063
728.310000 0.001594
728.345000 0.001301
728.415000 0.000489
728.450000 0.000818
728.485000 0.000211
728.520000 0.000217
728.555000 0.000296
728.590000 0.001930
728.625000 0.000450
728.695000 0.000587
728.730000 0.000895
728.800000 0.000215
728.835000 0.000527
728.905000 0.000753
728.975000 0.000381
729.010000 0.000306
729.045000 0.000860
729.080000 0.000539
729.150000 0.000145
729.185000 0.000679
729.220000 0.000447
729.255000 0.001744
729.325000 0.000077
729.430000 0.000308
729.465000 0.000280
729.500000 0.000498
729.535000 0.000042
729.570000 0.000186
729.605000 0.000189
729.675000 0.000047
729.710000 0.000085
729.745000 0.000022
729.850000 0.000360
729.920000 0.000031
729.955000 0.000134
729.990000 0.000079
730.025000 0.000101
730.165000 0.000020
730.340000 0.000043
730.375000 0.000150
730.410000 0.000049
730.445000 0.000007
730.480000 0.000030
730.550000 0.000065
730.585000 0.000034
730.620000 0.000009
730.655000 0.000164
730.830000 0.000046
730.865000 0.000006
730.900000 0.000004
730.935000 0.000056
731.040000 0.000026
731.075000 0.000024
731.110000 0.000012
731.145000 0.000003
731.250000 0.000065
731.285000 0.000005
731.355000 0.000076
731.390000 0.000015
731.425000 0.000003
731.460000 0.000127
731.530000 0.000012
731.600000 0.000123
731.635000 0.000051
731.670000 0.000048
731.705000 0.000037
731.740000 0.000066
731.810000 0.000004
731.845000 0.000059
731.915000 0.000020
731.950000 0.000015
732.020000 0.000037
732.125000 0.000081
732.160000 0.000038
732.195000 0.000051
732.265000 0.000004
732.335000 0.000268
732.405000 0.000020
732.475000 0.000147
732.510000 0.000006
732.545000 0.000030
732.615000 0.000043
732.650000 0.000010
732.685000 0.000004
732.790000 0.000097
732.825000 0.000027
732.895000 0.000017
732.965000 0.000057
733.000000 0.000030
733.175000 0.000024
733.280000 0.000101
733.385000 0.000006
733.455000 0.000007
733.700000 0.000033
733.735000 0.000005
733.805000 0.000048
733.875000 0.000026
733.945000 0.000014
734.050000 0.000005
734.085000 0.000021
734.260000 0.000016
734.365000 0.000002
734.575000 0.000002
734.645000 0.000013
734.750000 0.000003
735.065000 0.000006
735.240000 0.000011
735.310000 0.000002
735.450000 0.000011
735.485000 0.000003
735.520000 0.000001
735.660000 0.000002
735.730000 0.000018
735.870000 0.000003
735.940000 0.000003
736.045000 0.000003
736.115000 0.000010
736.430000 0.000002
736.535000 0.000004
736.570000 0.000002
736.780000 0.000008
736.885000 0.000002
737.025000 0.000003
737.795000 0.000003
739.090000 0.000002
739.125000 0.000001
