705.000000 0.000144
705.035000 0.000178
705.070000 0.000207
705.105000 0.000229
705.140000 0.000244
705.175000 0.000253
705.210000 0.000259
705.245000 0.000263
705.280000 0.000266
705.315000 0.000269
705.350000 0.000271
705.385000 0.000273
705.420000 0.000276
705.455000 0.000278
705.490000 0.000280
705.525000 0.000283
705.560000 0.000285
705.595000 0.000288
705.630000 0.000290
705.665000 0.000293
705.700000 0.000296
705.735000 0.000298
705.770000 0.000301
705.805000 0.000304
705.840000 0.000307
705.875000 0.000309
705.910000 0.000312
705.945000 0.000315
705.980000 0.000318
706.015000 0.000321
706.050000 0.000324
706.085000 0.000328
706.120000 0.000331
706.155000 0.000334
706.190000 0.000337
706.225000 0.000341
706.260000 0.000344
706.295000 0.000347
706.330000 0.000351
706.365000 0.000355
706.400000 0.000358
706.435000 0.000362
706.470000 0.000366
706.505000 0.000370
706.540000 0.000374
706.575000 0.000378
706.610000 0.000382
706.645000 0.000386
706.680000 0.000390
706.715000 0.000394
706.750000 0.000399
706.785000 0.000403
706.820000 0.000408
706.855000 0.000412
706.890000 0.000417
706.925000 0.000422
706.960000 0.000427
706.995000 0.000432
707.030000 0.000437
707.065000 0.000442
707.100000 0.000448
707.135000 0.000453
707.170000 0.000459
707.205000 0.000465
707.240000 0.000471
707.275000 0.000477
707.310000 0.000483
707.345000 0.000489
707.380000 0.000496
707.415000 0.000502
707.450000 0.000509
707.485000 0.000516
707.520000 0.000523
707.555000 0.000530
707.590000 0.000538
707.625000 0.000545
707.660000 0.000553
707.695000 0.000561
707.730000 0.000570
707.765000 0.000578
707.800000 0.000587
707.835000 0.000596
707.870000 0.000605
707.905000 0.000615
707.940000 0.000625
707.975000 0.000635
708.010000 0.000645
708.045000 0.000656
708.080000 0.000667
708.115000 0.000679
708.150000 0.000691
708.185000 0.000703
708.220000 0.000716
708.255000 0.000729
708.290000 0.000743
708.325000 0.000757
708.360000 0.000772
708.395000 0.000787
708.430000 0.000803
708.465000 0.000819
708.500000 0.000836
708.535000 0.000854
708.570000 0.000873
708.605000 0.000893
708.640000 0.000913
708.675000 0.000934
708.710000 0.000957
708.745000 0.000980
708.780000 0.001005
708.815000 0.001031
708.850000 0.001058
708.885000 0.001087
708.920000 0.001118
708.955000 0.001150
708.990000 0.001184
709.025000 0.001221
709.060000 0.001260
709.095000 0.001301
709.130000 0.001345
709.165000 0.001393
709.200000 0.001444
709.235000 0.001499
709.270000 0.001559
709.305000 0.001623
709.340000 0.001693
709.375000 0.001770
709.410000 0.001854
709.445000 0.001946
709.480000 0.002048
709.515000 0.002160
709.550000 0.002286
709.585000 0.002426
709.620000 0.002584
709.655000 0.002762
709.690000 0.002965
709.725000 0.003195
709.760000 0.003460
709.795000 0.003765
709.830000 0.004116
709.865000 0.004524
709.900000 0.004995
709.935000 0.005539
709.970000 0.006164
710.005000 0.006873
710.040000 0.007665
710.075000 0.008529
710.110000 0.009445
710.145000 0.010375
710.180000 0.011272
710.215000 0.012079
710.250000 0.012734
710.285000 0.013182
710.320000 0.013385
710.355000 0.013328
710.390000 0.013020
710.425000 0.012499
710.460000 0.011818
710.495000 0.011040
710.530000 0.010226
710.565000 0.009428
710.600000 0.008686
710.635000 0.008026
710.670000 0.007460
710.705000 0.006994
710.740000 0.006624
710.775000 0.006346
710.810000 0.006151
710.845000 0.006030
710.880000 0.005972
710.915000 0.005968
710.950000 0.006006
710.985000 0.006072
711.020000 0.006153
711.055000 0.006237
711.090000 0.006311
711.125000 0.006367
711.160000 0.006400
711.195000 0.006409
711.230000 0.006395
711.265000 0.006363
711.300000 0.006323
711.335000 0.006280
711.370000 0.006242
711.405000 0.006218
711.440000 0.006211
711.475000 0.006228
711.510000 0.006271
711.545000 0.006344
711.580000 0.006447
711.615000 0.006582
711.650000 0.006749
711.685000 0.006947
711.720000 0.007174
711.755000 0.007432
711.790000 0.007718
711.825000 0.008033
711.860000 0.008382
711.895000 0.008768
711.930000 0.009201
711.965000 0.009690
712.000000 0.010247
712.035000 0.010888
712.070000 0.011627
712.105000 0.012480
712.140000 0.013465
712.175000 0.014598
712.210000 0.015898
712.245000 0.017384
712.280000 0.019072
712.315000 0.020975
712.350000 0.023096
712.385000 0.025423
712.420000 0.027924
712.455000 0.030541
712.490000 0.033195
712.525000 0.035792
712.560000 0.038234
712.595000 0.040435
712.630000 0.042337
712.665000 0.043913
712.700000 0.045171
712.735000 0.046145
712.770000 0.046880
712.805000 0.047422
712.840000 0.047809
712.875000 0.048068
712.910000 0.048217
712.945000 0.048272
712.980000 0.048254
713.015000 0.048184
713.050000 0.048090
713.085000 0.047997
713.120000 0.047924
713.155000 0.047881
713.190000 0.047867
713.225000 0.047878
713.260000 0.047908
713.295000 0.047957
713.330000 0.048032
713.365000 0.048143
713.400000 0.048299
713.435000 0.048501
713.470000 0.048740
713.505000 0.048998
713.540000 0.049249
713.575000 0.049464
713.610000 0.049618
713.645000 0.049687
713.680000 0.049656
713.715000 0.049511
713.750000 0.049252
713.785000 0.048887
713.820000 0.048436
713.855000 0.047934
713.890000 0.047426
713.925000 0.046963
713.960000 0.046597
713.995000 0.046377
714.030000 0.046346
714.065000 0.046531
714.100000 0.046941
714.135000 0.047560
714.170000 0.048342
714.205000 0.049216
714.240000 0.050091
714.275000 0.050868
714.310000 0.051450
714.345000 0.051763
714.380000 0.051760
714.415000 0.051424
714.450000 0.050771
714.485000 0.049837
714.520000 0.048675
714.555000 0.047339
714.590000 0.045885
714.625000 0.044358
714.660000 0.042795
714.695000 0.041223
714.730000 0.039663
714.765000 0.038134
714.800000 0.036653
714.835000 0.035237
714.870000 0.033901
714.905000 0.032657
714.940000 0.031509
714.975000 0.030457
715.010000 0.029490
715.045000 0.028591
715.080000 0.027742
715.115000 0.026922
715.150000 0.026114
715.185000 0.025308
715.220000 0.024502
715.255000 0.023696
715.290000 0.022898
715.325000 0.022112
715.360000 0.021343
715.395000 0.020591
715.430000 0.019857
715.465000 0.019138
715.500000 0.018437
715.535000 0.017759
715.570000 0.017112
715.605000 0.016506
715.640000 0.015950
715.675000 0.015450
715.710000 0.015006
715.745000 0.014611
715.780000 0.014256
715.815000 0.013925
715.850000 0.013607
715.885000 0.013290
715.920000 0.012967
715.955000 0.012639
715.990000 0.012312
716.025000 0.011993
716.060000 0.011695
716.095000 0.011427
716.130000 0.011200
716.165000 0.011017
716.200000 0.010880
716.235000 0.010789
716.270000 0.010742
716.305000 0.010735
716.340000 0.010764
716.375000 0.010828
716.410000 0.010921
716.445000 0.011039
716.480000 0.011177
716.515000 0.011328
716.550000 0.011481
716.585000 0.011628
716.620000 0.011754
716.655000 0.011847
716.690000 0.011892
716.725000 0.011878
716.760000 0.011795
716.795000 0.011641
716.830000 0.011418
716.865000 0.011134
716.900000 0.010800
716.935000 0.010432
716.970000 0.010045
717.005000 0.009653
717.040000 0.009266
717.075000 0.008892
717.110000 0.008533
717.145000 0.008192
717.180000 0.007866
717.215000 0.007554
717.250000 0.007252
717.285000 0.006959
717.320000 0.006674
717.355000 0.006397
717.390000 0.006127
717.425000 0.005867
717.460000 0.005619
717.495000 0.005383
717.530000 0.005162
717.565000 0.004955
717.600000 0.004765
717.635000 0.004589
717.670000 0.004428
717.705000 0.004278
717.740000 0.004139
717.775000 0.004006
717.810000 0.003877
717.845000 0.003752
717.880000 0.003629
717.915000 0.003509
717.950000 0.003393
717.985000 0.003283
718.020000 0.003180
718.055000 0.003084
718.090000 0.002995
718.125000 0.002913
718.160000 0.002838
718.195000 0.002769
718.230000 0.002704
718.265000 0.002644
718.300000 0.002588
718.335000 0.002536
718.370000 0.002488
718.405000 0.002443
718.440000 0.002401
718.475000 0.002361
718.510000 0.002322
718.545000 0.002284
718.580000 0.002246
718.615000 0.002208
718.650000 0.002170
718.685000 0.002133
718.720000 0.002096
718.755000 0.002060
718.790000 0.002027
718.825000 0.001995
718.860000 0.001966
718.895000 0.001940
718.930000 0.001918
718.965000 0.001898
719.000000 0.001882
719.035000 0.001867
719.070000 0.001855
719.105000 0.001844
719.140000 0.001834
719.175000 0.001823
719.210000 0.001811
719.245000 0.001798
719.280000 0.001783
719.315000 0.001766
719.350000 0.001747
719.385000 0.001725
719.420000 0.001701
719.455000 0.001675
719.490000 0.001648
719.525000 0.001619
719.560000 0.001591
719.595000 0.001563
719.630000 0.001537
719.665000 0.001512
719.700000 0.001489
719.735000 0.001469
719.770000 0.001452
719.805000 0.001436
719.840000 0.001423
719.875000 0.001411
719.910000 0.001401
719.945000 0.001392
719.980000 0.001384
720.015000 0.001378
720.050000 0.001372
720.085000 0.001368
720.120000 0.001366
720.155000 0.001364
720.190000 0.001364
720.225000 0.001364
720.260000 0.001366
720.295000 0.001369
720.330000 0.001373
720.365000 0.001379
720.400000 0.001385
720.435000 0.001392
720.470000 0.001399
720.505000 0.001408
720.540000 0.001417
720.575000 0.001426
720.610000 0.001435
720.645000 0.001445
720.680000 0.001455
720.715000 0.001464
720.750000 0.001474
720.785000 0.001483
720.820000 0.001492
720.855000 0.001500
720.890000 0.001508
720.925000 0.001516
720.960000 0.001524
720.995000 0.001532
721.030000 0.001541
721.065000 0.001549
721.100000 0.001559
721.135000 0.001569
721.170000 0.001579
721.205000 0.001591
721.240000 0.001603
721.275000 0.001617
721.310000 0.001632
721.345000 0.001648
721.380000 0.001665
721.415000 0.001684
721.450000 0.001704
721.485000 0.001725
721.520000 0.001748
721.555000 0.001773
721.590000 0.001799
721.625000 0.001827
721.660000 0.001858
721.695000 0.001890
721.730000 0.001925
721.765000 0.001963
721.800000 0.002003
721.835000 0.002047
721.870000 0.002093
721.905000 0.002144
721.940000 0.002198
721.975000 0.002256
722.010000 0.002319
722.045000 0.002387
722.080000 0.002460
722.115000 0.002539
722.150000 0.002625
722.185000 0.002717
722.220000 0.002816
722.255000 0.002924
722.290000 0.003039
722.325000 0.003164
722.360000 0.003297
722.395000 0.003441
722.430000 0.003594
722.465000 0.003757
722.500000 0.003930
722.535000 0.004111
722.570000 0.004301
722.605000 0.004497
722.640000 0.004697
722.675000 0.004899
722.710000 0.005099
722.745000 0.005293
722.780000 0.005477
722.815000 0.005646
722.850000 0.005796
722.885000 0.005924
722.920000 0.006024
722.955000 0.006097
722.990000 0.006140
723.025000 0.006154
723.060000 0.006141
723.095000 0.006104
723.130000 0.006047
723.165000 0.005974
723.200000 0.005890
723.235000 0.005800
723.270000 0.005708
723.305000 0.005619
723.340000 0.005535
723.375000 0.005459
723.410000 0.005394
723.445000 0.005342
723.480000 0.005303
723.515000 0.005278
723.550000 0.005267
723.585000 0.005272
723.620000 0.005293
723.655000 0.005328
723.690000 0.005379
723.725000 0.005446
723.760000 0.005529
723.795000 0.005627
723.830000 0.005741
723.865000 0.005872
723.900000 0.006018
723.935000 0.006182
723.970000 0.006362
724.005000 0.006559
724.040000 0.006773
724.075000 0.007006
724.110000 0.007256
724.145000 0.007527
724.180000 0.007817
724.215000 0.008128
724.250000 0.008461
724.285000 0.008819
724.320000 0.009201
724.355000 0.009611
724.390000 0.010049
724.425000 0.010519
724.460000 0.011021
724.495000 0.011556
724.530000 0.012127
724.565000 0.012734
724.600000 0.013376
724.635000 0.014054
724.670000 0.014764
724.705000 0.015505
724.740000 0.016274
724.775000 0.017066
724.810000 0.017878
724.845000 0.018704
724.880000 0.019540
724.915000 0.020379
724.950000 0.021216
724.985000 0.022046
725.020000 0.022860
725.055000 0.023651
725.090000 0.024413
725.125000 0.025136
725.160000 0.025815
725.195000 0.026441
725.230000 0.027011
725.265000 0.027521
725.300000 0.027971
725.335000 0.028362
725.370000 0.028699
725.405000 0.028988
725.440000 0.029236
725.475000 0.029451
725.510000 0.029640
725.545000 0.029810
725.580000 0.029964
725.615000 0.030105
725.650000 0.030233
725.685000 0.030346
725.720000 0.030441
725.755000 0.030512
725.790000 0.030555
725.825000 0.030565
725.860000 0.030537
725.895000 0.030469
725.930000 0.030359
725.965000 0.030207
726.000000 0.030012
726.035000 0.029777
726.070000 0.029502
726.105000 0.029189
726.140000 0.028841
726.175000 0.028457
726.210000 0.028039
726.245000 0.027589
726.280000 0.027107
726.315000 0.026597
726.350000 0.026060
726.385000 0.025500
726.420000 0.024921
726.455000 0.024328
726.490000 0.023726
726.525000 0.023119
726.560000 0.022512
726.595000 0.021909
726.630000 0.021314
726.665000 0.020729
726.700000 0.020157
726.735000 0.019600
726.770000 0.019060
726.805000 0.018538
726.840000 0.018035
726.875000 0.017552
726.910000 0.017089
726.945000 0.016645
726.980000 0.016219
727.015000 0.015808
727.050000 0.015412
727.085000 0.015027
727.120000 0.014651
727.155000 0.014280
727.190000 0.013914
727.225000 0.013551
727.260000 0.013190
727.295000 0.012832
727.330000 0.012477
727.365000 0.012127
727.400000 0.011784
727.435000 0.011452
727.470000 0.011131
727.505000 0.010823
727.540000 0.010531
727.575000 0.010256
727.610000 0.009996
727.645000 0.009753
727.680000 0.009526
727.715000 0.009312
727.750000 0.009111
727.785000 0.008921
727.820000 0.008740
727.855000 0.008568
727.890000 0.008402
727.925000 0.008241
727.960000 0.008085
727.995000 0.007934
728.030000 0.007786
728.065000 0.007642
728.100000 0.007501
728.135000 0.007364
728.170000 0.007229
728.205000 0.007098
728.240000 0.006968
728.275000 0.006842
728.310000 0.006717
728.345000 0.006595
728.380000 0.006475
728.415000 0.006356
728.450000 0.006240
728.485000 0.006126
728.520000 0.006014
728.555000 0.005904
728.590000 0.005797
728.625000 0.005692
728.660000 0.005589
728.695000 0.005488
728.730000 0.005390
728.765000 0.005294
728.800000 0.005199
728.835000 0.005107
728.870000 0.005016
728.905000 0.004927
728.940000 0.004838
728.975000 0.004750
729.010000 0.004661
729.045000 0.004572
729.080000 0.004481
729.115000 0.004389
729.150000 0.004294
729.185000 0.004196
729.220000 0.004096
729.255000 0.003993
729.290000 0.003889
729.325000 0.003782
729.360000 0.003675
729.395000 0.003567
729.430000 0.003459
729.465000 0.003353
729.500000 0.003248
729.535000 0.003145
729.570000 0.003045
729.605000 0.002948
729.640000 0.002854
729.675000 0.002764
729.710000 0.002677
729.745000 0.002593
729.780000 0.002513
729.815000 0.002436
729.850000 0.002362
729.885000 0.002291
729.920000 0.002222
729.955000 0.002156
729.990000 0.002092
730.025000 0.002030
730.060000 0.001971
730.095000 0.001914
730.130000 0.001860
730.165000 0.001808
730.200000 0.001758
730.235000 0.001711
730.270000 0.001665
730.305000 0.001622
730.340000 0.001581
730.375000 0.001542
730.410000 0.001504
730.445000 0.001468
730.480000 0.001434
730.515000 0.001402
730.550000 0.001371
730.585000 0.001341
730.620000 0.001313
730.655000 0.001286
730.690000 0.001260
730.725000 0.001235
730.760000 0.001212
730.795000 0.001190
730.830000 0.001169
730.865000 0.001149
730.900000 0.001130
730.935000 0.001112
730.970000 0.001095
731.005000 0.001078
731.040000 0.001062
731.075000 0.001047
731.110000 0.001033
731.145000 0.001019
731.180000 0.001006
731.215000 0.000992
731.250000 0.000980
731.285000 0.000967
731.320000 0.000955
731.355000 0.000943
731.390000 0.000931
731.425000 0.000919
731.460000 0.000907
731.495000 0.000896
731.530000 0.000884
731.565000 0.000873
731.600000 0.000862
731.635000 0.000851
731.670000 0.000840
731.705000 0.000829
731.740000 0.000819
731.775000 0.000808
731.810000 0.000798
731.845000 0.000789
731.880000 0.000779
731.915000 0.000770
731.950000 0.000761
731.985000 0.000753
732.020000 0.000745
732.055000 0.000737
732.090000 0.000730
732.125000 0.000723
732.160000 0.000716
732.195000 0.000709
732.230000 0.000703
732.265000 0.000696
732.300000 0.000690
732.335000 0.000684
732.370000 0.000678
732.405000 0.000673
732.440000 0.000667
732.475000 0.000661
732.510000 0.000655
732.545000 0.000649
732.580000 0.000644
732.615000 0.000638
732.650000 0.000632
732.685000 0.000625
732.720000 0.000619
732.755000 0.000612
732.790000 0.000606
732.825000 0.000599
732.860000 0.000592
732.895000 0.000584
732.930000 0.000577
732.965000 0.000569
733.000000 0.000561
733.035000 0.000553
733.070000 0.000545
733.105000 0.000538
733.140000 0.000530
733.175000 0.000522
733.210000 0.000515
733.245000 0.000508
733.280000 0.000501
733.315000 0.000494
733.350000 0.000487
733.385000 0.000481
733.420000 0.000475
733.455000 0.000470
733.490000 0.000464
733.525000 0.000459
733.560000 0.000455
733.595000 0.000450
733.630000 0.000445
733.665000 0.000441
733.700000 0.000436
733.735000 0.000432
733.770000 0.000427
733.805000 0.000423
733.840000 0.000418
733.875000 0.000413
733.910000 0.000409
733.945000 0.000404
733.980000 0.000399
734.015000 0.000393
734.050000 0.000388
734.085000 0.000383
734.120000 0.000378
734.155000 0.000373
734.190000 0.000368
734.225000 0.000363
734.260000 0.000358
734.295000 0.000353
734.330000 0.000348
734.365000 0.000343
734.400000 0.000339
734.435000 0.000334
734.470000 0.000330
734.505000 0.000326
734.540000 0.000322
734.575000 0.000318
734.610000 0.000314
734.645000 0.000311
734.680000 0.000307
734.715000 0.000304
734.750000 0.000300
734.785000 0.000297
734.820000 0.000294
734.855000 0.000291
734.890000 0.000288
734.925000 0.000286
734.960000 0.000283
734.995000 0.000281
735.030000 0.000278
735.065000 0.000276
735.100000 0.000274
735.135000 0.000272
735.170000 0.000270
735.205000 0.000268
735.240000 0.000266
735.275000 0.000264
735.310000 0.000262
735.345000 0.000260
735.380000 0.000258
735.415000 0.000256
735.450000 0.000255
735.485000 0.000253
735.520000 0.000251
735.555000 0.000249
735.590000 0.000247
735.625000 0.000246
735.660000 0.000244
735.695000 0.000242
735.730000 0.000240
735.765000 0.000238
735.800000 0.000236
735.835000 0.000234
735.870000 0.000233
735.905000 0.000231
735.940000 0.000229
735.975000 0.000227
736.010000 0.000225
736.045000 0.000223
736.080000 0.000221
736.115000 0.000219
736.150000 0.000217
736.185000 0.000216
736.220000 0.000214
736.255000 0.000212
736.290000 0.000210
736.325000 0.000209
736.360000 0.000207
736.395000 0.000205
736.430000 0.000204
736.465000 0.000202
736.500000 0.000201
736.535000 0.000199
736.570000 0.000198
736.605000 0.000196
736.640000 0.000195
736.675000 0.000194
736.710000 0.000192
736.745000 0.000191
736.780000 0.000189
736.815000 0.000188
736.850000 0.000187
736.885000 0.000185
736.920000 0.000184
736.955000 0.000182
736.990000 0.000181
737.025000 0.000180
737.060000 0.000178
737.095000 0.000177
737.130000 0.000176
737.165000 0.000174
737.200000 0.000173
737.235000 0.000172
737.270000 0.000170
737.305000 0.000169
737.340000 0.000168
737.375000 0.000167
737.410000 0.000166
737.445000 0.000165
737.480000 0.000163
737.515000 0.000162
737.550000 0.000161
737.585000 0.000160
737.620000 0.000159
737.655000 0.000158
737.690000 0.000157
737.725000 0.000156
737.760000 0.000155
737.795000 0.000154
737.830000 0.000153
737.865000 0.000152
737.900000 0.000152
737.935000 0.000151
737.970000 0.000150
738.005000 0.000149
738.040000 0.000148
738.075000 0.000147
738.110000 0.000146
738.145000 0.000145
738.180000 0.000145
738.215000 0.000144
738.250000 0.000143
738.285000 0.000142
738.320000 0.000141
738.355000 0.000141
738.390000 0.000140
738.425000 0.000139
738.460000 0.000138
738.495000 0.000138
738.530000 0.000137
738.565000 0.000136
738.600000 0.000135
738.635000 0.000135
738.670000 0.000134
738.705000 0.000133
738.740000 0.000133
738.775000 0.000132
738.810000 0.000131
738.845000 0.000131
738.880000 0.000130
738.915000 0.000129
738.950000 0.000129
738.985000 0.000128
739.020000 0.000127
739.055000 0.000127
739.090000 0.000126
739.125000 0.000125
739.160000 0.000125
739.195000 0.000124
739.230000 0.000123
739.265000 0.000123
739.300000 0.000122
739.335000 0.000122
739.370000 0.000121
739.405000 0.000120
739.440000 0.000120
739.475000 0.000119
739.510000 0.000118
739.545000 0.000118
739.580000 0.000117
739.615000 0.000117
739.650000 0.000116
739.685000 0.000115
739.720000 0.000114
739.755000 0.000113
739.790000 0.000111
739.825000 0.000107
739.860000 0.000101
739.895000 0.000091
739.930000 0.000079
739.965000 0.000064

#Sticks
710.250000 0.002561
710.355000 0.007991
711.020000 0.000235
711.125000 0.001100
711.160000 0.000371
711.230000 0.000119
711.265000 0.000178
711.335000 0.000308
711.405000 0.000015
711.475000 0.000097
711.545000 0.000118
711.580000 0.000020
711.720000 0.000147
711.790000 0.000051
711.860000 0.000455
711.930000 0.000181
712.140000 0.000008
712.245000 0.000091
712.280000 0.000437
712.315000 0.000231
712.350000 0.000094
712.420000 0.000012
712.455000 0.000076
712.490000 0.000072
712.560000 0.001754
712.595000 0.006326
712.630000 0.008384
712.700000 0.003165
712.735000 0.001758
712.840000 0.005103
712.910000 0.003743
712.945000 0.000001
712.980000 0.007428
713.050000 0.000177
713.085000 0.004445
713.155000 0.000914
713.260000 0.010629
713.295000 0.000789
713.330000 0.000014
713.400000 0.002041
713.470000 0.001668
713.505000 0.000245
713.540000 0.009313
713.610000 0.000003
713.645000 0.002530
713.750000 0.011558
713.855000 0.003925
713.925000 0.000209
713.995000 0.006416
714.065000 0.000077
714.100000 0.000016
714.135000 0.000897
714.240000 0.003579
714.275000 0.001951
714.310000 0.001445
714.345000 0.010750
714.415000 0.003396
714.450000 0.003008
714.485000 0.006710
714.555000 0.000035
714.590000 0.001529
714.660000 0.002363
714.695000 0.003561
714.765000 0.002104
714.800000 0.000557
714.835000 0.001976
714.870000 0.000002
714.905000 0.001603
714.940000 0.000542
714.975000 0.001213
715.045000 0.000611
715.080000 0.001580
715.115000 0.000088
715.150000 0.003198
715.185000 0.000858
715.255000 0.001225
715.290000 0.000592
715.325000 0.000310
715.360000 0.000073
715.395000 0.000389
715.430000 0.000923
715.465000 0.002470
715.500000 0.000282
715.535000 0.000089
715.570000 0.000447
715.640000 0.000008
715.675000 0.000012
715.710000 0.000743
715.745000 0.000031
715.780000 0.000595
715.850000 0.000555
715.885000 0.000772
715.920000 0.001387
715.990000 0.000213
716.025000 0.000399
716.095000 0.000007
716.130000 0.000004
716.165000 0.000290
716.200000 0.000069
716.235000 0.000607
716.270000 0.000438
716.305000 0.000012
716.340000 0.000098
716.375000 0.000497
716.410000 0.000205
716.480000 0.000665
716.515000 0.000387
716.550000 0.000084
716.585000 0.000063
716.620000 0.000832
716.655000 0.000179
716.690000 0.000496
716.725000 0.001222
716.760000 0.000099
716.795000 0.001016
716.830000 0.001365
716.865000 0.000189
716.900000 0.000445
716.935000 0.000427
716.970000 0.000009
717.005000 0.000477
717.040000 0.000032
717.075000 0.000011
717.110000 0.000319
717.145000 0.000575
717.180000 0.000028
717.215000 0.000104
717.250000 0.000073
717.285000 0.000141
717.320000 0.000773
717.390000 0.000100
717.460000 0.000022
717.495000 0.000510
717.530000 0.000005
717.565000 0.000056
717.600000 0.000020
717.635000 0.000024
717.670000 0.000003
717.705000 0.000047
717.740000 0.000040
717.775000 0.000304
717.810000 0.000109
717.845000 0.000214
717.880000 0.000021
717.950000 0.000004
717.985000 0.000023
718.020000 0.000027
718.055000 0.000065
718.090000 0.000027
718.125000 0.000038
718.160000 0.000041
718.195000 0.000092
718.230000 0.000027
718.265000 0.000058
718.300000 0.000033
718.335000 0.000003
718.370000 0.000002
718.405000 0.000036
718.440000 0.000070
718.475000 0.000068
718.545000 0.000023
718.580000 0.000044
718.615000 0.000086
718.650000 0.000050
718.685000 0.000019
718.720000 0.000001
718.755000 0.000037
718.790000 0.000044
718.825000 0.000001
718.860000 0.000037
718.895000 0.000017
718.930000 0.000007
718.965000 0.000038
719.035000 0.000019
719.070000 0.000016
719.105000 0.000046
719.140000 0.000032
719.175000 0.000043
719.210000 0.000027
719.280000 0.000052
719.315000 0.000058
719.350000 0.000020
719.420000 0.000076
719.455000 0.000019
719.490000 0.000032
719.525000 0.000019
719.560000 0.000020
719.595000 0.000005
719.630000 0.000003
719.665000 0.000001
719.700000 0.000007
719.770000 0.000006
719.805000 0.000018
719.875000 0.000001
719.910000 0.000018
719.945000 0.000002
719.980000 0.000002
720.015000 0.000086
720.050000 0.000004
720.120000 0.000011
720.190000 0.000030
720.225000 0.000005
720.295000 0.000003
720.330000 0.000008
720.365000 0.000004
720.435000 0.000010
720.470000 0.000013
720.505000 0.000007
720.540000 0.000032
720.645000 0.000015
720.680000 0.000048
720.715000 0.000006
720.750000 0.000034
720.855000 0.000149
720.890000 0.000023
720.995000 0.000004
721.030000 0.000013
721.065000 0.000017
721.135000 0.000002
721.170000 0.000003
721.205000 0.000003
721.240000 0.000015
721.310000 0.000007
721.345000 0.000016
721.380000 0.000025
721.415000 0.000012
721.450000 0.000001
721.485000 0.000004
721.555000 0.000027
721.625000 0.000020
721.695000 0.000009
721.765000 0.000006
721.870000 0.000010
721.905000 0.000002
721.940000 0.000009
722.010000 0.000003
722.150000 0.000004
722.220000 0.000002
722.255000 0.000001
722.325000 0.000001
722.465000 0.000017
722.605000 0.000001
722.640000 0.000006
722.710000 0.000021
722.780000 0.000091
722.920000 0.000019
722.955000 0.006128
723.025000 0.000025
723.095000 0.000033
723.130000 0.000001
723.165000 0.000089
723.235000 0.000004
723.270000 0.000001
723.375000 0.000003
723.585000 0.000040
723.655000 0.000006
723.690000 0.000009
723.725000 0.000003
723.865000 0.000002
724.040000 0.000035
724.180000 0.000330
724.250000 0.000113
724.285000 0.000074
724.355000 0.000263
724.425000 0.000265
724.460000 0.000023
724.600000 0.000026
724.705000 0.000068
724.775000 0.000002
724.845000 0.001262
724.880000 0.001203
724.915000 0.003981
724.985000 0.000001
725.020000 0.000619
725.160000 0.004218
725.265000 0.012724
725.335000 0.003512
725.440000 0.001158
725.475000 0.000625
725.545000 0.000537
725.580000 0.002456
725.615000 0.001000
725.650000 0.000052
725.720000 0.001386
725.755000 0.001997
725.790000 0.000222
725.825000 0.005661
725.860000 0.000335
725.895000 0.009106
726.035000 0.001359
726.070000 0.001505
726.175000 0.005751
726.315000 0.004415
726.350000 0.004914
726.420000 0.000165
726.490000 0.001990
726.630000 0.000368
726.665000 0.002708
726.735000 0.002426
726.840000 0.000852
726.910000 0.000002
726.980000 0.001049
727.015000 0.000098
727.085000 0.000031
727.120000 0.000870
727.155000 0.000142
727.190000 0.000400
727.225000 0.003090
727.295000 0.001415
727.330000 0.000132
727.365000 0.000004
727.505000 0.000404
727.575000 0.000037
727.715000 0.000479
727.750000 0.000074
727.820000 0.001365
727.890000 0.000159
727.925000 0.000700
728.065000 0.000101
728.100000 0.000327
728.205000 0.000784
728.240000 0.000145
728.275000 0.000035
728.310000 0.000618
728.345000 0.000058
728.415000 0.000202
728.450000 0.000365
728.485000 0.000013
728.520000 0.000006
728.555000 0.000266
728.590000 0.000119
728.625000 0.000278
728.695000 0.000087
728.730000 0.000545
728.800000 0.000084
728.835000 0.000025
728.905000 0.000352
728.975000 0.000017
729.010000 0.000099
729.045000 0.000345
729.080000 0.000213
729.150000 0.000084
729.185000 0.000419
729.220000 0.000047
729.255000 0.000670
729.325000 0.000046
729.430000 0.000140
729.465000 0.000094
729.500000 0.000022
729.535000 0.000018
729.570000 0.000063
729.605000 0.000008
729.675000 0.000029
729.710000 0.000003
729.745000 0.000008
729.850000 0.000223
729.920000 0.000001
729.955000 0.000081
729.990000 0.000033
730.025000 0.000004
730.165000 0.000012
730.340000 0.000023
730.375000 0.000007
730.410000 0.000031
730.445000 0.000004
730.480000 0.000019
730.550000 0.000003
730.585000 0.000013
730.620000 0.000005
730.655000 0.000008
730.830000 0.000005
730.865000 0.000004
730.935000 0.000028
731.040000 0.000016
731.075000 0.000001
731.110000 0.000007
731.145000 0.000002
731.250000 0.000034
731.355000 0.000044
731.390000 0.000008
731.425000 0.000001
731.460000 0.000015
731.530000 0.000007
731.600000 0.000005
731.635000 0.000025
731.670000 0.000026
731.705000 0.000004
731.740000 0.000006
731.810000 0.000002
731.845000 0.000002
731.915000 0.000009
731.950000 0.000001
732.020000 0.000015
732.125000 0.000003
732.160000 0.000013
732.195000 0.000027
732.265000 0.000003
732.335000 0.000012
732.405000 0.000007
732.475000 0.000030
732.510000 0.000002
732.545000 0.000010
732.615000 0.000018
732.650000 0.000005
732.790000 0.000059
732.825000 0.000010
732.965000 0.000028
733.000000 0.000017
733.175000 0.000014
733.280000 0.000004
733.385000 0.000004
733.455000 0.000003
733.700000 0.000019
733.735000 0.000001
733.805000 0.000026
733.875000 0.000014
733.945000 0.000006
734.085000 0.000009
734.260000 0.000009
734.365000 0.000001
734.645000 0.000003
734.750000 0.000001
735.240000 0.000004
735.450000 0.000005
735.520000 0.000001
735.730000 0.000010
735.870000 0.000002
736.045000 0.000002
736.115000 0.000002
736.430000 0.000001
736.570000 0.000001
736.780000 0.000004
736.885000 0.000001
739.090000 0.000001
