705.000000 0.000180
705.035000 0.000222
705.070000 0.000258
705.105000 0.000286
705.140000 0.000304
705.175000 0.000317
705.210000 0.000324
705.245000 0.000329
705.280000 0.000333
705.315000 0.000336
705.350000 0.000340
705.385000 0.000343
705.420000 0.000346
705.455000 0.000349
705.490000 0.000353
705.525000 0.000356
705.560000 0.000359
705.595000 0.000363
705.630000 0.000366
705.665000 0.000370
705.700000 0.000374
705.735000 0.000377
705.770000 0.000381
705.805000 0.000385
705.840000 0.000389
705.875000 0.000393
705.910000 0.000397
705.945000 0.000401
705.980000 0.000405
706.015000 0.000409
706.050000 0.000414
706.085000 0.000418
706.120000 0.000422
706.155000 0.000427
706.190000 0.000432
706.225000 0.000436
706.260000 0.000441
706.295000 0.000446
706.330000 0.000451
706.365000 0.000456
706.400000 0.000462
706.435000 0.000467
706.470000 0.000472
706.505000 0.000478
706.540000 0.000484
706.575000 0.000489
706.610000 0.000495
706.645000 0.000501
706.680000 0.000508
706.715000 0.000514
706.750000 0.000520
706.785000 0.000527
706.820000 0.000534
706.855000 0.000541
706.890000 0.000548
706.925000 0.000555
706.960000 0.000562
706.995000 0.000570
707.030000 0.000578
707.065000 0.000585
707.100000 0.000594
707.135000 0.000602
707.170000 0.000610
707.205000 0.000619
707.240000 0.000628
707.275000 0.000638
707.310000 0.000647
707.345000 0.000657
707.380000 0.000667
707.415000 0.000677
707.450000 0.000688
707.485000 0.000699
707.520000 0.000710
707.555000 0.000721
707.590000 0.000733
707.625000 0.000745
707.660000 0.000758
707.695000 0.000771
707.730000 0.000784
707.765000 0.000798
707.800000 0.000813
707.835000 0.000828
707.870000 0.000843
707.905000 0.000859
707.940000 0.000875
707.975000 0.000892
708.010000 0.000910
708.045000 0.000928
708.080000 0.000947
708.115000 0.000967
708.150000 0.000987
708.185000 0.001008
708.220000 0.001031
708.255000 0.001054
708.290000 0.001078
708.325000 0.001103
708.360000 0.001129
708.395000 0.001157
708.430000 0.001185
708.465000 0.001215
708.500000 0.001247
708.535000 0.001280
708.570000 0.001315
708.605000 0.001352
708.640000 0.001390
708.675000 0.001431
708.710000 0.001474
708.745000 0.001519
708.780000 0.001568
708.815000 0.001619
708.850000 0.001673
708.885000 0.001731
708.920000 0.001793
708.955000 0.001859
708.990000 0.001930
709.025000 0.002006
709.060000 0.002088
709.095000 0.002176
709.130000 0.002271
709.165000 0.002374
709.200000 0.002485
709.235000 0.002607
709.270000 0.002740
709.305000 0.002886
709.340000 0.003047
709.375000 0.003224
709.410000 0.003420
709.445000 0.003638
709.480000 0.003882
709.515000 0.004155
709.550000 0.004462
709.585000 0.004811
709.620000 0.005206
709.655000 0.005659
709.690000 0.006178
709.725000 0.006777
709.760000 0.007470
709.795000 0.008275
709.830000 0.009212
709.865000 0.010300
709.900000 0.011560
709.935000 0.013009
709.970000 0.014655
710.005000 0.016489
710.040000 0.018484
710.075000 0.020579
710.110000 0.022683
710.145000 0.024676
710.180000 0.026417
710.215000 0.027764
710.250000 0.028598
710.285000 0.028843
710.320000 0.028480
710.355000 0.027554
710.390000 0.026162
710.425000 0.024435
710.460000 0.022514
710.495000 0.020533
710.530000 0.018603
710.565000 0.016802
710.600000 0.015181
710.635000 0.013760
710.670000 0.012546
710.705000 0.011528
710.740000 0.010691
710.775000 0.010018
710.810000 0.009489
710.845000 0.009087
710.880000 0.008794
710.915000 0.008594
710.950000 0.008471
710.985000 0.008408
711.020000 0.008389
711.055000 0.008399
711.090000 0.008422
711.125000 0.008447
711.160000 0.008464
711.195000 0.008469
711.230000 0.008460
711.265000 0.008438
711.300000 0.008407
711.335000 0.008371
711.370000 0.008336
711.405000 0.008304
711.440000 0.008277
711.475000 0.008259
711.510000 0.008250
711.545000 0.008253
711.580000 0.008270
711.615000 0.008306
711.650000 0.008362
711.685000 0.008443
711.720000 0.008550
711.755000 0.008684
711.790000 0.008848
711.825000 0.009045
711.860000 0.009277
711.895000 0.009552
711.930000 0.009877
711.965000 0.010263
712.000000 0.010721
712.035000 0.011264
712.070000 0.011906
712.105000 0.012660
712.140000 0.013541
712.175000 0.014564
712.210000 0.015744
712.245000 0.017097
712.280000 0.018635
712.315000 0.020368
712.350000 0.022294
712.385000 0.024403
712.420000 0.026663
712.455000 0.029025
712.490000 0.031419
712.525000 0.033760
712.560000 0.035963
712.595000 0.037949
712.630000 0.039661
712.665000 0.041071
712.700000 0.042185
712.735000 0.043035
712.770000 0.043672
712.805000 0.044153
712.840000 0.044530
712.875000 0.044846
712.910000 0.045129
712.945000 0.045395
712.980000 0.045652
713.015000 0.045906
713.050000 0.046159
713.085000 0.046422
713.120000 0.046708
713.155000 0.047038
713.190000 0.047440
713.225000 0.047947
713.260000 0.048598
713.295000 0.049428
713.330000 0.050470
713.365000 0.051739
713.400000 0.053237
713.435000 0.054939
713.470000 0.056799
713.505000 0.058749
713.540000 0.060706
713.575000 0.062575
713.610000 0.064253
713.645000 0.065641
713.680000 0.066656
713.715000 0.067236
713.750000 0.067364
713.785000 0.067067
713.820000 0.066427
713.855000 0.065565
713.890000 0.064627
713.925000 0.063760
713.960000 0.063092
713.995000 0.062715
714.030000 0.062673
714.065000 0.062960
714.100000 0.063523
714.135000 0.064265
714.170000 0.065055
714.205000 0.065747
714.240000 0.066196
714.275000 0.066278
714.310000 0.065908
714.345000 0.065052
714.380000 0.063729
714.415000 0.062008
714.450000 0.059991
714.485000 0.057797
714.520000 0.055544
714.555000 0.053332
714.590000 0.051238
714.625000 0.049310
714.660000 0.047571
714.695000 0.046019
714.730000 0.044640
714.765000 0.043407
714.800000 0.042290
714.835000 0.041253
714.870000 0.040266
714.905000 0.039295
714.940000 0.038313
714.975000 0.037293
715.010000 0.036216
715.045000 0.035069
715.080000 0.033848
715.115000 0.032558
715.150000 0.031216
715.185000 0.029845
715.220000 0.028474
715.255000 0.027132
715.290000 0.025844
715.325000 0.024626
715.360000 0.023485
715.395000 0.022421
715.430000 0.021427
715.465000 0.020493
715.500000 0.019613
715.535000 0.018782
715.570000 0.018003
715.605000 0.017280
715.640000 0.016618
715.675000 0.016022
715.710000 0.015491
715.745000 0.015020
715.780000 0.014601
715.815000 0.014220
715.850000 0.013865
715.885000 0.013525
715.920000 0.013193
715.955000 0.012866
715.990000 0.012550
716.025000 0.012249
716.060000 0.011972
716.095000 0.011726
716.130000 0.011516
716.165000 0.011344
716.200000 0.011207
716.235000 0.011103
716.270000 0.011027
716.305000 0.010975
716.340000 0.010944
716.375000 0.010932
716.410000 0.010937
716.445000 0.010959
716.480000 0.010996
716.515000 0.011044
716.550000 0.011099
716.585000 0.011152
716.620000 0.011194
716.655000 0.011215
716.690000 0.011204
716.725000 0.011154
716.760000 0.011058
716.795000 0.010915
716.830000 0.010725
716.865000 0.010496
716.900000 0.010236
716.935000 0.009957
716.970000 0.009669
717.005000 0.009383
717.040000 0.009106
717.075000 0.008841
717.110000 0.008589
717.145000 0.008347
717.180000 0.008110
717.215000 0.007873
717.250000 0.007631
717.285000 0.007381
717.320000 0.007123
717.355000 0.006858
717.390000 0.006590
717.425000 0.006326
717.460000 0.006070
717.495000 0.005828
717.530000 0.005602
717.565000 0.005396
717.600000 0.005207
717.635000 0.005036
717.670000 0.004878
717.705000 0.004732
717.740000 0.004594
717.775000 0.004460
717.810000 0.004328
717.845000 0.004198
717.880000 0.004069
717.915000 0.003942
717.950000 0.003818
717.985000 0.003699
718.020000 0.003585
718.055000 0.003477
718.090000 0.003375
718.125000 0.003278
718.160000 0.003186
718.195000 0.003099
718.230000 0.003017
718.265000 0.002940
718.300000 0.002870
718.335000 0.002804
718.370000 0.002745
718.405000 0.002690
718.440000 0.002639
718.475000 0.002591
718.510000 0.002545
718.545000 0.002501
718.580000 0.002457
718.615000 0.002414
718.650000 0.002372
718.685000 0.002331
718.720000 0.002291
718.755000 0.002254
718.790000 0.002221
718.825000 0.002191
718.860000 0.002165
718.895000 0.002145
718.930000 0.002130
718.965000 0.002120
719.000000 0.002115
719.035000 0.002114
719.070000 0.002116
719.105000 0.002120
719.140000 0.002124
719.175000 0.002126
719.210000 0.002124
719.245000 0.002117
719.280000 0.002105
719.315000 0.002085
719.350000 0.002060
719.385000 0.002029
719.420000 0.001994
719.455000 0.001956
719.490000 0.001916
719.525000 0.001876
719.560000 0.001837
719.595000 0.001800
719.630000 0.001765
719.665000 0.001733
719.700000 0.001703
719.735000 0.001676
719.770000 0.001651
719.805000 0.001628
719.840000 0.001607
719.875000 0.001587
719.910000 0.001570
719.945000 0.001554
719.980000 0.001539
720.015000 0.001526
720.050000 0.001515
720.085000 0.001505
720.120000 0.001497
720.155000 0.001491
720.190000 0.001487
720.225000 0.001484
720.260000 0.001483
720.295000 0.001483
720.330000 0.001484
720.365000 0.001487
720.400000 0.001490
720.435000 0.001495
720.470000 0.001499
720.505000 0.001505
720.540000 0.001511
720.575000 0.001517
720.610000 0.001523
720.645000 0.001529
720.680000 0.001535
720.715000 0.001541
720.750000 0.001546
720.785000 0.001552
720.820000 0.001557
720.855000 0.001562
720.890000 0.001568
720.925000 0.001573
720.960000 0.001578
720.995000 0.001583
721.030000 0.001588
721.065000 0.001594
721.100000 0.001600
721.135000 0.001606
721.170000 0.001614
721.205000 0.001621
721.240000 0.001630
721.275000 0.001639
721.310000 0.001649
721.345000 0.001660
721.380000 0.001672
721.415000 0.001685
721.450000 0.001699
721.485000 0.001714
721.520000 0.001730
721.555000 0.001748
721.590000 0.001767
721.625000 0.001787
721.660000 0.001809
721.695000 0.001833
721.730000 0.001859
721.765000 0.001887
721.800000 0.001917
721.835000 0.001950
721.870000 0.001985
721.905000 0.002023
721.940000 0.002064
721.975000 0.002108
722.010000 0.002156
722.045000 0.002207
722.080000 0.002263
722.115000 0.002323
722.150000 0.002388
722.185000 0.002458
722.220000 0.002533
722.255000 0.002615
722.290000 0.002702
722.325000 0.002797
722.360000 0.002898
722.395000 0.003006
722.430000 0.003122
722.465000 0.003245
722.500000 0.003376
722.535000 0.003513
722.570000 0.003656
722.605000 0.003804
722.640000 0.003955
722.675000 0.004108
722.710000 0.004260
722.745000 0.004409
722.780000 0.004550
722.815000 0.004682
722.850000 0.004800
722.885000 0.004902
722.920000 0.004986
722.955000 0.005051
722.990000 0.005095
723.025000 0.005119
723.060000 0.005125
723.095000 0.005114
723.130000 0.005090
723.165000 0.005055
723.200000 0.005014
723.235000 0.004969
723.270000 0.004924
723.305000 0.004881
723.340000 0.004844
723.375000 0.004813
723.410000 0.004792
723.445000 0.004780
723.480000 0.004779
723.515000 0.004789
723.550000 0.004812
723.585000 0.004847
723.620000 0.004894
723.655000 0.004953
723.690000 0.005026
723.725000 0.005112
723.760000 0.005210
723.795000 0.005322
723.830000 0.005447
723.865000 0.005587
723.900000 0.005740
723.935000 0.005907
723.970000 0.006088
724.005000 0.006284
724.040000 0.006495
724.075000 0.006721
724.110000 0.006963
724.145000 0.007220
724.180000 0.007494
724.215000 0.007786
724.250000 0.008096
724.285000 0.008425
724.320000 0.008775
724.355000 0.009148
724.390000 0.009546
724.425000 0.009970
724.460000 0.010423
724.495000 0.010907
724.530000 0.011424
724.565000 0.011976
724.600000 0.012564
724.635000 0.013190
724.670000 0.013853
724.705000 0.014554
724.740000 0.015293
724.775000 0.016068
724.810000 0.016877
724.845000 0.017718
724.880000 0.018588
724.915000 0.019483
724.950000 0.020397
724.985000 0.021325
725.020000 0.022260
725.055000 0.023193
725.090000 0.024117
725.125000 0.025022
725.160000 0.025899
725.195000 0.026740
725.230000 0.027536
725.265000 0.028284
725.300000 0.028982
725.335000 0.029629
725.370000 0.030228
725.405000 0.030786
725.440000 0.031309
725.475000 0.031805
725.510000 0.032281
725.545000 0.032743
725.580000 0.033194
725.615000 0.033635
725.650000 0.034063
725.685000 0.034473
725.720000 0.034854
725.755000 0.035197
725.790000 0.035488
725.825000 0.035715
725.860000 0.035865
725.895000 0.035927
725.930000 0.035894
725.965000 0.035760
726.000000 0.035524
726.035000 0.035186
726.070000 0.034752
726.105000 0.034228
726.140000 0.033625
726.175000 0.032953
726.210000 0.032223
726.245000 0.031449
726.280000 0.030641
726.315000 0.029812
726.350000 0.028971
726.385000 0.028128
726.420000 0.027291
726.455000 0.026466
726.490000 0.025658
726.525000 0.024872
726.560000 0.024110
726.595000 0.023373
726.630000 0.022664
726.665000 0.021982
726.700000 0.021329
726.735000 0.020703
726.770000 0.020107
726.805000 0.019538
726.840000 0.018998
726.875000 0.018486
726.910000 0.017999
726.945000 0.017538
726.980000 0.017098
727.015000 0.016679
727.050000 0.016275
727.085000 0.015885
727.120000 0.015505
727.155000 0.015131
727.190000 0.014763
727.225000 0.014398
727.260000 0.014036
727.295000 0.013676
727.330000 0.013320
727.365000 0.012969
727.400000 0.012625
727.435000 0.012291
727.470000 0.011968
727.505000 0.011659
727.540000 0.011366
727.575000 0.011088
727.610000 0.010828
727.645000 0.010585
727.680000 0.010358
727.715000 0.010147
727.750000 0.009951
727.785000 0.009767
727.820000 0.009594
727.855000 0.009430
727.890000 0.009275
727.925000 0.009125
727.960000 0.008981
727.995000 0.008840
728.030000 0.008702
728.065000 0.008565
728.100000 0.008429
728.135000 0.008293
728.170000 0.008157
728.205000 0.008019
728.240000 0.007881
728.275000 0.007741
728.310000 0.007600
728.345000 0.007458
728.380000 0.007315
728.415000 0.007171
728.450000 0.007027
728.485000 0.006883
728.520000 0.006739
728.555000 0.006597
728.590000 0.006455
728.625000 0.006315
728.660000 0.006177
728.695000 0.006041
728.730000 0.005908
728.765000 0.005777
728.800000 0.005649
728.835000 0.005524
728.870000 0.005402
728.905000 0.005283
728.940000 0.005166
728.975000 0.005051
729.010000 0.004938
729.045000 0.004827
729.080000 0.004717
729.115000 0.004607
729.150000 0.004497
729.185000 0.004387
729.220000 0.004277
729.255000 0.004166
729.290000 0.004056
729.325000 0.003945
729.360000 0.003834
729.395000 0.003723
729.430000 0.003614
729.465000 0.003505
729.500000 0.003399
729.535000 0.003294
729.570000 0.003192
729.605000 0.003092
729.640000 0.002995
729.675000 0.002901
729.710000 0.002810
729.745000 0.002722
729.780000 0.002638
729.815000 0.002557
729.850000 0.002479
729.885000 0.002405
729.920000 0.002333
729.955000 0.002265
729.990000 0.002200
730.025000 0.002137
730.060000 0.002078
730.095000 0.002021
730.130000 0.001967
730.165000 0.001915
730.200000 0.001866
730.235000 0.001820
730.270000 0.001776
730.305000 0.001734
730.340000 0.001694
730.375000 0.001656
730.410000 0.001619
730.445000 0.001584
730.480000 0.001551
730.515000 0.001519
730.550000 0.001488
730.585000 0.001458
730.620000 0.001429
730.655000 0.001401
730.690000 0.001374
730.725000 0.001349
730.760000 0.001324
730.795000 0.001300
730.830000 0.001277
730.865000 0.001255
730.900000 0.001234
730.935000 0.001214
730.970000 0.001195
731.005000 0.001177
731.040000 0.001160
731.075000 0.001144
731.110000 0.001128
731.145000 0.001114
731.180000 0.001100
731.215000 0.001087
731.250000 0.001075
731.285000 0.001063
731.320000 0.001052
731.355000 0.001041
731.390000 0.001030
731.425000 0.001020
731.460000 0.001010
731.495000 0.001000
731.530000 0.000990
731.565000 0.000980
731.600000 0.000970
731.635000 0.000960
731.670000 0.000951
731.705000 0.000941
731.740000 0.000931
731.775000 0.000922
731.810000 0.000912
731.845000 0.000903
731.880000 0.000894
731.915000 0.000885
731.950000 0.000877
731.985000 0.000869
732.020000 0.000861
732.055000 0.000853
732.090000 0.000846
732.125000 0.000838
732.160000 0.000831
732.195000 0.000823
732.230000 0.000816
732.265000 0.000808
732.300000 0.000800
732.335000 0.000792
732.370000 0.000783
732.405000 0.000775
732.440000 0.000765
732.475000 0.000756
732.510000 0.000746
732.545000 0.000737
732.580000 0.000727
732.615000 0.000716
732.650000 0.000706
732.685000 0.000696
732.720000 0.000686
732.755000 0.000676
732.790000 0.000666
732.825000 0.000656
732.860000 0.000646
732.895000 0.000637
732.930000 0.000627
732.965000 0.000618
733.000000 0.000609
733.035000 0.000600
733.070000 0.000591
733.105000 0.000582
733.140000 0.000574
733.175000 0.000565
733.210000 0.000557
733.245000 0.000549
733.280000 0.000541
733.315000 0.000533
733.350000 0.000526
733.385000 0.000518
733.420000 0.000511
733.455000 0.000504
733.490000 0.000497
733.525000 0.000491
733.560000 0.000484
733.595000 0.000478
733.630000 0.000472
733.665000 0.000466
733.700000 0.000461
733.735000 0.000455
733.770000 0.000450
733.805000 0.000444
733.840000 0.000439
733.875000 0.000433
733.910000 0.000428
733.945000 0.000423
733.980000 0.000418
734.015000 0.000412
734.050000 0.000407
734.085000 0.000402
734.120000 0.000397
734.155000 0.000392
734.190000 0.000387
734.225000 0.000382
734.260000 0.000377
734.295000 0.000372
734.330000 0.000368
734.365000 0.000363
734.400000 0.000359
734.435000 0.000355
734.470000 0.000351
734.505000 0.000347
734.540000 0.000343
734.575000 0.000339
734.610000 0.000335
734.645000 0.000332
734.680000 0.000328
734.715000 0.000325
734.750000 0.000322
734.785000 0.000319
734.820000 0.000316
734.855000 0.000313
734.890000 0.000310
734.925000 0.000307
734.960000 0.000304
734.995000 0.000302
735.030000 0.000299
735.065000 0.000297
735.100000 0.000294
735.135000 0.000292
735.170000 0.000290
735.205000 0.000287
735.240000 0.000285
735.275000 0.000283
735.310000 0.000281
735.345000 0.000279
735.380000 0.000277
735.415000 0.000275
735.450000 0.000273
735.485000 0.000271
735.520000 0.000269
735.555000 0.000267
735.590000 0.000265
735.625000 0.000263
735.660000 0.000261
735.695000 0.000259
735.730000 0.000257
735.765000 0.000255
735.800000 0.000253
735.835000 0.000251
735.870000 0.000249
735.905000 0.000247
735.940000 0.000245
735.975000 0.000243
736.010000 0.000241
736.045000 0.000239
736.080000 0.000237
736.115000 0.000235
736.150000 0.000234
736.185000 0.000232
736.220000 0.000230
736.255000 0.000228
736.290000 0.000227
736.325000 0.000225
736.360000 0.000223
736.395000 0.000222
736.430000 0.000220
736.465000 0.000218
736.500000 0.000217
736.535000 0.000215
736.570000 0.000214
736.605000 0.000212
736.640000 0.000210
736.675000 0.000209
736.710000 0.000207
736.745000 0.000206
736.780000 0.000204
736.815000 0.000203
736.850000 0.000201
736.885000 0.000200
736.920000 0.000199
736.955000 0.000197
736.990000 0.000196
737.025000 0.000194
737.060000 0.000193
737.095000 0.000191
737.130000 0.000190
737.165000 0.000189
737.200000 0.000187
737.235000 0.000186
737.270000 0.000185
737.305000 0.000183
737.340000 0.000182
737.375000 0.000181
737.410000 0.000180
737.445000 0.000179
737.480000 0.000177
737.515000 0.000176
737.550000 0.000175
737.585000 0.000174
737.620000 0.000173
737.655000 0.000172
737.690000 0.000171
737.725000 0.000170
737.760000 0.000169
737.795000 0.000168
737.830000 0.000167
737.865000 0.000166
737.900000 0.000165
737.935000 0.000164
737.970000 0.000163
738.005000 0.000162
738.040000 0.000161
738.075000 0.000160
738.110000 0.000159
738.145000 0.000158
738.180000 0.000157
738.215000 0.000156
738.250000 0.000155
738.285000 0.000154
738.320000 0.000153
738.355000 0.000153
738.390000 0.000152
738.425000 0.000151
738.460000 0.000150
738.495000 0.000149
738.530000 0.000148
738.565000 0.000148
738.600000 0.000147
738.635000 0.000146
738.670000 0.000145
738.705000 0.000145
738.740000 0.000144
738.775000 0.000143
738.810000 0.000142
738.845000 0.000142
738.880000 0.000141
738.915000 0.000140
738.950000 0.000139
738.985000 0.000139
739.020000 0.000138
739.055000 0.000137
739.090000 0.000137
739.125000 0.000136
739.160000 0.000135
739.195000 0.000135
739.230000 0.000134
739.265000 0.000133
739.300000 0.000132
739.335000 0.000132
739.370000 0.000131
739.405000 0.000130
739.440000 0.000130
739.475000 0.000129
739.510000 0.000128
739.545000 0.000128
739.580000 0.000127
739.615000 0.000126
739.650000 0.000126
739.685000 0.000125
739.720000 0.000124
739.755000 0.000123
739.790000 0.000120
739.825000 0.000116
739.860000 0.000109
739.895000 0.000099
739.930000 0.000085
739.965000 0.000069

#Sticks
710.250000 0.018700
710.355000 0.005625
711.020000 0.000227
711.125000 0.001075
711.160000 0.000212
711.230000 0.000659
711.265000 0.000165
711.335000 0.000203
711.405000 0.000009
711.475000 0.000704
711.545000 0.000424
711.580000 0.000012
711.720000 0.000107
711.790000 0.000376
711.860000 0.000290
711.930000 0.000151
712.035000 0.000004
712.140000 0.000008
712.245000 0.000068
712.280000 0.000351
712.315000 0.000177
712.350000 0.000076
712.420000 0.000093
712.455000 0.000559
712.490000 0.000037
712.560000 0.000892
712.595000 0.006525
712.630000 0.005357
712.700000 0.005716
712.735000 0.001435
712.840000 0.003908
712.910000 0.002099
712.980000 0.005649
713.050000 0.001220
713.085000 0.003457
713.155000 0.003916
713.260000 0.005754
713.295000 0.000425
713.330000 0.000116
713.400000 0.001731
713.470000 0.001690
713.505000 0.001777
713.540000 0.009012
713.610000 0.000003
713.645000 0.003832
713.750000 0.025008
713.855000 0.002500
713.925000 0.001608
713.995000 0.003931
714.065000 0.000053
714.100000 0.000043
714.135000 0.006493
714.240000 0.008004
714.275000 0.001019
714.310000 0.011125
714.345000 0.006080
714.415000 0.004530
714.450000 0.001989
714.485000 0.003777
714.555000 0.000250
714.590000 0.001516
714.660000 0.001378
714.695000 0.003316
714.765000 0.001283
714.800000 0.000349
714.835000 0.003184
714.870000 0.000002
714.905000 0.003229
714.940000 0.001346
714.975000 0.001206
715.045000 0.004525
715.080000 0.000937
715.115000 0.000081
715.150000 0.003390
715.185000 0.000594
715.255000 0.000693
715.290000 0.000512
715.325000 0.000387
715.360000 0.000170
715.395000 0.000261
715.430000 0.000683
715.465000 0.002030
715.500000 0.000316
715.535000 0.000615
715.570000 0.000335
715.640000 0.000007
715.675000 0.000008
715.710000 0.000445
715.745000 0.000217
715.780000 0.000463
715.850000 0.000306
715.885000 0.000850
715.920000 0.001307
715.990000 0.000210
716.025000 0.000264
716.095000 0.000057
716.130000 0.000002
716.165000 0.000251
716.200000 0.000508
716.235000 0.000336
716.270000 0.000418
716.305000 0.000094
716.340000 0.000092
716.375000 0.000853
716.410000 0.000117
716.480000 0.000364
716.515000 0.000230
716.550000 0.000057
716.585000 0.000473
716.620000 0.000503
716.655000 0.000106
716.690000 0.000879
716.725000 0.000655
716.760000 0.000102
716.795000 0.000589
716.830000 0.001192
716.865000 0.000394
716.900000 0.000289
716.935000 0.000234
716.970000 0.000070
717.005000 0.000473
717.040000 0.000024
717.075000 0.000080
717.110000 0.000276
717.145000 0.000316
717.180000 0.000193
717.215000 0.000068
717.250000 0.000532
717.285000 0.000138
717.320000 0.000885
717.390000 0.000083
717.425000 0.000001
717.460000 0.000017
717.495000 0.000337
717.530000 0.000035
717.565000 0.000044
717.600000 0.000146
717.635000 0.000023
717.670000 0.000002
717.705000 0.000038
717.740000 0.000150
717.775000 0.000298
717.810000 0.000190
717.845000 0.000153
717.880000 0.000014
717.950000 0.000034
717.985000 0.000053
718.020000 0.000014
718.055000 0.000040
718.090000 0.000194
718.125000 0.000020
718.160000 0.000041
718.195000 0.000094
718.230000 0.000019
718.265000 0.000043
718.300000 0.000038
718.335000 0.000002
718.370000 0.000009
718.405000 0.000020
718.440000 0.000069
718.475000 0.000107
718.545000 0.000048
718.580000 0.000030
718.615000 0.000051
718.650000 0.000055
718.685000 0.000047
718.755000 0.000038
718.790000 0.000043
718.825000 0.000004
718.860000 0.000023
718.895000 0.000016
718.930000 0.000007
718.965000 0.000034
719.000000 0.000006
719.035000 0.000012
719.070000 0.000016
719.105000 0.000042
719.140000 0.000049
719.175000 0.000026
719.210000 0.000109
719.280000 0.000073
719.315000 0.000168
719.350000 0.000019
719.420000 0.000070
719.455000 0.000018
719.490000 0.000019
719.525000 0.000018
719.560000 0.000012
719.595000 0.000021
719.630000 0.000002
719.665000 0.000001
719.700000 0.000053
719.770000 0.000006
719.805000 0.000015
719.875000 0.000015
719.910000 0.000016
719.945000 0.000015
719.980000 0.000002
720.015000 0.000070
720.050000 0.000004
720.085000 0.000002
720.120000 0.000007
720.190000 0.000024
720.225000 0.000028
720.295000 0.000004
720.330000 0.000007
720.365000 0.000004
720.435000 0.000030
720.470000 0.000009
720.505000 0.000049
720.540000 0.000029
720.610000 0.000002
720.645000 0.000013
720.680000 0.000047
720.715000 0.000041
720.750000 0.000025
720.855000 0.000102
720.890000 0.000021
720.995000 0.000027
721.030000 0.000009
721.065000 0.000016
721.135000 0.000018
721.170000 0.000002
721.205000 0.000020
721.240000 0.000014
721.310000 0.000012
721.345000 0.000015
721.380000 0.000034
721.415000 0.000008
721.450000 0.000009
721.485000 0.000004
721.555000 0.000019
721.625000 0.000019
721.695000 0.000015
721.765000 0.000007
721.800000 0.000001
721.870000 0.000011
721.905000 0.000001
721.940000 0.000009
721.975000 0.000005
722.010000 0.000002
722.150000 0.000005
722.220000 0.000001
722.325000 0.000002
722.395000 0.000001
722.465000 0.000016
722.640000 0.000004
722.675000 0.000004
722.710000 0.000011
722.780000 0.000068
722.920000 0.000013
722.955000 0.004366
723.025000 0.000021
723.095000 0.000021
723.130000 0.000006
723.165000 0.000058
723.235000 0.000003
723.270000 0.000001
723.375000 0.000001
723.410000 0.000003
723.585000 0.000043
723.655000 0.000006
723.690000 0.000009
723.725000 0.000004
723.865000 0.000012
724.040000 0.000025
724.180000 0.000299
724.250000 0.000133
724.285000 0.000067
724.355000 0.000460
724.425000 0.000215
724.460000 0.000023
724.565000 0.000005
724.600000 0.000014
724.670000 0.000003
724.705000 0.000059
724.775000 0.000010
724.845000 0.000733
724.880000 0.000677
724.915000 0.002273
724.985000 0.000008
725.020000 0.000348
725.160000 0.004107
725.265000 0.007211
725.335000 0.009368
725.440000 0.001742
725.475000 0.000578
725.545000 0.000536
725.580000 0.001431
725.615000 0.000539
725.650000 0.000368
725.720000 0.001288
725.755000 0.001395
725.790000 0.001541
725.825000 0.004938
725.860000 0.000179
725.895000 0.012765
726.035000 0.009936
726.070000 0.001286
726.175000 0.006516
726.315000 0.002533
726.350000 0.003180
726.420000 0.000088
726.490000 0.001249
726.630000 0.002600
726.665000 0.001974
726.735000 0.001464
726.840000 0.000520
726.910000 0.000017
726.980000 0.000868
727.015000 0.000763
727.085000 0.000219
727.120000 0.000860
727.155000 0.000143
727.190000 0.000320
727.225000 0.003017
727.295000 0.000795
727.330000 0.000945
727.365000 0.000010
727.505000 0.000385
727.575000 0.000274
727.715000 0.000483
727.750000 0.000049
727.820000 0.001212
727.890000 0.000123
727.925000 0.000633
728.065000 0.000741
728.100000 0.000327
728.205000 0.000755
728.240000 0.000514
728.275000 0.000022
728.310000 0.000513
728.345000 0.000430
728.415000 0.000169
728.450000 0.000256
728.485000 0.000073
728.520000 0.000138
728.555000 0.000028
728.590000 0.000642
728.625000 0.000149
728.695000 0.000196
728.730000 0.000300
728.800000 0.000071
728.835000 0.000181
728.905000 0.000261
728.975000 0.000127
729.010000 0.000100
729.045000 0.000275
729.080000 0.000175
729.150000 0.000049
729.185000 0.000229
729.220000 0.000145
729.255000 0.000591
729.325000 0.000026
729.430000 0.000098
729.465000 0.000094
729.500000 0.000167
729.535000 0.000014
729.570000 0.000062
729.605000 0.000063
729.675000 0.000016
729.710000 0.000028
729.745000 0.000008
729.850000 0.000120
729.920000 0.000010
729.955000 0.000044
729.990000 0.000027
730.025000 0.000034
730.165000 0.000007
730.340000 0.000014
730.375000 0.000050
730.410000 0.000016
730.445000 0.000002
730.480000 0.000010
730.550000 0.000022
730.585000 0.000011
730.620000 0.000003
730.655000 0.000054
730.830000 0.000015
730.865000 0.000002
730.900000 0.000001
730.935000 0.000019
731.040000 0.000009
731.075000 0.000008
731.110000 0.000004
731.145000 0.000001
731.250000 0.000021
731.285000 0.000002
731.355000 0.000026
731.390000 0.000005
731.425000 0.000001
731.460000 0.000041
731.530000 0.000004
731.600000 0.000041
731.635000 0.000018
731.670000 0.000018
731.705000 0.000010
731.740000 0.000022
731.810000 0.000001
731.845000 0.000020
731.915000 0.000007
731.950000 0.000005
732.020000 0.000013
732.125000 0.000027
732.160000 0.000013
732.195000 0.000016
732.265000 0.000001
732.335000 0.000090
732.405000 0.000006
732.475000 0.000050
732.510000 0.000002
732.545000 0.000010
732.615000 0.000014
732.650000 0.000004
732.685000 0.000002
732.790000 0.000033
732.825000 0.000009
732.895000 0.000006
732.965000 0.000020
733.000000 0.000010
733.175000 0.000008
733.280000 0.000034
733.385000 0.000002
733.455000 0.000003
733.700000 0.000011
733.735000 0.000002
733.805000 0.000015
733.875000 0.000009
733.945000 0.000005
734.050000 0.000002
734.085000 0.000007
734.260000 0.000005
734.365000 0.000001
734.575000 0.000001
734.645000 0.000004
734.750000 0.000001
735.065000 0.000002
735.240000 0.000003
735.310000 0.000001
735.450000 0.000004
735.485000 0.000001
735.660000 0.000001
735.730000 0.000006
735.870000 0.000001
735.940000 0.000001
736.045000 0.000001
736.115000 0.000003
736.430000 0.000001
736.535000 0.000002
736.570000 0.000001
736.780000 0.000002
736.885000 0.000001
737.025000 0.000001
737.795000 0.000001
739.090000 0.000001
