705.000000 0.000535
705.035000 0.000661
705.070000 0.000768
705.105000 0.000849
705.140000 0.000905
705.175000 0.000941
705.210000 0.000964
705.245000 0.000979
705.280000 0.000990
705.315000 0.001000
705.350000 0.001009
705.385000 0.001019
705.420000 0.001028
705.455000 0.001038
705.490000 0.001048
705.525000 0.001058
705.560000 0.001068
705.595000 0.001078
705.630000 0.001088
705.665000 0.001099
705.700000 0.001110
705.735000 0.001120
705.770000 0.001132
705.805000 0.001143
705.840000 0.001154
705.875000 0.001166
705.910000 0.001178
705.945000 0.001190
705.980000 0.001202
706.015000 0.001215
706.050000 0.001228
706.085000 0.001241
706.120000 0.001254
706.155000 0.001267
706.190000 0.001281
706.225000 0.001295
706.260000 0.001310
706.295000 0.001324
706.330000 0.001339
706.365000 0.001354
706.400000 0.001369
706.435000 0.001385
706.470000 0.001401
706.505000 0.001418
706.540000 0.001434
706.575000 0.001452
706.610000 0.001469
706.645000 0.001487
706.680000 0.001505
706.715000 0.001524
706.750000 0.001543
706.785000 0.001562
706.820000 0.001582
706.855000 0.001602
706.890000 0.001623
706.925000 0.001644
706.960000 0.001666
706.995000 0.001688
707.030000 0.001711
707.065000 0.001734
707.100000 0.001758
707.135000 0.001783
707.170000 0.001808
707.205000 0.001834
707.240000 0.001861
707.275000 0.001888
707.310000 0.001916
707.345000 0.001944
707.380000 0.001974
707.415000 0.002004
707.450000 0.002035
707.485000 0.002067
707.520000 0.002100
707.555000 0.002134
707.590000 0.002169
707.625000 0.002205
707.660000 0.002242
707.695000 0.002280
707.730000 0.002320
707.765000 0.002361
707.800000 0.002403
707.835000 0.002446
707.870000 0.002491
707.905000 0.002538
707.940000 0.002586
707.975000 0.002636
708.010000 0.002687
708.045000 0.002741
708.080000 0.002796
708.115000 0.002854
708.150000 0.002914
708.185000 0.002977
708.220000 0.003042
708.255000 0.003109
708.290000 0.003180
708.325000 0.003254
708.360000 0.003331
708.395000 0.003411
708.430000 0.003495
708.465000 0.003583
708.500000 0.003676
708.535000 0.003773
708.570000 0.003875
708.605000 0.003982
708.640000 0.004095
708.675000 0.004214
708.710000 0.004340
708.745000 0.004473
708.780000 0.004615
708.815000 0.004764
708.850000 0.004924
708.885000 0.005093
708.920000 0.005274
708.955000 0.005467
708.990000 0.005674
709.025000 0.005896
709.060000 0.006134
709.095000 0.006391
709.130000 0.006669
709.165000 0.006970
709.200000 0.007297
709.235000 0.007653
709.270000 0.008042
709.305000 0.008468
709.340000 0.008937
709.375000 0.009454
709.410000 0.010027
709.445000 0.010665
709.480000 0.011376
709.515000 0.012174
709.550000 0.013072
709.585000 0.014090
709.620000 0.015246
709.655000 0.016568
709.690000 0.018086
709.725000 0.019836
709.760000 0.021862
709.795000 0.024215
709.830000 0.026951
709.865000 0.030130
709.900000 0.033811
709.935000 0.038040
709.970000 0.042840
710.005000 0.048186
710.040000 0.053989
710.075000 0.060075
710.110000 0.066176
710.145000 0.071937
710.180000 0.076950
710.215000 0.080807
710.250000 0.083163
710.285000 0.083805
710.320000 0.082687
710.355000 0.079944
710.390000 0.075862
710.425000 0.070822
710.460000 0.065239
710.495000 0.059497
710.530000 0.053913
710.565000 0.048713
710.600000 0.044036
710.635000 0.039946
710.670000 0.036451
710.705000 0.033527
710.740000 0.031128
710.775000 0.029200
710.810000 0.027691
710.845000 0.026547
710.880000 0.025720
710.915000 0.025163
710.950000 0.024828
710.985000 0.024668
711.020000 0.024638
711.055000 0.024690
711.090000 0.024785
711.125000 0.024886
711.160000 0.024969
711.195000 0.025017
711.230000 0.025027
711.265000 0.025002
711.300000 0.024954
711.335000 0.024895
711.370000 0.024835
711.405000 0.024784
711.440000 0.024749
711.475000 0.024734
711.510000 0.024742
711.545000 0.024781
711.580000 0.024857
711.615000 0.024981
711.650000 0.025161
711.685000 0.025406
711.720000 0.025723
711.755000 0.026117
711.790000 0.026595
711.825000 0.027166
711.860000 0.027843
711.895000 0.028646
711.930000 0.029601
711.965000 0.030738
712.000000 0.032092
712.035000 0.033702
712.070000 0.035608
712.105000 0.037851
712.140000 0.040475
712.175000 0.043521
712.210000 0.047036
712.245000 0.051063
712.280000 0.055639
712.315000 0.060789
712.350000 0.066510
712.385000 0.072765
712.420000 0.079461
712.455000 0.086446
712.490000 0.093515
712.525000 0.100421
712.560000 0.106908
712.595000 0.112748
712.630000 0.117776
712.665000 0.121914
712.700000 0.125180
712.735000 0.127670
712.770000 0.129533
712.805000 0.130935
712.840000 0.132033
712.875000 0.132949
712.910000 0.133771
712.945000 0.134551
712.980000 0.135317
713.015000 0.136088
713.050000 0.136880
713.085000 0.137717
713.120000 0.138638
713.155000 0.139700
713.190000 0.140978
713.225000 0.142569
713.260000 0.144578
713.295000 0.147111
713.330000 0.150257
713.365000 0.154064
713.400000 0.158528
713.435000 0.163575
713.470000 0.169064
713.505000 0.174793
713.540000 0.180511
713.575000 0.185939
713.610000 0.190783
713.645000 0.194766
713.680000 0.197648
713.715000 0.199268
713.750000 0.199581
713.785000 0.198679
713.820000 0.196795
713.855000 0.194280
713.890000 0.191548
713.925000 0.189021
713.960000 0.187064
713.995000 0.185940
714.030000 0.185782
714.065000 0.186578
714.100000 0.188177
714.135000 0.190305
714.170000 0.192595
714.205000 0.194628
714.240000 0.195987
714.275000 0.196311
714.310000 0.195350
714.345000 0.192994
714.380000 0.189290
714.415000 0.184421
714.450000 0.178671
714.485000 0.172374
714.520000 0.165866
714.555000 0.159440
714.590000 0.153322
714.625000 0.147661
714.660000 0.142528
714.695000 0.137933
714.730000 0.133834
714.765000 0.130161
714.800000 0.126823
714.835000 0.123725
714.870000 0.120769
714.905000 0.117865
714.940000 0.114928
714.975000 0.111882
715.010000 0.108670
715.045000 0.105253
715.080000 0.101618
715.115000 0.097783
715.150000 0.093795
715.185000 0.089725
715.220000 0.085657
715.255000 0.081676
715.290000 0.077854
715.325000 0.074239
715.360000 0.070853
715.395000 0.067694
715.430000 0.064740
715.465000 0.061967
715.500000 0.059354
715.535000 0.056890
715.570000 0.054580
715.605000 0.052438
715.640000 0.050478
715.675000 0.048712
715.710000 0.047136
715.745000 0.045735
715.780000 0.044480
715.815000 0.043332
715.850000 0.042254
715.885000 0.041214
715.920000 0.040194
715.955000 0.039190
715.990000 0.038211
716.025000 0.037279
716.060000 0.036418
716.095000 0.035649
716.130000 0.034987
716.165000 0.034436
716.200000 0.033993
716.235000 0.033647
716.270000 0.033386
716.305000 0.033200
716.340000 0.033079
716.375000 0.033018
716.410000 0.033014
716.445000 0.033061
716.480000 0.033154
716.515000 0.033280
716.550000 0.033424
716.585000 0.033560
716.620000 0.033663
716.655000 0.033702
716.690000 0.033648
716.725000 0.033477
716.760000 0.033173
716.795000 0.032730
716.830000 0.032154
716.865000 0.031464
716.900000 0.030687
716.935000 0.029856
716.970000 0.029003
717.005000 0.028157
717.040000 0.027338
717.075000 0.026556
717.110000 0.025812
717.145000 0.025096
717.180000 0.024394
717.215000 0.023689
717.250000 0.022966
717.285000 0.022217
717.320000 0.021441
717.355000 0.020645
717.390000 0.019841
717.425000 0.019047
717.460000 0.018280
717.495000 0.017553
717.530000 0.016876
717.565000 0.016255
717.600000 0.015688
717.635000 0.015172
717.670000 0.014699
717.705000 0.014259
717.740000 0.013842
717.775000 0.013439
717.810000 0.013044
717.845000 0.012652
717.880000 0.012265
717.915000 0.011883
717.950000 0.011511
717.985000 0.011153
718.020000 0.010809
718.055000 0.010482
718.090000 0.010172
718.125000 0.009877
718.160000 0.009598
718.195000 0.009335
718.230000 0.009087
718.265000 0.008856
718.300000 0.008642
718.335000 0.008446
718.370000 0.008266
718.405000 0.008101
718.440000 0.007948
718.475000 0.007805
718.510000 0.007668
718.545000 0.007536
718.580000 0.007408
718.615000 0.007283
718.650000 0.007161
718.685000 0.007043
718.720000 0.006931
718.755000 0.006826
718.790000 0.006731
718.825000 0.006647
718.860000 0.006575
718.895000 0.006518
718.930000 0.006476
718.965000 0.006448
719.000000 0.006434
719.035000 0.006431
719.070000 0.006436
719.105000 0.006444
719.140000 0.006450
719.175000 0.006451
719.210000 0.006440
719.245000 0.006414
719.280000 0.006371
719.315000 0.006310
719.350000 0.006231
719.385000 0.006137
719.420000 0.006031
719.455000 0.005917
719.490000 0.005798
719.525000 0.005680
719.560000 0.005564
719.595000 0.005453
719.630000 0.005349
719.665000 0.005253
719.700000 0.005163
719.735000 0.005081
719.770000 0.005007
719.805000 0.004938
719.840000 0.004876
719.875000 0.004820
719.910000 0.004768
719.945000 0.004722
719.980000 0.004681
720.015000 0.004645
720.050000 0.004614
720.085000 0.004588
720.120000 0.004568
720.155000 0.004553
720.190000 0.004543
720.225000 0.004538
720.260000 0.004538
720.295000 0.004542
720.330000 0.004549
720.365000 0.004560
720.400000 0.004574
720.435000 0.004589
720.470000 0.004607
720.505000 0.004626
720.540000 0.004646
720.575000 0.004667
720.610000 0.004688
720.645000 0.004709
720.680000 0.004730
720.715000 0.004751
720.750000 0.004771
720.785000 0.004790
720.820000 0.004809
720.855000 0.004827
720.890000 0.004845
720.925000 0.004863
720.960000 0.004881
720.995000 0.004899
721.030000 0.004919
721.065000 0.004939
721.100000 0.004961
721.135000 0.004985
721.170000 0.005011
721.205000 0.005039
721.240000 0.005070
721.275000 0.005103
721.310000 0.005139
721.345000 0.005178
721.380000 0.005220
721.415000 0.005266
721.450000 0.005315
721.485000 0.005368
721.520000 0.005426
721.555000 0.005488
721.590000 0.005555
721.625000 0.005627
721.660000 0.005706
721.695000 0.005790
721.730000 0.005881
721.765000 0.005979
721.800000 0.006085
721.835000 0.006200
721.870000 0.006324
721.905000 0.006457
721.940000 0.006601
721.975000 0.006756
722.010000 0.006924
722.045000 0.007105
722.080000 0.007301
722.115000 0.007512
722.150000 0.007740
722.185000 0.007986
722.220000 0.008252
722.255000 0.008538
722.290000 0.008846
722.325000 0.009178
722.360000 0.009533
722.395000 0.009914
722.430000 0.010319
722.465000 0.010750
722.500000 0.011205
722.535000 0.011681
722.570000 0.012177
722.605000 0.012687
722.640000 0.013206
722.675000 0.013726
722.710000 0.014239
722.745000 0.014734
722.780000 0.015200
722.815000 0.015626
722.850000 0.016002
722.885000 0.016319
722.920000 0.016570
722.955000 0.016750
722.990000 0.016859
723.025000 0.016898
723.060000 0.016874
723.095000 0.016794
723.130000 0.016669
723.165000 0.016510
723.200000 0.016329
723.235000 0.016138
723.270000 0.015947
723.305000 0.015767
723.340000 0.015604
723.375000 0.015467
723.410000 0.015359
723.445000 0.015285
723.480000 0.015247
723.515000 0.015247
723.550000 0.015288
723.585000 0.015369
723.620000 0.015491
723.655000 0.015655
723.690000 0.015861
723.725000 0.016109
723.760000 0.016400
723.795000 0.016735
723.830000 0.017113
723.865000 0.017536
723.900000 0.018004
723.935000 0.018518
723.970000 0.019078
724.005000 0.019685
724.040000 0.020340
724.075000 0.021045
724.110000 0.021800
724.145000 0.022607
724.180000 0.023468
724.215000 0.024385
724.250000 0.025361
724.285000 0.026400
724.320000 0.027507
724.355000 0.028686
724.390000 0.029942
724.425000 0.031281
724.460000 0.032708
724.495000 0.034230
724.530000 0.035850
724.565000 0.037573
724.600000 0.039401
724.635000 0.041336
724.670000 0.043378
724.705000 0.045524
724.740000 0.047772
724.775000 0.050117
724.810000 0.052552
724.845000 0.055070
724.880000 0.057661
724.915000 0.060314
724.950000 0.063015
724.985000 0.065748
725.020000 0.068494
725.055000 0.071231
725.090000 0.073933
725.125000 0.076575
725.160000 0.079131
725.195000 0.081575
725.230000 0.083889
725.265000 0.086057
725.300000 0.088071
725.335000 0.089933
725.370000 0.091652
725.405000 0.093241
725.440000 0.094722
725.475000 0.096115
725.510000 0.097443
725.545000 0.098722
725.580000 0.099963
725.615000 0.101168
725.650000 0.102329
725.685000 0.103431
725.720000 0.104448
725.755000 0.105349
725.790000 0.106099
725.825000 0.106660
725.860000 0.106999
725.895000 0.107086
725.930000 0.106897
725.965000 0.106419
726.000000 0.105646
726.035000 0.104585
726.070000 0.103249
726.105000 0.101661
726.140000 0.099848
726.175000 0.097843
726.210000 0.095680
726.245000 0.093395
726.280000 0.091023
726.315000 0.088597
726.350000 0.086145
726.385000 0.083694
726.420000 0.081266
726.455000 0.078879
726.490000 0.076545
726.525000 0.074274
726.560000 0.072074
726.595000 0.069947
726.630000 0.067896
726.665000 0.065923
726.700000 0.064029
726.735000 0.062213
726.770000 0.060476
726.805000 0.058818
726.840000 0.057239
726.875000 0.055736
726.910000 0.054307
726.945000 0.052945
726.980000 0.051645
727.015000 0.050398
727.050000 0.049195
727.085000 0.048027
727.120000 0.046885
727.155000 0.045760
727.190000 0.044647
727.225000 0.043542
727.260000 0.042443
727.295000 0.041350
727.330000 0.040269
727.365000 0.039203
727.400000 0.038159
727.435000 0.037144
727.470000 0.036165
727.505000 0.035229
727.540000 0.034339
727.575000 0.033500
727.610000 0.032713
727.645000 0.031979
727.680000 0.031296
727.715000 0.030660
727.750000 0.030068
727.785000 0.029515
727.820000 0.028996
727.855000 0.028506
727.890000 0.028039
727.925000 0.027591
727.960000 0.027157
727.995000 0.026734
728.030000 0.026318
728.065000 0.025907
728.100000 0.025497
728.135000 0.025087
728.170000 0.024676
728.205000 0.024261
728.240000 0.023843
728.275000 0.023422
728.310000 0.022996
728.345000 0.022566
728.380000 0.022134
728.415000 0.021699
728.450000 0.021263
728.485000 0.020827
728.520000 0.020391
728.555000 0.019958
728.590000 0.019528
728.625000 0.019101
728.660000 0.018680
728.695000 0.018264
728.730000 0.017856
728.765000 0.017455
728.800000 0.017063
728.835000 0.016679
728.870000 0.016303
728.905000 0.015936
728.940000 0.015577
728.975000 0.015225
729.010000 0.014879
729.045000 0.014537
729.080000 0.014199
729.115000 0.013864
729.150000 0.013530
729.185000 0.013196
729.220000 0.012862
729.255000 0.012527
729.290000 0.012193
729.325000 0.011858
729.360000 0.011525
729.395000 0.011193
729.430000 0.010865
729.465000 0.010540
729.500000 0.010221
729.535000 0.009908
729.570000 0.009602
729.605000 0.009304
729.640000 0.009015
729.675000 0.008735
729.710000 0.008464
729.745000 0.008203
729.780000 0.007952
729.815000 0.007711
729.850000 0.007479
729.885000 0.007257
729.920000 0.007044
729.955000 0.006840
729.990000 0.006645
730.025000 0.006459
730.060000 0.006281
730.095000 0.006111
730.130000 0.005949
730.165000 0.005795
730.200000 0.005649
730.235000 0.005510
730.270000 0.005377
730.305000 0.005251
730.340000 0.005131
730.375000 0.005016
730.410000 0.004906
730.445000 0.004801
730.480000 0.004701
730.515000 0.004604
730.550000 0.004510
730.585000 0.004420
730.620000 0.004333
730.655000 0.004249
730.690000 0.004168
730.725000 0.004090
730.760000 0.004014
730.795000 0.003942
730.830000 0.003872
730.865000 0.003806
730.900000 0.003742
730.935000 0.003681
730.970000 0.003623
731.005000 0.003568
731.040000 0.003515
731.075000 0.003466
731.110000 0.003419
731.145000 0.003374
731.180000 0.003332
731.215000 0.003291
731.250000 0.003253
731.285000 0.003217
731.320000 0.003182
731.355000 0.003148
731.390000 0.003115
731.425000 0.003083
731.460000 0.003052
731.495000 0.003021
731.530000 0.002990
731.565000 0.002959
731.600000 0.002929
731.635000 0.002898
731.670000 0.002868
731.705000 0.002838
731.740000 0.002808
731.775000 0.002779
731.810000 0.002750
731.845000 0.002722
731.880000 0.002694
731.915000 0.002667
731.950000 0.002641
731.985000 0.002616
732.020000 0.002592
732.055000 0.002568
732.090000 0.002545
732.125000 0.002522
732.160000 0.002500
732.195000 0.002477
732.230000 0.002454
732.265000 0.002430
732.300000 0.002406
732.335000 0.002381
732.370000 0.002356
732.405000 0.002329
732.440000 0.002302
732.475000 0.002273
732.510000 0.002244
732.545000 0.002215
732.580000 0.002185
732.615000 0.002155
732.650000 0.002125
732.685000 0.002094
732.720000 0.002064
732.755000 0.002034
732.790000 0.002004
732.825000 0.001975
732.860000 0.001946
732.895000 0.001917
732.930000 0.001888
732.965000 0.001860
733.000000 0.001832
733.035000 0.001805
733.070000 0.001778
733.105000 0.001752
733.140000 0.001726
733.175000 0.001701
733.210000 0.001676
733.245000 0.001652
733.280000 0.001628
733.315000 0.001604
733.350000 0.001581
733.385000 0.001559
733.420000 0.001537
733.455000 0.001516
733.490000 0.001496
733.525000 0.001476
733.560000 0.001457
733.595000 0.001438
733.630000 0.001420
733.665000 0.001403
733.700000 0.001385
733.735000 0.001369
733.770000 0.001352
733.805000 0.001336
733.840000 0.001319
733.875000 0.001303
733.910000 0.001287
733.945000 0.001271
733.980000 0.001255
734.015000 0.001240
734.050000 0.001224
734.085000 0.001208
734.120000 0.001193
734.155000 0.001178
734.190000 0.001163
734.225000 0.001148
734.260000 0.001134
734.295000 0.001120
734.330000 0.001107
734.365000 0.001093
734.400000 0.001080
734.435000 0.001068
734.470000 0.001056
734.505000 0.001044
734.540000 0.001032
734.575000 0.001021
734.610000 0.001010
734.645000 0.001000
734.680000 0.000990
734.715000 0.000980
734.750000 0.000970
734.785000 0.000961
734.820000 0.000952
734.855000 0.000943
734.890000 0.000934
734.925000 0.000926
734.960000 0.000918
734.995000 0.000910
735.030000 0.000902
735.065000 0.000895
735.100000 0.000888
735.135000 0.000881
735.170000 0.000874
735.205000 0.000867
735.240000 0.000860
735.275000 0.000854
735.310000 0.000847
735.345000 0.000841
735.380000 0.000835
735.415000 0.000828
735.450000 0.000822
735.485000 0.000816
735.520000 0.000810
735.555000 0.000804
735.590000 0.000798
735.625000 0.000792
735.660000 0.000786
735.695000 0.000780
735.730000 0.000774
735.765000 0.000768
735.800000 0.000762
735.835000 0.000756
735.870000 0.000750
735.905000 0.000744
735.940000 0.000739
735.975000 0.000733
736.010000 0.000727
736.045000 0.000721
736.080000 0.000716
736.115000 0.000710
736.150000 0.000705
736.185000 0.000699
736.220000 0.000694
736.255000 0.000688
736.290000 0.000683
736.325000 0.000678
736.360000 0.000673
736.395000 0.000668
736.430000 0.000663
736.465000 0.000658
736.500000 0.000653
736.535000 0.000648
736.570000 0.000644
736.605000 0.000639
736.640000 0.000634
736.675000 0.000630
736.710000 0.000625
736.745000 0.000621
736.780000 0.000616
736.815000 0.000612
736.850000 0.000608
736.885000 0.000603
736.920000 0.000599
736.955000 0.000595
736.990000 0.000590
737.025000 0.000586
737.060000 0.000582
737.095000 0.000577
737.130000 0.000573
737.165000 0.000569
737.200000 0.000565
737.235000 0.000561
737.270000 0.000557
737.305000 0.000554
737.340000 0.000550
737.375000 0.000546
737.410000 0.000542
737.445000 0.000539
737.480000 0.000535
737.515000 0.000532
737.550000 0.000529
737.585000 0.000525
737.620000 0.000522
737.655000 0.000519
737.690000 0.000516
737.725000 0.000512
737.760000 0.000509
737.795000 0.000506
737.830000 0.000503
737.865000 0.000500
737.900000 0.000497
737.935000 0.000494
737.970000 0.000491
738.005000 0.000488
738.040000 0.000485
738.075000 0.000482
738.110000 0.000480
738.145000 0.000477
738.180000 0.000474
738.215000 0.000471
738.250000 0.000469
738.285000 0.000466
738.320000 0.000463
738.355000 0.000461
738.390000 0.000458
738.425000 0.000456
738.460000 0.000453
738.495000 0.000451
738.530000 0.000448
738.565000 0.000446
738.600000 0.000443
738.635000 0.000441
738.670000 0.000439
738.705000 0.000436
738.740000 0.000434
738.775000 0.000432
738.810000 0.000430
738.845000 0.000428
738.880000 0.000425
738.915000 0.000423
738.950000 0.000421
738.985000 0.000419
739.020000 0.000417
739.055000 0.000415
739.090000 0.000413
739.125000 0.000410
739.160000 0.000408
739.195000 0.000406
739.230000 0.000404
739.265000 0.000402
739.300000 0.000400
739.335000 0.000398
739.370000 0.000396
739.405000 0.000394
739.440000 0.000392
739.475000 0.000390
739.510000 0.000388
739.545000 0.000386
739.580000 0.000384
739.615000 0.000382
739.650000 0.000380
739.685000 0.000378
739.720000 0.000375
739.755000 0.000370
739.790000 0.000363
739.825000 0.000350
739.860000 0.000330
739.895000 0.000299
739.930000 0.000258
739.965000 0.000209

Sticks
710.180000 0.000405
710.250000 0.054674
710.355000 0.015503
710.915000 0.000012
711.020000 0.000638
711.055000 0.000020
711.090000 0.000000
711.125000 0.003122
711.160000 0.000604
711.195000 0.000023
711.230000 0.001875
711.265000 0.000502
711.335000 0.000582
711.405000 0.000066
711.440000 0.000055
711.475000 0.002169
711.545000 0.001229
711.580000 0.000034
711.650000 0.000143
711.685000 0.000091
711.720000 0.000296
711.755000 0.000095
711.790000 0.001077
711.860000 0.000882
711.930000 0.000446
711.965000 0.000004
712.035000 0.000013
712.105000 0.000009
712.140000 0.000015
712.175000 0.000036
712.245000 0.000227
712.280000 0.001041
712.315000 0.000562
712.350000 0.000224
712.385000 0.000005
712.420000 0.000276
712.455000 0.001610
712.490000 0.000232
712.525000 0.000693
712.560000 0.002826
712.595000 0.017624
712.630000 0.016818
712.665000 0.000350
712.700000 0.016233
712.735000 0.004259
712.770000 0.000078
712.840000 0.011858
712.875000 0.000373
712.910000 0.006298
712.945000 0.003537
712.980000 0.012338
713.015000 0.000163
713.050000 0.003660
713.085000 0.009876
713.155000 0.011286
713.190000 0.000831
713.225000 0.000140
713.260000 0.016874
713.295000 0.001278
713.330000 0.000467
713.400000 0.004826
713.435000 0.000349
713.470000 0.005072
713.505000 0.004978
713.540000 0.027081
713.575000 0.000631
713.610000 0.002874
713.645000 0.009171
713.680000 0.000333
713.750000 0.071006
713.785000 0.000076
713.855000 0.008418
713.925000 0.005267
713.995000 0.011806
714.065000 0.000485
714.100000 0.000046
714.135000 0.018586
714.170000 0.000494
714.240000 0.023247
714.275000 0.003021
714.310000 0.032442
714.345000 0.017043
714.380000 0.000056
714.415000 0.013558
714.450000 0.007255
714.485000 0.011227
714.520000 0.000239
714.555000 0.000768
714.590000 0.004707
714.660000 0.004017
714.695000 0.009477
714.730000 0.000619
714.765000 0.003588
714.800000 0.001390
714.835000 0.009549
714.870000 0.001664
714.905000 0.007809
714.940000 0.003867
714.975000 0.003578
715.010000 0.000346
715.045000 0.013159
715.080000 0.003168
715.115000 0.000346
715.150000 0.009811
715.185000 0.001629
715.220000 0.000402
715.255000 0.002106
715.290000 0.001546
715.325000 0.001155
715.360000 0.000704
715.395000 0.000691
715.430000 0.002091
715.465000 0.006078
715.500000 0.001019
715.535000 0.001788
715.570000 0.000984
715.605000 0.000016
715.640000 0.000174
715.675000 0.000086
715.710000 0.001340
715.745000 0.000634
715.780000 0.001468
715.815000 0.000254
715.850000 0.001043
715.885000 0.002425
715.920000 0.003708
715.955000 0.000270
715.990000 0.000599
716.025000 0.000774
716.060000 0.000073
716.095000 0.000172
716.130000 0.000154
716.165000 0.000741
716.200000 0.001539
716.235000 0.001012
716.270000 0.001219
716.305000 0.000281
716.340000 0.000333
716.375000 0.002436
716.410000 0.000365
716.445000 0.000000
716.480000 0.001098
716.515000 0.000719
716.550000 0.000333
716.585000 0.001486
716.620000 0.001378
716.655000 0.000376
716.690000 0.002510
716.725000 0.002145
716.760000 0.000201
716.795000 0.001674
716.830000 0.003498
716.865000 0.001233
716.900000 0.000805
716.935000 0.000751
716.970000 0.000247
717.005000 0.001362
717.040000 0.000072
717.075000 0.000272
717.110000 0.000768
717.145000 0.000977
717.180000 0.000609
717.215000 0.000244
717.250000 0.001874
717.285000 0.000233
717.320000 0.002550
717.355000 0.000003
717.390000 0.000242
717.425000 0.000004
717.460000 0.000071
717.495000 0.001011
717.530000 0.000105
717.565000 0.000154
717.600000 0.000425
717.635000 0.000071
717.670000 0.000020
717.705000 0.000121
717.740000 0.000461
717.775000 0.000863
717.810000 0.000550
717.845000 0.000464
717.880000 0.000037
717.915000 0.000040
717.950000 0.000104
717.985000 0.000175
718.020000 0.000059
718.055000 0.000113
718.090000 0.000567
718.125000 0.000060
718.160000 0.000117
718.195000 0.000271
718.230000 0.000069
718.265000 0.000123
718.300000 0.000120
718.335000 0.000008
718.370000 0.000036
718.405000 0.000061
718.440000 0.000205
718.475000 0.000304
718.510000 0.000002
718.545000 0.000138
718.580000 0.000100
718.615000 0.000147
718.650000 0.000155
718.685000 0.000138
718.720000 0.000005
718.755000 0.000115
718.790000 0.000131
718.825000 0.000014
718.860000 0.000090
718.895000 0.000039
718.930000 0.000031
718.965000 0.000110
719.000000 0.000017
719.035000 0.000052
719.070000 0.000059
719.105000 0.000129
719.140000 0.000152
719.175000 0.000073
719.210000 0.000333
719.245000 0.000008
719.280000 0.000208
719.315000 0.000480
719.350000 0.000055
719.385000 0.000009
719.420000 0.000199
719.455000 0.000051
719.490000 0.000068
719.525000 0.000061
719.560000 0.000032
719.595000 0.000066
719.630000 0.000012
719.665000 0.000003
719.700000 0.000154
719.735000 0.000001
719.770000 0.000019
719.805000 0.000041
719.840000 0.000001
719.875000 0.000043
719.910000 0.000044
719.945000 0.000045
719.980000 0.000004
720.015000 0.000201
720.050000 0.000014
720.085000 0.000006
720.120000 0.000023
720.155000 0.000006
720.190000 0.000074
720.225000 0.000082
720.260000 0.000001
720.295000 0.000010
720.330000 0.000023
720.365000 0.000012
720.400000 0.000003
720.435000 0.000090
720.470000 0.000045
720.505000 0.000144
720.540000 0.000086
720.575000 0.000005
720.610000 0.000012
720.645000 0.000038
720.680000 0.000138
720.715000 0.000119
720.750000 0.000074
720.785000 0.000026
720.820000 0.000002
720.855000 0.000304
720.890000 0.000061
720.925000 0.000006
720.960000 0.000001
720.995000 0.000082
721.030000 0.000026
721.065000 0.000046
721.100000 0.000000
721.135000 0.000053
721.170000 0.000006
721.205000 0.000062
721.240000 0.000040
721.275000 0.000008
721.310000 0.000036
721.345000 0.000063
721.380000 0.000082
721.415000 0.000022
721.450000 0.000026
721.485000 0.000014
721.555000 0.000058
721.590000 0.000001
721.625000 0.000057
721.660000 0.000013
721.695000 0.000028
721.730000 0.000000
721.765000 0.000019
721.800000 0.000003
721.835000 0.000002
721.870000 0.000035
721.905000 0.000006
721.940000 0.000026
721.975000 0.000013
722.010000 0.000006
722.080000 0.000001
722.150000 0.000018
722.185000 0.000004
722.220000 0.000003
722.255000 0.000005
722.290000 0.000001
722.325000 0.000009
722.360000 0.000001
722.395000 0.000003
722.430000 0.000000
722.465000 0.000046
722.500000 0.000004
722.570000 0.000001
722.605000 0.000001
722.640000 0.000023
722.675000 0.000012
722.710000 0.000075
722.780000 0.000205
722.815000 0.000000
722.850000 0.000011
722.885000 0.002220
722.920000 0.000039
722.955000 0.013165
723.025000 0.000082
723.060000 0.000012
723.095000 0.000108
723.130000 0.000022
723.165000 0.000181
723.200000 0.000003
723.235000 0.000010
723.270000 0.000003
723.305000 0.000001
723.340000 0.000001
723.375000 0.000004
723.410000 0.000008
723.480000 0.000002
723.515000 0.000004
723.585000 0.000129
723.620000 0.000002
723.655000 0.000021
723.690000 0.000027
723.725000 0.000011
723.795000 0.000000
723.865000 0.000034
723.900000 0.000002
723.970000 0.000003
724.040000 0.000075
724.075000 0.000055
724.110000 0.000005
724.180000 0.000870
724.215000 0.000017
724.250000 0.000377
724.285000 0.000256
724.355000 0.001354
724.425000 0.000599
724.460000 0.000081
724.495000 0.000016
724.565000 0.000012
724.600000 0.000070
724.635000 0.000308
724.670000 0.000008
724.705000 0.000241
724.775000 0.000230
724.810000 0.001991
724.845000 0.002208
724.880000 0.002054
724.915000 0.006861
724.985000 0.000025
725.020000 0.001042
725.090000 0.000848
725.160000 0.011613
725.195000 0.000361
725.230000 0.000106
725.265000 0.021191
725.335000 0.027433
725.370000 0.000245
725.405000 0.000957
725.440000 0.005204
725.475000 0.001951
725.545000 0.001941
725.580000 0.004304
725.615000 0.001746
725.650000 0.001110
725.685000 0.000900
725.720000 0.003740
725.755000 0.003930
725.790000 0.004345
725.825000 0.014748
725.860000 0.000527
725.895000 0.036692
725.965000 0.000146
726.000000 0.000267
726.035000 0.028616
726.070000 0.004598
726.105000 0.000202
726.175000 0.018308
726.245000 0.000068
726.315000 0.007205
726.350000 0.008838
726.385000 0.000001
726.420000 0.000270
726.490000 0.003630
726.525000 0.000071
726.595000 0.001281
726.630000 0.007484
726.665000 0.005952
726.735000 0.004105
726.770000 0.000210
726.805000 0.000010
726.840000 0.001554
726.910000 0.000310
726.980000 0.002558
727.015000 0.002290
727.050000 0.000234
727.085000 0.000635
727.120000 0.003132
727.155000 0.000405
727.190000 0.000952
727.225000 0.008806
727.260000 0.000055
727.295000 0.002346
727.330000 0.002727
727.365000 0.000019
727.435000 0.000164
727.505000 0.001116
727.575000 0.000793
727.645000 0.000047
727.680000 0.000027
727.715000 0.001351
727.750000 0.000133
727.820000 0.003610
727.855000 0.000081
727.890000 0.000337
727.925000 0.001769
727.960000 0.000175
728.030000 0.000215
728.065000 0.002156
728.100000 0.001046
728.135000 0.000039
728.170000 0.000005
728.205000 0.002136
728.240000 0.001466
728.275000 0.000145
728.310000 0.001543
728.345000 0.001245
728.380000 0.000047
728.415000 0.000467
728.450000 0.000801
728.485000 0.000277
728.520000 0.000358
728.555000 0.000172
728.590000 0.001852
728.625000 0.000570
728.660000 0.000062
728.695000 0.000571
728.730000 0.000931
728.800000 0.000208
728.835000 0.000505
728.870000 0.000020
728.905000 0.000723
728.940000 0.000022
728.975000 0.000365
729.010000 0.000296
729.045000 0.000826
729.080000 0.000517
729.115000 0.000033
729.150000 0.000158
729.185000 0.000670
729.220000 0.000427
729.255000 0.001686
729.325000 0.000097
729.360000 0.000001
729.395000 0.000012
729.430000 0.000295
729.465000 0.000268
729.500000 0.000485
729.535000 0.000040
729.570000 0.000183
729.605000 0.000182
729.640000 0.000003
729.675000 0.000066
729.710000 0.000081
729.745000 0.000021
729.780000 0.000014
729.815000 0.000004
729.850000 0.000362
729.920000 0.000030
729.955000 0.000137
729.990000 0.000077
730.025000 0.000096
730.095000 0.000024
730.165000 0.000019
730.270000 0.000002
730.305000 0.000002
730.340000 0.000046
730.375000 0.000144
730.410000 0.000046
730.445000 0.000007
730.480000 0.000048
730.550000 0.000064
730.585000 0.000044
730.620000 0.000009
730.655000 0.000157
730.725000 0.000001
730.760000 0.000004
730.830000 0.000046
730.865000 0.000008
730.900000 0.000013
730.935000 0.000043
730.970000 0.000004
731.005000 0.000005
731.040000 0.000031
731.075000 0.000023
731.110000 0.000012
731.145000 0.000006
731.215000 0.000001
731.250000 0.000063
731.285000 0.000008
731.355000 0.000080
731.390000 0.000015
731.425000 0.000004
731.460000 0.000121
731.495000 0.000002
731.530000 0.000011
731.565000 0.000001
731.600000 0.000121
731.635000 0.000048
731.670000 0.000065
731.705000 0.000044
731.740000 0.000040
731.775000 0.000005
731.810000 0.000004
731.845000 0.000058
731.915000 0.000020
731.950000 0.000016
732.020000 0.000035
732.055000 0.000004
732.125000 0.000080
732.160000 0.000036
732.195000 0.000050
732.230000 0.000001
732.265000 0.000004
732.335000 0.000257
732.370000 0.000001
732.405000 0.000020
732.440000 0.000001
732.475000 0.000143
732.510000 0.000003
732.545000 0.000031
732.580000 0.000004
732.615000 0.000042
732.650000 0.000010
732.685000 0.000014
732.755000 0.000000
732.790000 0.000096
732.825000 0.000025
732.895000 0.000020
732.930000 0.000003
732.965000 0.000054
733.000000 0.000028
733.035000 0.000001
733.070000 0.000001
733.175000 0.000027
733.280000 0.000098
733.315000 0.000001
733.350000 0.000001
733.385000 0.000006
733.455000 0.000006
733.665000 0.000001
733.700000 0.000032
733.735000 0.000005
733.805000 0.000046
733.875000 0.000026
733.945000 0.000013
733.980000 0.000000
734.015000 0.000000
734.050000 0.000005
734.085000 0.000020
734.155000 0.000000
734.260000 0.000015
734.365000 0.000002
734.575000 0.000002
734.645000 0.000012
734.750000 0.000003
734.820000 0.000000
734.995000 0.000001
735.030000 0.000000
735.065000 0.000006
735.135000 0.000000
735.240000 0.000011
735.310000 0.000002
735.415000 0.000000
735.450000 0.000011
735.485000 0.000003
735.520000 0.000001
735.555000 0.000000
735.660000 0.000002
735.730000 0.000017
735.800000 0.000000
735.835000 0.000000
735.870000 0.000002
735.940000 0.000003
736.045000 0.000004
736.115000 0.000010
736.185000 0.000000
736.290000 0.000000
736.360000 0.000000
736.430000 0.000002
736.535000 0.000004
736.570000 0.000001
736.710000 0.000001
736.780000 0.000008
736.815000 0.000000
736.885000 0.000002
737.025000 0.000003
737.725000 0.000000
737.795000 0.000003
739.090000 0.000002
739.125000 0.000001
