705.000000 0.000214
705.035000 0.000265
705.070000 0.000308
705.105000 0.000340
705.140000 0.000363
705.175000 0.000377
705.210000 0.000387
705.245000 0.000393
705.280000 0.000398
705.315000 0.000402
705.350000 0.000406
705.385000 0.000410
705.420000 0.000414
705.455000 0.000418
705.490000 0.000422
705.525000 0.000426
705.560000 0.000431
705.595000 0.000435
705.630000 0.000439
705.665000 0.000444
705.700000 0.000449
705.735000 0.000453
705.770000 0.000458
705.805000 0.000463
705.840000 0.000468
705.875000 0.000473
705.910000 0.000478
705.945000 0.000483
705.980000 0.000488
706.015000 0.000494
706.050000 0.000499
706.085000 0.000505
706.120000 0.000511
706.155000 0.000517
706.190000 0.000523
706.225000 0.000529
706.260000 0.000535
706.295000 0.000541
706.330000 0.000548
706.365000 0.000554
706.400000 0.000561
706.435000 0.000568
706.470000 0.000575
706.505000 0.000582
706.540000 0.000590
706.575000 0.000597
706.610000 0.000605
706.645000 0.000613
706.680000 0.000621
706.715000 0.000629
706.750000 0.000637
706.785000 0.000646
706.820000 0.000655
706.855000 0.000664
706.890000 0.000673
706.925000 0.000682
706.960000 0.000692
706.995000 0.000702
707.030000 0.000712
707.065000 0.000723
707.100000 0.000734
707.135000 0.000745
707.170000 0.000756
707.205000 0.000768
707.240000 0.000780
707.275000 0.000792
707.310000 0.000805
707.345000 0.000818
707.380000 0.000831
707.415000 0.000845
707.450000 0.000859
707.485000 0.000874
707.520000 0.000889
707.555000 0.000905
707.590000 0.000921
707.625000 0.000937
707.660000 0.000955
707.695000 0.000972
707.730000 0.000991
707.765000 0.001010
707.800000 0.001029
707.835000 0.001050
707.870000 0.001071
707.905000 0.001092
707.940000 0.001115
707.975000 0.001139
708.010000 0.001163
708.045000 0.001189
708.080000 0.001215
708.115000 0.001242
708.150000 0.001271
708.185000 0.001301
708.220000 0.001332
708.255000 0.001365
708.290000 0.001399
708.325000 0.001435
708.360000 0.001472
708.395000 0.001511
708.430000 0.001552
708.465000 0.001595
708.500000 0.001640
708.535000 0.001688
708.570000 0.001738
708.605000 0.001791
708.640000 0.001847
708.675000 0.001907
708.710000 0.001970
708.745000 0.002036
708.780000 0.002107
708.815000 0.002182
708.850000 0.002263
708.885000 0.002349
708.920000 0.002440
708.955000 0.002539
708.990000 0.002645
709.025000 0.002758
709.060000 0.002881
709.095000 0.003014
709.130000 0.003157
709.165000 0.003314
709.200000 0.003484
709.235000 0.003670
709.270000 0.003874
709.305000 0.004098
709.340000 0.004345
709.375000 0.004619
709.410000 0.004923
709.445000 0.005262
709.480000 0.005642
709.515000 0.006069
709.550000 0.006552
709.585000 0.007100
709.620000 0.007726
709.655000 0.008442
709.690000 0.009267
709.725000 0.010221
709.760000 0.011328
709.795000 0.012615
709.830000 0.014115
709.865000 0.015861
709.900000 0.017882
709.935000 0.020203
709.970000 0.022831
710.005000 0.025748
710.040000 0.028896
710.075000 0.032167
710.110000 0.035402
710.145000 0.038396
710.180000 0.040920
710.215000 0.042752
710.250000 0.043720
710.285000 0.043728
710.320000 0.042785
710.355000 0.040995
710.390000 0.038540
710.425000 0.035643
710.460000 0.032532
710.495000 0.029407
710.530000 0.026421
710.565000 0.023679
710.600000 0.021235
710.635000 0.019108
710.670000 0.017292
710.705000 0.015764
710.740000 0.014496
710.775000 0.013459
710.810000 0.012624
710.845000 0.011964
710.880000 0.011455
710.915000 0.011077
710.950000 0.010809
710.985000 0.010631
711.020000 0.010524
711.055000 0.010471
711.090000 0.010453
711.125000 0.010455
711.160000 0.010464
711.195000 0.010472
711.230000 0.010473
711.265000 0.010466
711.300000 0.010450
711.335000 0.010426
711.370000 0.010397
711.405000 0.010362
711.440000 0.010321
711.475000 0.010273
711.510000 0.010217
711.545000 0.010156
711.580000 0.010094
711.615000 0.010036
711.650000 0.009990
711.685000 0.009961
711.720000 0.009955
711.755000 0.009975
711.790000 0.010027
711.825000 0.010113
711.860000 0.010240
711.895000 0.010413
711.930000 0.010641
711.965000 0.010935
712.000000 0.011304
712.035000 0.011762
712.070000 0.012319
712.105000 0.012990
712.140000 0.013785
712.175000 0.014718
712.210000 0.015801
712.245000 0.017046
712.280000 0.018461
712.315000 0.020052
712.350000 0.021816
712.385000 0.023740
712.420000 0.025795
712.455000 0.027937
712.490000 0.030104
712.525000 0.032221
712.560000 0.034210
712.595000 0.035997
712.630000 0.037524
712.665000 0.038760
712.700000 0.039706
712.735000 0.040393
712.770000 0.040876
712.805000 0.041225
712.840000 0.041510
712.875000 0.041792
712.910000 0.042113
712.945000 0.042496
712.980000 0.042944
713.015000 0.043445
713.050000 0.043984
713.085000 0.044550
713.120000 0.045150
713.155000 0.045811
713.190000 0.046582
713.225000 0.047530
713.260000 0.048732
713.295000 0.050259
713.330000 0.052168
713.365000 0.054487
713.400000 0.057211
713.435000 0.060299
713.470000 0.063675
713.505000 0.067229
713.540000 0.070824
713.575000 0.074302
713.610000 0.077487
713.645000 0.080208
713.680000 0.082310
713.715000 0.083683
713.750000 0.084287
713.785000 0.084168
713.820000 0.083458
713.855000 0.082356
713.890000 0.081102
713.925000 0.079930
713.960000 0.079039
713.995000 0.078558
714.030000 0.078535
714.065000 0.078934
714.100000 0.079642
714.135000 0.080488
714.170000 0.081262
714.205000 0.081749
714.240000 0.081757
714.275000 0.081138
714.310000 0.079821
714.345000 0.077812
714.380000 0.075196
714.415000 0.072122
714.450000 0.068777
714.485000 0.065359
714.520000 0.062048
714.555000 0.058988
714.590000 0.056278
714.625000 0.053971
714.660000 0.052075
714.695000 0.050565
714.730000 0.049390
714.765000 0.048480
714.800000 0.047754
714.835000 0.047128
714.870000 0.046519
714.905000 0.045852
714.940000 0.045061
714.975000 0.044098
715.010000 0.042931
715.045000 0.041552
715.080000 0.039973
715.115000 0.038227
715.150000 0.036364
715.185000 0.034444
715.220000 0.032527
715.255000 0.030669
715.290000 0.028913
715.325000 0.027283
715.360000 0.025791
715.395000 0.024429
715.430000 0.023185
715.465000 0.022039
715.500000 0.020975
715.535000 0.019982
715.570000 0.019053
715.605000 0.018190
715.640000 0.017397
715.675000 0.016677
715.710000 0.016033
715.745000 0.015460
715.780000 0.014952
715.815000 0.014500
715.850000 0.014090
715.885000 0.013713
715.920000 0.013362
715.955000 0.013032
715.990000 0.012726
716.025000 0.012446
716.060000 0.012196
716.095000 0.011980
716.130000 0.011797
716.165000 0.011646
716.200000 0.011520
716.235000 0.011414
716.270000 0.011319
716.305000 0.011232
716.340000 0.011149
716.375000 0.011070
716.410000 0.010995
716.445000 0.010928
716.480000 0.010869
716.515000 0.010818
716.550000 0.010775
716.585000 0.010734
716.620000 0.010690
716.655000 0.010636
716.690000 0.010568
716.725000 0.010478
716.760000 0.010366
716.795000 0.010229
716.830000 0.010070
716.865000 0.009893
716.900000 0.009703
716.935000 0.009509
716.970000 0.009317
717.005000 0.009134
717.040000 0.008963
717.075000 0.008805
717.110000 0.008658
717.145000 0.008515
717.180000 0.008368
717.215000 0.008209
717.250000 0.008031
717.285000 0.007828
717.320000 0.007601
717.355000 0.007355
717.390000 0.007095
717.425000 0.006831
717.460000 0.006573
717.495000 0.006328
717.530000 0.006101
717.565000 0.005894
717.600000 0.005708
717.635000 0.005539
717.670000 0.005383
717.705000 0.005238
717.740000 0.005097
717.775000 0.004959
717.810000 0.004821
717.845000 0.004682
717.880000 0.004542
717.915000 0.004404
717.950000 0.004268
717.985000 0.004136
718.020000 0.004008
718.055000 0.003883
718.090000 0.003763
718.125000 0.003646
718.160000 0.003533
718.195000 0.003425
718.230000 0.003323
718.265000 0.003228
718.300000 0.003140
718.335000 0.003060
718.370000 0.002987
718.405000 0.002921
718.440000 0.002861
718.475000 0.002805
718.510000 0.002751
718.545000 0.002700
718.580000 0.002651
718.615000 0.002604
718.650000 0.002558
718.685000 0.002515
718.720000 0.002475
718.755000 0.002439
718.790000 0.002407
718.825000 0.002380
718.860000 0.002360
718.895000 0.002346
718.930000 0.002340
718.965000 0.002341
719.000000 0.002348
719.035000 0.002361
719.070000 0.002379
719.105000 0.002397
719.140000 0.002415
719.175000 0.002429
719.210000 0.002437
719.245000 0.002436
719.280000 0.002425
719.315000 0.002404
719.350000 0.002372
719.385000 0.002332
719.420000 0.002286
719.455000 0.002236
719.490000 0.002184
719.525000 0.002132
719.560000 0.002083
719.595000 0.002037
719.630000 0.001993
719.665000 0.001953
719.700000 0.001916
719.735000 0.001881
719.770000 0.001848
719.805000 0.001818
719.840000 0.001790
719.875000 0.001763
719.910000 0.001739
719.945000 0.001716
719.980000 0.001695
720.015000 0.001677
720.050000 0.001661
720.085000 0.001647
720.120000 0.001635
720.155000 0.001626
720.190000 0.001619
720.225000 0.001614
720.260000 0.001611
720.295000 0.001610
720.330000 0.001610
720.365000 0.001611
720.400000 0.001613
720.435000 0.001616
720.470000 0.001619
720.505000 0.001623
720.540000 0.001627
720.575000 0.001631
720.610000 0.001634
720.645000 0.001638
720.680000 0.001642
720.715000 0.001645
720.750000 0.001648
720.785000 0.001651
720.820000 0.001654
720.855000 0.001656
720.890000 0.001659
720.925000 0.001662
720.960000 0.001664
720.995000 0.001667
721.030000 0.001671
721.065000 0.001674
721.100000 0.001678
721.135000 0.001682
721.170000 0.001687
721.205000 0.001692
721.240000 0.001697
721.275000 0.001703
721.310000 0.001710
721.345000 0.001717
721.380000 0.001725
721.415000 0.001734
721.450000 0.001743
721.485000 0.001754
721.520000 0.001765
721.555000 0.001778
721.590000 0.001791
721.625000 0.001806
721.660000 0.001823
721.695000 0.001841
721.730000 0.001861
721.765000 0.001882
721.800000 0.001906
721.835000 0.001931
721.870000 0.001959
721.905000 0.001989
721.940000 0.002021
721.975000 0.002057
722.010000 0.002095
722.045000 0.002136
722.080000 0.002180
722.115000 0.002228
722.150000 0.002280
722.185000 0.002336
722.220000 0.002397
722.255000 0.002461
722.290000 0.002531
722.325000 0.002606
722.360000 0.002687
722.395000 0.002773
722.430000 0.002865
722.465000 0.002963
722.500000 0.003066
722.535000 0.003175
722.570000 0.003288
722.605000 0.003406
722.640000 0.003526
722.675000 0.003648
722.710000 0.003770
722.745000 0.003889
722.780000 0.004004
722.815000 0.004112
722.850000 0.004210
722.885000 0.004297
722.920000 0.004372
722.955000 0.004432
722.990000 0.004478
723.025000 0.004509
723.060000 0.004527
723.095000 0.004534
723.130000 0.004532
723.165000 0.004522
723.200000 0.004508
723.235000 0.004492
723.270000 0.004477
723.305000 0.004465
723.340000 0.004458
723.375000 0.004456
723.410000 0.004462
723.445000 0.004477
723.480000 0.004500
723.515000 0.004533
723.550000 0.004577
723.585000 0.004630
723.620000 0.004694
723.655000 0.004769
723.690000 0.004855
723.725000 0.004952
723.760000 0.005060
723.795000 0.005180
723.830000 0.005312
723.865000 0.005456
723.900000 0.005612
723.935000 0.005780
723.970000 0.005962
724.005000 0.006156
724.040000 0.006363
724.075000 0.006583
724.110000 0.006817
724.145000 0.007065
724.180000 0.007327
724.215000 0.007603
724.250000 0.007895
724.285000 0.008204
724.320000 0.008530
724.355000 0.008876
724.390000 0.009244
724.425000 0.009635
724.460000 0.010053
724.495000 0.010500
724.530000 0.010978
724.565000 0.011491
724.600000 0.012042
724.635000 0.012634
724.670000 0.013268
724.705000 0.013947
724.740000 0.014673
724.775000 0.015446
724.810000 0.016268
724.845000 0.017137
724.880000 0.018052
724.915000 0.019011
724.950000 0.020008
724.985000 0.021040
725.020000 0.022098
725.055000 0.023173
725.090000 0.024257
725.125000 0.025337
725.160000 0.026402
725.195000 0.027443
725.230000 0.028450
725.265000 0.029415
725.300000 0.030335
725.335000 0.031209
725.370000 0.032038
725.405000 0.032827
725.440000 0.033584
725.475000 0.034316
725.510000 0.035032
725.545000 0.035737
725.580000 0.036435
725.615000 0.037126
725.650000 0.037805
725.685000 0.038462
725.720000 0.039085
725.755000 0.039655
725.790000 0.040154
725.825000 0.040560
725.860000 0.040853
725.895000 0.041016
725.930000 0.041033
725.965000 0.040895
726.000000 0.040598
726.035000 0.040142
726.070000 0.039538
726.105000 0.038796
726.140000 0.037935
726.175000 0.036976
726.210000 0.035940
726.245000 0.034852
726.280000 0.033733
726.315000 0.032604
726.350000 0.031482
726.385000 0.030383
726.420000 0.029317
726.455000 0.028292
726.490000 0.027312
726.525000 0.026381
726.560000 0.025498
726.595000 0.024662
726.630000 0.023872
726.665000 0.023125
726.700000 0.022420
726.735000 0.021754
726.770000 0.021127
726.805000 0.020536
726.840000 0.019980
726.875000 0.019457
726.910000 0.018965
726.945000 0.018501
726.980000 0.018062
727.015000 0.017643
727.050000 0.017242
727.085000 0.016854
727.120000 0.016476
727.155000 0.016104
727.190000 0.015736
727.225000 0.015371
727.260000 0.015007
727.295000 0.014644
727.330000 0.014285
727.365000 0.013929
727.400000 0.013580
727.435000 0.013240
727.470000 0.012911
727.505000 0.012595
727.540000 0.012294
727.575000 0.012011
727.610000 0.011744
727.645000 0.011497
727.680000 0.011267
727.715000 0.011054
727.750000 0.010858
727.785000 0.010677
727.820000 0.010509
727.855000 0.010352
727.890000 0.010205
727.925000 0.010064
727.960000 0.009930
727.995000 0.009798
728.030000 0.009669
728.065000 0.009539
728.100000 0.009408
728.135000 0.009274
728.170000 0.009136
728.205000 0.008994
728.240000 0.008847
728.275000 0.008695
728.310000 0.008538
728.345000 0.008376
728.380000 0.008210
728.415000 0.008041
728.450000 0.007868
728.485000 0.007693
728.520000 0.007517
728.555000 0.007339
728.590000 0.007162
728.625000 0.006985
728.660000 0.006809
728.695000 0.006636
728.730000 0.006466
728.765000 0.006298
728.800000 0.006135
728.835000 0.005975
728.870000 0.005820
728.905000 0.005669
728.940000 0.005522
728.975000 0.005380
729.010000 0.005242
729.045000 0.005107
729.080000 0.004975
729.115000 0.004847
729.150000 0.004722
729.185000 0.004598
729.220000 0.004477
729.255000 0.004358
729.290000 0.004240
729.325000 0.004123
729.360000 0.004008
729.395000 0.003895
729.430000 0.003783
729.465000 0.003672
729.500000 0.003563
729.535000 0.003455
729.570000 0.003350
729.605000 0.003247
729.640000 0.003146
729.675000 0.003048
729.710000 0.002952
729.745000 0.002860
729.780000 0.002771
729.815000 0.002686
729.850000 0.002604
729.885000 0.002526
729.920000 0.002452
729.955000 0.002381
729.990000 0.002314
730.025000 0.002251
730.060000 0.002191
730.095000 0.002134
730.130000 0.002080
730.165000 0.002029
730.200000 0.001981
730.235000 0.001936
730.270000 0.001892
730.305000 0.001852
730.340000 0.001813
730.375000 0.001776
730.410000 0.001740
730.445000 0.001706
730.480000 0.001673
730.515000 0.001641
730.550000 0.001610
730.585000 0.001580
730.620000 0.001551
730.655000 0.001522
730.690000 0.001494
730.725000 0.001467
730.760000 0.001440
730.795000 0.001415
730.830000 0.001390
730.865000 0.001366
730.900000 0.001343
730.935000 0.001321
730.970000 0.001300
731.005000 0.001280
731.040000 0.001261
731.075000 0.001244
731.110000 0.001227
731.145000 0.001212
731.180000 0.001198
731.215000 0.001185
731.250000 0.001173
731.285000 0.001161
731.320000 0.001151
731.355000 0.001141
731.390000 0.001132
731.425000 0.001123
731.460000 0.001114
731.495000 0.001106
731.530000 0.001098
731.565000 0.001089
731.600000 0.001080
731.635000 0.001072
731.670000 0.001063
731.705000 0.001054
731.740000 0.001045
731.775000 0.001036
731.810000 0.001027
731.845000 0.001018
731.880000 0.001009
731.915000 0.001001
731.950000 0.000992
731.985000 0.000984
732.020000 0.000976
732.055000 0.000969
732.090000 0.000961
732.125000 0.000953
732.160000 0.000945
732.195000 0.000936
732.230000 0.000928
732.265000 0.000918
732.300000 0.000908
732.335000 0.000897
732.370000 0.000886
732.405000 0.000874
732.440000 0.000861
732.475000 0.000848
732.510000 0.000834
732.545000 0.000820
732.580000 0.000805
732.615000 0.000791
732.650000 0.000776
732.685000 0.000762
732.720000 0.000748
732.755000 0.000735
732.790000 0.000721
732.825000 0.000709
732.860000 0.000696
732.895000 0.000685
732.930000 0.000673
732.965000 0.000662
733.000000 0.000652
733.035000 0.000642
733.070000 0.000632
733.105000 0.000623
733.140000 0.000613
733.175000 0.000604
733.210000 0.000595
733.245000 0.000587
733.280000 0.000578
733.315000 0.000569
733.350000 0.000561
733.385000 0.000552
733.420000 0.000544
733.455000 0.000536
733.490000 0.000528
733.525000 0.000520
733.560000 0.000512
733.595000 0.000505
733.630000 0.000497
733.665000 0.000490
733.700000 0.000483
733.735000 0.000477
733.770000 0.000470
733.805000 0.000464
733.840000 0.000458
733.875000 0.000452
733.910000 0.000446
733.945000 0.000441
733.980000 0.000435
734.015000 0.000430
734.050000 0.000425
734.085000 0.000420
734.120000 0.000415
734.155000 0.000410
734.190000 0.000405
734.225000 0.000400
734.260000 0.000396
734.295000 0.000391
734.330000 0.000387
734.365000 0.000383
734.400000 0.000379
734.435000 0.000375
734.470000 0.000371
734.505000 0.000367
734.540000 0.000364
734.575000 0.000360
734.610000 0.000356
734.645000 0.000353
734.680000 0.000350
734.715000 0.000347
734.750000 0.000343
734.785000 0.000340
734.820000 0.000337
734.855000 0.000334
734.890000 0.000331
734.925000 0.000329
734.960000 0.000326
734.995000 0.000323
735.030000 0.000320
735.065000 0.000318
735.100000 0.000315
735.135000 0.000313
735.170000 0.000310
735.205000 0.000308
735.240000 0.000305
735.275000 0.000303
735.310000 0.000300
735.345000 0.000298
735.380000 0.000295
735.415000 0.000293
735.450000 0.000291
735.485000 0.000289
735.520000 0.000286
735.555000 0.000284
735.590000 0.000282
735.625000 0.000280
735.660000 0.000277
735.695000 0.000275
735.730000 0.000273
735.765000 0.000271
735.800000 0.000269
735.835000 0.000267
735.870000 0.000265
735.905000 0.000263
735.940000 0.000261
735.975000 0.000259
736.010000 0.000257
736.045000 0.000255
736.080000 0.000253
736.115000 0.000251
736.150000 0.000249
736.185000 0.000248
736.220000 0.000246
736.255000 0.000244
736.290000 0.000242
736.325000 0.000240
736.360000 0.000238
736.395000 0.000237
736.430000 0.000235
736.465000 0.000233
736.500000 0.000232
736.535000 0.000230
736.570000 0.000228
736.605000 0.000227
736.640000 0.000225
736.675000 0.000224
736.710000 0.000222
736.745000 0.000220
736.780000 0.000219
736.815000 0.000217
736.850000 0.000216
736.885000 0.000214
736.920000 0.000213
736.955000 0.000211
736.990000 0.000210
737.025000 0.000209
737.060000 0.000207
737.095000 0.000206
737.130000 0.000204
737.165000 0.000203
737.200000 0.000202
737.235000 0.000200
737.270000 0.000199
737.305000 0.000198
737.340000 0.000196
737.375000 0.000195
737.410000 0.000194
737.445000 0.000193
737.480000 0.000191
737.515000 0.000190
737.550000 0.000189
737.585000 0.000188
737.620000 0.000187
737.655000 0.000186
737.690000 0.000185
737.725000 0.000183
737.760000 0.000182
737.795000 0.000181
737.830000 0.000180
737.865000 0.000179
737.900000 0.000178
737.935000 0.000177
737.970000 0.000176
738.005000 0.000175
738.040000 0.000174
738.075000 0.000173
738.110000 0.000172
738.145000 0.000171
738.180000 0.000170
738.215000 0.000169
738.250000 0.000168
738.285000 0.000167
738.320000 0.000166
738.355000 0.000165
738.390000 0.000164
738.425000 0.000163
738.460000 0.000162
738.495000 0.000161
738.530000 0.000160
738.565000 0.000159
738.600000 0.000159
738.635000 0.000158
738.670000 0.000157
738.705000 0.000156
738.740000 0.000155
738.775000 0.000155
738.810000 0.000154
738.845000 0.000153
738.880000 0.000152
738.915000 0.000151
738.950000 0.000151
738.985000 0.000150
739.020000 0.000149
739.055000 0.000148
739.090000 0.000148
739.125000 0.000147
739.160000 0.000146
739.195000 0.000145
739.230000 0.000145
739.265000 0.000144
739.300000 0.000143
739.335000 0.000142
739.370000 0.000142
739.405000 0.000141
739.440000 0.000140
739.475000 0.000140
739.510000 0.000139
739.545000 0.000138
739.580000 0.000137
739.615000 0.000137
739.650000 0.000136
739.685000 0.000135
739.720000 0.000134
739.755000 0.000133
739.790000 0.000130
739.825000 0.000125
739.860000 0.000118
739.895000 0.000107
739.930000 0.000092
739.965000 0.000075

Sticks
710.250000 0.034844
710.355000 0.002554
711.020000 0.000207
711.125000 0.001097
711.160000 0.000022
711.230000 0.001187
711.265000 0.000176
711.335000 0.000075
711.405000 0.000001
711.475000 0.001325
711.545000 0.000729
711.580000 0.000004
711.720000 0.000052
711.790000 0.000698
711.860000 0.000157
711.930000 0.000134
712.035000 0.000009
712.140000 0.000008
712.245000 0.000040
712.280000 0.000293
712.315000 0.000163
712.350000 0.000064
712.420000 0.000175
712.455000 0.001054
712.490000 0.000005
712.560000 0.000266
712.595000 0.006157
712.630000 0.003059
712.700000 0.008177
712.735000 0.001219
712.840000 0.003124
712.910000 0.000575
712.980000 0.003318
713.050000 0.002346
713.085000 0.002214
713.155000 0.006975
713.260000 0.001224
713.295000 0.000105
713.330000 0.000221
713.400000 0.001253
713.470000 0.001542
713.505000 0.003205
713.540000 0.008300
713.645000 0.004999
713.750000 0.037637
713.855000 0.001273
713.925000 0.003052
713.995000 0.001797
714.065000 0.000064
714.100000 0.000034
714.135000 0.012001
714.240000 0.012215
714.275000 0.000141
714.310000 0.020505
714.345000 0.001411
714.415000 0.005724
714.450000 0.000773
714.485000 0.001129
714.555000 0.000516
714.590000 0.001425
714.660000 0.000441
714.695000 0.002911
714.765000 0.000337
714.800000 0.000132
714.835000 0.004431
714.905000 0.004941
714.940000 0.002170
714.975000 0.001187
715.045000 0.008420
715.080000 0.000406
715.115000 0.000083
715.150000 0.003547
715.185000 0.000254
715.255000 0.000150
715.290000 0.000463
715.325000 0.000449
715.360000 0.000253
715.395000 0.000171
715.430000 0.000490
715.465000 0.001749
715.500000 0.000368
715.535000 0.001165
715.570000 0.000187
715.640000 0.000006
715.675000 0.000005
715.710000 0.000188
715.745000 0.000417
715.780000 0.000284
715.850000 0.000046
715.885000 0.000951
715.920000 0.001122
715.990000 0.000198
716.025000 0.000124
716.095000 0.000107
716.130000 0.000001
716.165000 0.000209
716.200000 0.000966
716.235000 0.000050
716.270000 0.000415
716.305000 0.000175
716.340000 0.000087
716.375000 0.001178
716.410000 0.000046
716.480000 0.000082
716.515000 0.000090
716.550000 0.000036
716.585000 0.000889
716.620000 0.000213
716.655000 0.000023
716.690000 0.001246
716.725000 0.000089
716.760000 0.000095
716.795000 0.000117
716.830000 0.001073
716.865000 0.000627
716.900000 0.000099
716.935000 0.000060
716.970000 0.000139
717.005000 0.000472
717.040000 0.000016
717.075000 0.000147
717.110000 0.000209
717.145000 0.000049
717.180000 0.000360
717.215000 0.000036
717.250000 0.001021
717.285000 0.000112
717.320000 0.000977
717.390000 0.000072
717.425000 0.000003
717.460000 0.000013
717.495000 0.000206
717.530000 0.000063
717.565000 0.000038
717.600000 0.000274
717.635000 0.000024
717.705000 0.000029
717.740000 0.000266
717.775000 0.000285
717.810000 0.000270
717.845000 0.000113
717.880000 0.000004
717.950000 0.000064
717.985000 0.000085
718.020000 0.000002
718.055000 0.000012
718.090000 0.000366
718.125000 0.000005
718.160000 0.000039
718.195000 0.000085
718.230000 0.000008
718.265000 0.000023
718.300000 0.000046
718.335000 0.000002
718.370000 0.000016
718.405000 0.000006
718.440000 0.000065
718.475000 0.000142
718.545000 0.000071
718.580000 0.000012
718.615000 0.000013
718.650000 0.000055
718.685000 0.000073
718.755000 0.000040
718.790000 0.000043
718.825000 0.000007
718.860000 0.000007
718.895000 0.000016
718.930000 0.000009
718.965000 0.000030
719.000000 0.000012
719.035000 0.000003
719.070000 0.000016
719.105000 0.000041
719.140000 0.000070
719.175000 0.000007
719.210000 0.000192
719.280000 0.000092
719.315000 0.000274
719.350000 0.000015
719.420000 0.000062
719.455000 0.000017
719.490000 0.000010
719.525000 0.000019
719.560000 0.000001
719.595000 0.000037
719.630000 0.000001
719.665000 0.000001
719.700000 0.000098
719.770000 0.000006
719.805000 0.000011
719.875000 0.000028
719.910000 0.000011
719.945000 0.000027
719.980000 0.000001
720.015000 0.000046
720.050000 0.000004
720.085000 0.000004
720.120000 0.000003
720.190000 0.000019
720.225000 0.000051
720.295000 0.000003
720.330000 0.000007
720.365000 0.000003
720.435000 0.000049
720.470000 0.000005
720.505000 0.000094
720.540000 0.000027
720.610000 0.000006
720.645000 0.000009
720.680000 0.000046
720.715000 0.000076
720.750000 0.000019
720.855000 0.000067
720.890000 0.000018
720.995000 0.000051
721.030000 0.000005
721.065000 0.000012
721.135000 0.000033
721.170000 0.000001
721.205000 0.000037
721.240000 0.000013
721.310000 0.000018
721.345000 0.000014
721.380000 0.000045
721.415000 0.000003
721.450000 0.000016
721.485000 0.000004
721.555000 0.000013
721.625000 0.000019
721.695000 0.000019
721.765000 0.000007
721.800000 0.000001
721.870000 0.000013
721.940000 0.000008
721.975000 0.000009
722.010000 0.000002
722.150000 0.000008
722.290000 0.000001
722.325000 0.000005
722.395000 0.000002
722.465000 0.000015
722.500000 0.000002
722.640000 0.000004
722.675000 0.000007
722.710000 0.000003
722.780000 0.000055
722.920000 0.000008
722.955000 0.003242
723.025000 0.000020
723.095000 0.000011
723.130000 0.000011
723.165000 0.000039
723.235000 0.000003
723.270000 0.000001
723.410000 0.000005
723.585000 0.000051
723.655000 0.000006
723.690000 0.000009
723.725000 0.000004
723.865000 0.000022
724.040000 0.000019
724.180000 0.000250
724.250000 0.000149
724.285000 0.000057
724.355000 0.000645
724.425000 0.000145
724.460000 0.000023
724.565000 0.000008
724.600000 0.000002
724.670000 0.000006
724.705000 0.000060
724.775000 0.000020
724.845000 0.000310
724.880000 0.000233
724.915000 0.000809
724.985000 0.000018
725.020000 0.000121
725.160000 0.003879
725.265000 0.002113
725.335000 0.015484
725.440000 0.002442
725.475000 0.000533
725.545000 0.000465
725.580000 0.000500
725.615000 0.000092
725.650000 0.000673
725.720000 0.001241
725.755000 0.000668
725.790000 0.002746
725.825000 0.003778
725.860000 0.000035
725.895000 0.016395
726.035000 0.018577
726.070000 0.001076
726.175000 0.006830
726.315000 0.000503
726.350000 0.001097
726.420000 0.000012
726.490000 0.000537
726.630000 0.004850
726.665000 0.001527
726.735000 0.000387
726.840000 0.000237
726.910000 0.000032
726.980000 0.000758
727.015000 0.001467
727.085000 0.000407
727.120000 0.000857
727.155000 0.000138
727.190000 0.000290
727.225000 0.003020
727.295000 0.000226
727.330000 0.001754
727.365000 0.000024
727.505000 0.000364
727.575000 0.000518
727.715000 0.000459
727.750000 0.000018
727.820000 0.001143
727.890000 0.000073
727.925000 0.000510
728.065000 0.001405
728.100000 0.000322
728.205000 0.000691
728.240000 0.000878
728.275000 0.000006
728.310000 0.000463
728.345000 0.000814
728.415000 0.000118
728.450000 0.000197
728.485000 0.000126
728.520000 0.000073
728.555000 0.000002
728.590000 0.001172
728.625000 0.000023
728.695000 0.000305
728.730000 0.000049
728.800000 0.000060
728.835000 0.000322
728.905000 0.000140
728.975000 0.000237
729.010000 0.000107
729.045000 0.000240
729.080000 0.000151
729.150000 0.000012
729.185000 0.000030
729.220000 0.000254
729.255000 0.000484
729.325000 0.000005
729.430000 0.000071
729.465000 0.000092
729.500000 0.000309
729.535000 0.000010
729.570000 0.000061
729.605000 0.000118
729.675000 0.000002
729.710000 0.000054
729.745000 0.000005
729.850000 0.000017
729.920000 0.000020
729.955000 0.000009
729.990000 0.000019
730.025000 0.000063
730.165000 0.000001
730.340000 0.000006
730.375000 0.000093
730.410000 0.000002
730.480000 0.000001
730.550000 0.000040
730.585000 0.000010
730.620000 0.000001
730.655000 0.000102
730.830000 0.000025
730.900000 0.000003
730.935000 0.000009
731.040000 0.000001
731.075000 0.000015
731.110000 0.000001
731.250000 0.000010
731.285000 0.000003
731.355000 0.000006
731.390000 0.000002
731.425000 0.000001
731.460000 0.000071
731.530000 0.000001
731.600000 0.000077
731.635000 0.000008
731.670000 0.000004
731.705000 0.000023
731.740000 0.000038
731.810000 0.000001
731.845000 0.000038
731.915000 0.000004
731.950000 0.000009
732.020000 0.000009
732.125000 0.000051
732.160000 0.000012
732.195000 0.000008
732.335000 0.000166
732.405000 0.000007
732.475000 0.000067
732.510000 0.000001
732.545000 0.000010
732.615000 0.000012
732.650000 0.000001
732.685000 0.000002
732.790000 0.000005
732.825000 0.000008
732.895000 0.000010
732.965000 0.000009
733.000000 0.000003
733.175000 0.000002
733.280000 0.000064
733.455000 0.000001
733.700000 0.000003
733.735000 0.000002
733.805000 0.000007
733.875000 0.000003
733.945000 0.000003
734.050000 0.000003
734.085000 0.000005
734.260000 0.000002
734.575000 0.000001
734.645000 0.000006
734.750000 0.000001
735.065000 0.000004
735.240000 0.000004
735.310000 0.000001
735.450000 0.000002
735.485000 0.000002
735.660000 0.000001
735.730000 0.000002
735.940000 0.000002
736.115000 0.000005
736.535000 0.000002
736.780000 0.000002
737.025000 0.000002
737.795000 0.000002
739.125000 0.000001
