705.000000 0.000539
705.035000 0.000666
705.070000 0.000773
705.105000 0.000855
705.140000 0.000911
705.175000 0.000947
705.210000 0.000970
705.245000 0.000985
705.280000 0.000997
705.315000 0.001007
705.350000 0.001016
705.385000 0.001026
705.420000 0.001035
705.455000 0.001045
705.490000 0.001055
705.525000 0.001065
705.560000 0.001075
705.595000 0.001085
705.630000 0.001096
705.665000 0.001107
705.700000 0.001117
705.735000 0.001129
705.770000 0.001140
705.805000 0.001151
705.840000 0.001163
705.875000 0.001175
705.910000 0.001187
705.945000 0.001199
705.980000 0.001211
706.015000 0.001224
706.050000 0.001237
706.085000 0.001250
706.120000 0.001264
706.155000 0.001277
706.190000 0.001291
706.225000 0.001305
706.260000 0.001320
706.295000 0.001335
706.330000 0.001350
706.365000 0.001365
706.400000 0.001381
706.435000 0.001396
706.470000 0.001413
706.505000 0.001429
706.540000 0.001446
706.575000 0.001464
706.610000 0.001481
706.645000 0.001499
706.680000 0.001518
706.715000 0.001537
706.750000 0.001556
706.785000 0.001575
706.820000 0.001596
706.855000 0.001616
706.890000 0.001637
706.925000 0.001659
706.960000 0.001681
706.995000 0.001703
707.030000 0.001727
707.065000 0.001750
707.100000 0.001775
707.135000 0.001799
707.170000 0.001825
707.205000 0.001851
707.240000 0.001878
707.275000 0.001906
707.310000 0.001934
707.345000 0.001963
707.380000 0.001993
707.415000 0.002024
707.450000 0.002055
707.485000 0.002088
707.520000 0.002121
707.555000 0.002156
707.590000 0.002191
707.625000 0.002228
707.660000 0.002265
707.695000 0.002304
707.730000 0.002344
707.765000 0.002385
707.800000 0.002428
707.835000 0.002472
707.870000 0.002518
707.905000 0.002565
707.940000 0.002614
707.975000 0.002665
708.010000 0.002717
708.045000 0.002772
708.080000 0.002828
708.115000 0.002887
708.150000 0.002948
708.185000 0.003011
708.220000 0.003078
708.255000 0.003146
708.290000 0.003218
708.325000 0.003293
708.360000 0.003371
708.395000 0.003453
708.430000 0.003539
708.465000 0.003628
708.500000 0.003722
708.535000 0.003821
708.570000 0.003925
708.605000 0.004034
708.640000 0.004149
708.675000 0.004270
708.710000 0.004398
708.745000 0.004534
708.780000 0.004678
708.815000 0.004830
708.850000 0.004992
708.885000 0.005165
708.920000 0.005349
708.955000 0.005546
708.990000 0.005756
709.025000 0.005982
709.060000 0.006225
709.095000 0.006487
709.130000 0.006770
709.165000 0.007077
709.200000 0.007410
709.235000 0.007773
709.270000 0.008169
709.305000 0.008603
709.340000 0.009081
709.375000 0.009608
709.410000 0.010191
709.445000 0.010840
709.480000 0.011565
709.515000 0.012378
709.550000 0.013293
709.585000 0.014329
709.620000 0.015507
709.655000 0.016854
709.690000 0.018399
709.725000 0.020181
709.760000 0.022245
709.795000 0.024640
709.830000 0.027427
709.865000 0.030665
709.900000 0.034415
709.935000 0.038726
709.970000 0.043622
710.005000 0.049079
710.040000 0.055009
710.075000 0.061235
710.110000 0.067486
710.145000 0.073400
710.180000 0.078559
710.215000 0.082544
710.250000 0.085000
710.285000 0.085702
710.320000 0.084601
710.355000 0.081831
710.390000 0.077680
710.425000 0.072538
710.460000 0.066829
710.495000 0.060949
710.530000 0.055223
710.565000 0.049885
710.600000 0.045081
710.635000 0.040876
710.670000 0.037281
710.705000 0.034270
710.740000 0.031799
710.775000 0.029811
710.810000 0.028253
710.845000 0.027070
710.880000 0.026212
710.915000 0.025631
710.950000 0.025277
710.985000 0.025103
711.020000 0.025059
711.055000 0.025098
711.090000 0.025178
711.125000 0.025261
711.160000 0.025322
711.195000 0.025343
711.230000 0.025321
711.265000 0.025260
711.300000 0.025172
711.335000 0.025070
711.370000 0.024969
711.405000 0.024877
711.440000 0.024804
711.475000 0.024754
711.510000 0.024733
711.545000 0.024747
711.580000 0.024806
711.615000 0.024919
711.650000 0.025097
711.685000 0.025346
711.720000 0.025675
711.755000 0.026088
711.790000 0.026590
711.825000 0.027189
711.860000 0.027897
711.895000 0.028731
711.930000 0.029717
711.965000 0.030886
712.000000 0.032271
712.035000 0.033913
712.070000 0.035851
712.105000 0.038129
712.140000 0.040790
712.175000 0.043880
712.210000 0.047444
712.245000 0.051527
712.280000 0.056169
712.315000 0.061395
712.350000 0.067208
712.385000 0.073568
712.420000 0.080385
712.455000 0.087506
712.490000 0.094721
712.525000 0.101777
712.560000 0.108411
712.595000 0.114385
712.630000 0.119525
712.665000 0.123748
712.700000 0.127067
712.735000 0.129578
712.770000 0.131434
712.805000 0.132806
712.840000 0.133856
712.875000 0.134712
712.910000 0.135465
712.945000 0.136170
712.980000 0.136855
713.015000 0.137539
713.050000 0.138236
713.085000 0.138972
713.120000 0.139784
713.155000 0.140730
713.190000 0.141888
713.225000 0.143353
713.260000 0.145233
713.295000 0.147638
713.330000 0.150661
713.365000 0.154357
713.400000 0.158730
713.435000 0.163718
713.470000 0.169188
713.505000 0.174945
713.540000 0.180743
713.575000 0.186298
713.610000 0.191311
713.645000 0.195486
713.680000 0.198567
713.715000 0.200374
713.750000 0.200845
713.785000 0.200064
713.820000 0.198263
713.855000 0.195800
713.890000 0.193100
713.925000 0.190600
713.960000 0.188675
713.995000 0.187598
714.030000 0.187502
714.065000 0.188373
714.100000 0.190054
714.135000 0.192258
714.170000 0.194605
714.205000 0.196660
714.240000 0.197993
714.275000 0.198235
714.310000 0.197134
714.345000 0.194585
714.380000 0.190647
714.415000 0.185521
714.450000 0.179511
714.485000 0.172969
714.520000 0.166245
714.555000 0.159640
714.590000 0.153385
714.625000 0.147624
714.660000 0.142426
714.695000 0.137792
714.730000 0.133677
714.765000 0.130004
714.800000 0.126678
714.835000 0.123599
714.870000 0.120665
714.905000 0.117782
714.940000 0.114860
714.975000 0.111824
715.010000 0.108614
715.045000 0.105190
715.080000 0.101541
715.115000 0.097686
715.150000 0.093674
715.185000 0.089579
715.220000 0.085486
715.255000 0.081483
715.290000 0.077641
715.325000 0.074009
715.360000 0.070608
715.395000 0.067432
715.430000 0.064459
715.465000 0.061662
715.500000 0.059017
715.535000 0.056515
715.570000 0.054160
715.605000 0.051968
715.640000 0.049958
715.675000 0.048142
715.710000 0.046522
715.745000 0.045085
715.780000 0.043803
715.815000 0.042639
715.850000 0.041556
715.885000 0.040522
715.920000 0.039516
715.955000 0.038533
715.990000 0.037582
716.025000 0.036682
716.060000 0.035858
716.095000 0.035129
716.130000 0.034509
716.165000 0.034003
716.200000 0.033605
716.235000 0.033304
716.270000 0.033086
716.305000 0.032940
716.340000 0.032857
716.375000 0.032829
716.410000 0.032854
716.445000 0.032927
716.480000 0.033044
716.515000 0.033193
716.550000 0.033359
716.585000 0.033518
716.620000 0.033642
716.655000 0.033703
716.690000 0.033669
716.725000 0.033515
716.760000 0.033224
716.795000 0.032790
716.830000 0.032218
716.865000 0.031527
716.900000 0.030744
716.935000 0.029902
716.970000 0.029035
717.005000 0.028173
717.040000 0.027337
717.075000 0.026540
717.110000 0.025782
717.145000 0.025055
717.180000 0.024345
717.215000 0.023636
717.250000 0.022913
717.285000 0.022168
717.320000 0.021397
717.355000 0.020607
717.390000 0.019810
717.425000 0.019023
717.460000 0.018260
717.495000 0.017537
717.530000 0.016863
717.565000 0.016243
717.600000 0.015677
717.635000 0.015161
717.670000 0.014687
717.705000 0.014245
717.740000 0.013827
717.775000 0.013421
717.810000 0.013023
717.845000 0.012628
717.880000 0.012237
717.915000 0.011852
717.950000 0.011477
717.985000 0.011115
718.020000 0.010770
718.055000 0.010441
718.090000 0.010130
718.125000 0.009834
718.160000 0.009555
718.195000 0.009290
718.230000 0.009042
718.265000 0.008810
718.300000 0.008596
718.335000 0.008399
718.370000 0.008219
718.405000 0.008053
718.440000 0.007899
718.475000 0.007755
718.510000 0.007617
718.545000 0.007484
718.580000 0.007353
718.615000 0.007225
718.650000 0.007100
718.685000 0.006978
718.720000 0.006862
718.755000 0.006753
718.790000 0.006654
718.825000 0.006566
718.860000 0.006491
718.895000 0.006431
718.930000 0.006387
718.965000 0.006359
719.000000 0.006345
719.035000 0.006343
719.070000 0.006350
719.105000 0.006362
719.140000 0.006373
719.175000 0.006378
719.210000 0.006372
719.245000 0.006351
719.280000 0.006312
719.315000 0.006254
719.350000 0.006178
719.385000 0.006085
719.420000 0.005980
719.455000 0.005865
719.490000 0.005746
719.525000 0.005627
719.560000 0.005510
719.595000 0.005399
719.630000 0.005294
719.665000 0.005197
719.700000 0.005107
719.735000 0.005025
719.770000 0.004950
719.805000 0.004881
719.840000 0.004818
719.875000 0.004760
719.910000 0.004708
719.945000 0.004661
719.980000 0.004618
720.015000 0.004580
720.050000 0.004547
720.085000 0.004520
720.120000 0.004497
720.155000 0.004480
720.190000 0.004468
720.225000 0.004461
720.260000 0.004459
720.295000 0.004461
720.330000 0.004467
720.365000 0.004475
720.400000 0.004487
720.435000 0.004501
720.470000 0.004517
720.505000 0.004534
720.540000 0.004553
720.575000 0.004572
720.610000 0.004591
720.645000 0.004611
720.680000 0.004630
720.715000 0.004649
720.750000 0.004667
720.785000 0.004684
720.820000 0.004701
720.855000 0.004718
720.890000 0.004733
720.925000 0.004749
720.960000 0.004765
720.995000 0.004781
721.030000 0.004798
721.065000 0.004816
721.100000 0.004835
721.135000 0.004855
721.170000 0.004878
721.205000 0.004902
721.240000 0.004929
721.275000 0.004958
721.310000 0.004989
721.345000 0.005023
721.380000 0.005060
721.415000 0.005101
721.450000 0.005144
721.485000 0.005191
721.520000 0.005242
721.555000 0.005296
721.590000 0.005356
721.625000 0.005420
721.660000 0.005489
721.695000 0.005563
721.730000 0.005644
721.765000 0.005731
721.800000 0.005825
721.835000 0.005927
721.870000 0.006036
721.905000 0.006154
721.940000 0.006282
721.975000 0.006420
722.010000 0.006569
722.045000 0.006730
722.080000 0.006903
722.115000 0.007090
722.150000 0.007292
722.185000 0.007511
722.220000 0.007746
722.255000 0.008000
722.290000 0.008273
722.325000 0.008567
722.360000 0.008882
722.395000 0.009220
722.430000 0.009581
722.465000 0.009965
722.500000 0.010372
722.535000 0.010799
722.570000 0.011246
722.605000 0.011707
722.640000 0.012179
722.675000 0.012656
722.710000 0.013130
722.745000 0.013591
722.780000 0.014032
722.815000 0.014440
722.850000 0.014807
722.885000 0.015124
722.920000 0.015383
722.955000 0.015580
722.990000 0.015713
723.025000 0.015783
723.060000 0.015794
723.095000 0.015753
723.130000 0.015668
723.165000 0.015551
723.200000 0.015412
723.235000 0.015261
723.270000 0.015109
723.305000 0.014965
723.340000 0.014836
723.375000 0.014729
723.410000 0.014648
723.445000 0.014598
723.480000 0.014582
723.515000 0.014601
723.550000 0.014656
723.585000 0.014749
723.620000 0.014881
723.655000 0.015051
723.690000 0.015260
723.725000 0.015510
723.760000 0.015799
723.795000 0.016130
723.830000 0.016501
723.865000 0.016914
723.900000 0.017370
723.935000 0.017869
723.970000 0.018412
724.005000 0.018999
724.040000 0.019632
724.075000 0.020311
724.110000 0.021037
724.145000 0.021813
724.180000 0.022639
724.215000 0.023518
724.250000 0.024454
724.285000 0.025449
724.320000 0.026509
724.355000 0.027637
724.390000 0.028841
724.425000 0.030126
724.460000 0.031499
724.495000 0.032966
724.530000 0.034533
724.565000 0.036205
724.600000 0.037986
724.635000 0.039881
724.670000 0.041889
724.705000 0.044011
724.740000 0.046244
724.775000 0.048585
724.810000 0.051027
724.845000 0.053563
724.880000 0.056184
724.915000 0.058876
724.950000 0.061625
724.985000 0.064413
725.020000 0.067219
725.055000 0.070020
725.090000 0.072788
725.125000 0.075496
725.160000 0.078116
725.195000 0.080623
725.230000 0.082995
725.265000 0.085218
725.300000 0.087284
725.335000 0.089195
725.370000 0.090959
725.405000 0.092594
725.440000 0.094121
725.475000 0.095563
725.510000 0.096943
725.545000 0.098279
725.580000 0.099582
725.615000 0.100854
725.650000 0.102088
725.685000 0.103267
725.720000 0.104365
725.755000 0.105348
725.790000 0.106180
725.825000 0.106822
725.860000 0.107237
725.895000 0.107394
725.930000 0.107268
725.965000 0.106843
726.000000 0.106115
726.035000 0.105087
726.070000 0.103773
726.105000 0.102197
726.140000 0.100384
726.175000 0.098370
726.210000 0.096189
726.245000 0.093877
726.280000 0.091470
726.315000 0.089002
726.350000 0.086504
726.385000 0.084002
726.420000 0.081521
726.455000 0.079079
726.490000 0.076690
726.525000 0.074367
726.560000 0.072115
726.595000 0.069941
726.630000 0.067846
726.665000 0.065833
726.700000 0.063902
726.735000 0.062054
726.770000 0.060290
726.805000 0.058609
726.840000 0.057010
726.875000 0.055492
726.910000 0.054050
726.945000 0.052681
726.980000 0.051376
727.015000 0.050128
727.050000 0.048927
727.085000 0.047764
727.120000 0.046628
727.155000 0.045513
727.190000 0.044411
727.225000 0.043317
727.260000 0.042229
727.295000 0.041148
727.330000 0.040078
727.365000 0.039021
727.400000 0.037986
727.435000 0.036979
727.470000 0.036006
727.505000 0.035074
727.540000 0.034187
727.575000 0.033351
727.610000 0.032565
727.645000 0.031831
727.680000 0.031147
727.715000 0.030509
727.750000 0.029915
727.785000 0.029360
727.820000 0.028838
727.855000 0.028345
727.890000 0.027876
727.925000 0.027426
727.960000 0.026991
727.995000 0.026567
728.030000 0.026151
728.065000 0.025740
728.100000 0.025332
728.135000 0.024925
728.170000 0.024516
728.205000 0.024105
728.240000 0.023691
728.275000 0.023273
728.310000 0.022850
728.345000 0.022424
728.380000 0.021995
728.415000 0.021564
728.450000 0.021131
728.485000 0.020698
728.520000 0.020266
728.555000 0.019836
728.590000 0.019410
728.625000 0.018988
728.660000 0.018572
728.695000 0.018162
728.730000 0.017760
728.765000 0.017366
728.800000 0.016981
728.835000 0.016604
728.870000 0.016237
728.905000 0.015877
728.940000 0.015525
728.975000 0.015180
729.010000 0.014840
729.045000 0.014505
729.080000 0.014172
729.115000 0.013841
729.150000 0.013511
729.185000 0.013180
729.220000 0.012849
729.255000 0.012517
729.290000 0.012183
729.325000 0.011850
729.360000 0.011516
729.395000 0.011184
729.430000 0.010855
729.465000 0.010529
729.500000 0.010209
729.535000 0.009894
729.570000 0.009586
729.605000 0.009286
729.640000 0.008994
729.675000 0.008712
729.710000 0.008439
729.745000 0.008176
729.780000 0.007922
729.815000 0.007679
729.850000 0.007445
729.885000 0.007222
729.920000 0.007007
729.955000 0.006802
729.990000 0.006606
730.025000 0.006418
730.060000 0.006239
730.095000 0.006069
730.130000 0.005907
730.165000 0.005752
730.200000 0.005605
730.235000 0.005466
730.270000 0.005333
730.305000 0.005207
730.340000 0.005087
730.375000 0.004972
730.410000 0.004863
730.445000 0.004758
730.480000 0.004658
730.515000 0.004561
730.550000 0.004468
730.585000 0.004379
730.620000 0.004292
730.655000 0.004209
730.690000 0.004128
730.725000 0.004051
730.760000 0.003976
730.795000 0.003904
730.830000 0.003836
730.865000 0.003770
730.900000 0.003707
730.935000 0.003646
730.970000 0.003589
731.005000 0.003535
731.040000 0.003483
731.075000 0.003435
731.110000 0.003388
731.145000 0.003345
731.180000 0.003303
731.215000 0.003264
731.250000 0.003227
731.285000 0.003191
731.320000 0.003157
731.355000 0.003124
731.390000 0.003093
731.425000 0.003062
731.460000 0.003031
731.495000 0.003001
731.530000 0.002971
731.565000 0.002941
731.600000 0.002912
731.635000 0.002882
731.670000 0.002852
731.705000 0.002823
731.740000 0.002793
731.775000 0.002765
731.810000 0.002736
731.845000 0.002708
731.880000 0.002681
731.915000 0.002655
731.950000 0.002629
731.985000 0.002605
732.020000 0.002581
732.055000 0.002558
732.090000 0.002535
732.125000 0.002513
732.160000 0.002490
732.195000 0.002468
732.230000 0.002445
732.265000 0.002421
732.300000 0.002397
732.335000 0.002372
732.370000 0.002346
732.405000 0.002319
732.440000 0.002292
732.475000 0.002263
732.510000 0.002234
732.545000 0.002204
732.580000 0.002174
732.615000 0.002143
732.650000 0.002112
732.685000 0.002082
732.720000 0.002051
732.755000 0.002021
732.790000 0.001991
732.825000 0.001961
732.860000 0.001932
732.895000 0.001903
732.930000 0.001875
732.965000 0.001847
733.000000 0.001820
733.035000 0.001793
733.070000 0.001766
733.105000 0.001741
733.140000 0.001715
733.175000 0.001690
733.210000 0.001665
733.245000 0.001641
733.280000 0.001618
733.315000 0.001595
733.350000 0.001572
733.385000 0.001550
733.420000 0.001529
733.455000 0.001508
733.490000 0.001488
733.525000 0.001468
733.560000 0.001450
733.595000 0.001431
733.630000 0.001413
733.665000 0.001396
733.700000 0.001379
733.735000 0.001363
733.770000 0.001346
733.805000 0.001330
733.840000 0.001314
733.875000 0.001298
733.910000 0.001282
733.945000 0.001266
733.980000 0.001250
734.015000 0.001235
734.050000 0.001219
734.085000 0.001204
734.120000 0.001188
734.155000 0.001173
734.190000 0.001159
734.225000 0.001144
734.260000 0.001130
734.295000 0.001116
734.330000 0.001102
734.365000 0.001089
734.400000 0.001076
734.435000 0.001063
734.470000 0.001051
734.505000 0.001039
734.540000 0.001028
734.575000 0.001016
734.610000 0.001006
734.645000 0.000995
734.680000 0.000985
734.715000 0.000975
734.750000 0.000965
734.785000 0.000956
734.820000 0.000947
734.855000 0.000938
734.890000 0.000929
734.925000 0.000921
734.960000 0.000913
734.995000 0.000905
735.030000 0.000897
735.065000 0.000890
735.100000 0.000883
735.135000 0.000876
735.170000 0.000869
735.205000 0.000862
735.240000 0.000856
735.275000 0.000849
735.310000 0.000843
735.345000 0.000836
735.380000 0.000830
735.415000 0.000824
735.450000 0.000818
735.485000 0.000812
735.520000 0.000806
735.555000 0.000800
735.590000 0.000794
735.625000 0.000788
735.660000 0.000782
735.695000 0.000776
735.730000 0.000770
735.765000 0.000764
735.800000 0.000758
735.835000 0.000752
735.870000 0.000746
735.905000 0.000740
735.940000 0.000734
735.975000 0.000729
736.010000 0.000723
736.045000 0.000717
736.080000 0.000711
736.115000 0.000706
736.150000 0.000700
736.185000 0.000695
736.220000 0.000689
736.255000 0.000684
736.290000 0.000679
736.325000 0.000674
736.360000 0.000668
736.395000 0.000663
736.430000 0.000659
736.465000 0.000654
736.500000 0.000649
736.535000 0.000644
736.570000 0.000640
736.605000 0.000635
736.640000 0.000630
736.675000 0.000626
736.710000 0.000621
736.745000 0.000617
736.780000 0.000613
736.815000 0.000608
736.850000 0.000604
736.885000 0.000599
736.920000 0.000595
736.955000 0.000591
736.990000 0.000587
737.025000 0.000582
737.060000 0.000578
737.095000 0.000574
737.130000 0.000570
737.165000 0.000566
737.200000 0.000562
737.235000 0.000558
737.270000 0.000554
737.305000 0.000550
737.340000 0.000546
737.375000 0.000543
737.410000 0.000539
737.445000 0.000536
737.480000 0.000532
737.515000 0.000529
737.550000 0.000525
737.585000 0.000522
737.620000 0.000519
737.655000 0.000516
737.690000 0.000512
737.725000 0.000509
737.760000 0.000506
737.795000 0.000503
737.830000 0.000500
737.865000 0.000497
737.900000 0.000494
737.935000 0.000491
737.970000 0.000488
738.005000 0.000485
738.040000 0.000482
738.075000 0.000480
738.110000 0.000477
738.145000 0.000474
738.180000 0.000471
738.215000 0.000469
738.250000 0.000466
738.285000 0.000463
738.320000 0.000461
738.355000 0.000458
738.390000 0.000455
738.425000 0.000453
738.460000 0.000450
738.495000 0.000448
738.530000 0.000446
738.565000 0.000443
738.600000 0.000441
738.635000 0.000438
738.670000 0.000436
738.705000 0.000434
738.740000 0.000432
738.775000 0.000429
738.810000 0.000427
738.845000 0.000425
738.880000 0.000423
738.915000 0.000421
738.950000 0.000419
738.985000 0.000417
739.020000 0.000414
739.055000 0.000412
739.090000 0.000410
739.125000 0.000408
739.160000 0.000406
739.195000 0.000404
739.230000 0.000402
739.265000 0.000400
739.300000 0.000398
739.335000 0.000396
739.370000 0.000394
739.405000 0.000392
739.440000 0.000390
739.475000 0.000388
739.510000 0.000386
739.545000 0.000384
739.580000 0.000382
739.615000 0.000380
739.650000 0.000378
739.685000 0.000375
739.720000 0.000373
739.755000 0.000368
739.790000 0.000361
739.825000 0.000348
739.860000 0.000328
739.895000 0.000297
739.930000 0.000256
739.965000 0.000208

Sticks
710.250000 0.056050
710.355000 0.016180
711.020000 0.000669
711.125000 0.003272
711.160000 0.000606
711.230000 0.001963
711.265000 0.000518
711.335000 0.000586
711.405000 0.000025
711.475000 0.002124
711.545000 0.001271
711.580000 0.000036
711.720000 0.000307
711.790000 0.001124
711.860000 0.000903
711.930000 0.000466
712.035000 0.000013
712.140000 0.000024
712.245000 0.000199
712.280000 0.001081
712.315000 0.000572
712.350000 0.000233
712.420000 0.000280
712.455000 0.001687
712.490000 0.000114
712.560000 0.002915
712.595000 0.019006
712.630000 0.016811
712.700000 0.017048
712.735000 0.004413
712.840000 0.012139
712.910000 0.006421
712.945000 0.000013
712.980000 0.016391
713.050000 0.003739
713.085000 0.010119
713.155000 0.011794
713.260000 0.017621
713.295000 0.001323
713.330000 0.000351
713.400000 0.005026
713.470000 0.004899
713.505000 0.005221
713.540000 0.026627
713.610000 0.000010
713.645000 0.011353
713.750000 0.074161
713.855000 0.007704
713.925000 0.004864
713.995000 0.012152
714.065000 0.000194
714.100000 0.000093
714.135000 0.019372
714.240000 0.023783
714.275000 0.003115
714.310000 0.033043
714.345000 0.018258
714.415000 0.013646
714.450000 0.005773
714.485000 0.011627
714.555000 0.000800
714.590000 0.004470
714.660000 0.004185
714.695000 0.009788
714.765000 0.003727
714.800000 0.001039
714.835000 0.009588
714.870000 0.000006
714.905000 0.009765
714.940000 0.004058
714.975000 0.003604
715.045000 0.013543
715.080000 0.002925
715.115000 0.000252
715.150000 0.010133
715.185000 0.001707
715.255000 0.002069
715.290000 0.001567
715.325000 0.001146
715.360000 0.000498
715.395000 0.000819
715.430000 0.002097
715.465000 0.006249
715.500000 0.000966
715.535000 0.001867
715.570000 0.000969
715.640000 0.000021
715.675000 0.000025
715.710000 0.001378
715.745000 0.000662
715.780000 0.001341
715.850000 0.000908
715.885000 0.002571
715.920000 0.003817
715.990000 0.000621
716.025000 0.000786
716.095000 0.000170
716.130000 0.000007
716.165000 0.000750
716.200000 0.001541
716.235000 0.000993
716.270000 0.001273
716.305000 0.000281
716.340000 0.000276
716.375000 0.002527
716.410000 0.000368
716.480000 0.001112
716.515000 0.000708
716.550000 0.000178
716.585000 0.001424
716.620000 0.001551
716.655000 0.000308
716.690000 0.002619
716.725000 0.001968
716.760000 0.000296
716.795000 0.001723
716.830000 0.003633
716.865000 0.001210
716.900000 0.000834
716.935000 0.000722
716.970000 0.000218
717.005000 0.001422
717.040000 0.000072
717.075000 0.000238
717.110000 0.000804
717.145000 0.000941
717.180000 0.000580
717.215000 0.000208
717.250000 0.001625
717.285000 0.000390
717.320000 0.002635
717.390000 0.000255
717.425000 0.000004
717.460000 0.000052
717.495000 0.001054
717.530000 0.000103
717.565000 0.000138
717.600000 0.000440
717.635000 0.000071
717.670000 0.000005
717.705000 0.000114
717.740000 0.000456
717.775000 0.000887
717.810000 0.000568
717.845000 0.000480
717.880000 0.000039
717.950000 0.000102
717.985000 0.000161
718.020000 0.000043
718.055000 0.000117
718.090000 0.000585
718.125000 0.000063
718.160000 0.000121
718.195000 0.000271
718.230000 0.000054
718.265000 0.000124
718.300000 0.000117
718.335000 0.000007
718.370000 0.000027
718.405000 0.000062
718.440000 0.000204
718.475000 0.000317
718.545000 0.000142
718.580000 0.000086
718.615000 0.000150
718.650000 0.000160
718.685000 0.000139
718.720000 0.000001
718.755000 0.000115
718.790000 0.000130
718.825000 0.000012
718.860000 0.000067
718.895000 0.000049
718.930000 0.000023
718.965000 0.000103
719.000000 0.000018
719.035000 0.000034
719.070000 0.000048
719.105000 0.000129
719.140000 0.000151
719.175000 0.000076
719.210000 0.000328
719.280000 0.000217
719.315000 0.000500
719.350000 0.000054
719.420000 0.000208
719.455000 0.000054
719.490000 0.000061
719.525000 0.000056
719.560000 0.000033
719.595000 0.000063
719.630000 0.000006
719.665000 0.000003
719.700000 0.000158
719.770000 0.000018
719.805000 0.000044
719.875000 0.000044
719.910000 0.000045
719.945000 0.000044
719.980000 0.000005
720.015000 0.000202
720.050000 0.000012
720.085000 0.000006
720.120000 0.000021
720.190000 0.000073
720.225000 0.000084
720.295000 0.000010
720.330000 0.000022
720.365000 0.000011
720.435000 0.000089
720.470000 0.000027
720.505000 0.000150
720.540000 0.000088
720.610000 0.000008
720.645000 0.000037
720.680000 0.000141
720.715000 0.000123
720.750000 0.000077
720.855000 0.000318
720.890000 0.000063
720.995000 0.000082
721.030000 0.000027
721.065000 0.000045
721.135000 0.000053
721.170000 0.000005
721.205000 0.000060
721.240000 0.000041
721.310000 0.000037
721.345000 0.000045
721.380000 0.000104
721.415000 0.000023
721.450000 0.000026
721.485000 0.000012
721.555000 0.000059
721.625000 0.000057
721.695000 0.000043
721.765000 0.000020
721.800000 0.000002
721.870000 0.000034
721.905000 0.000003
721.940000 0.000026
721.975000 0.000014
722.010000 0.000007
722.150000 0.000017
722.220000 0.000003
722.255000 0.000001
722.290000 0.000001
722.325000 0.000009
722.395000 0.000003
722.465000 0.000048
722.500000 0.000002
722.605000 0.000001
722.640000 0.000013
722.675000 0.000011
722.710000 0.000035
722.780000 0.000214
722.920000 0.000040
722.955000 0.013739
723.025000 0.000066
723.095000 0.000063
723.130000 0.000018
723.165000 0.000186
723.235000 0.000010
723.270000 0.000003
723.375000 0.000004
723.410000 0.000008
723.585000 0.000134
723.655000 0.000018
723.690000 0.000027
723.725000 0.000011
723.865000 0.000036
724.040000 0.000080
724.180000 0.000878
724.250000 0.000395
724.285000 0.000199
724.355000 0.001366
724.425000 0.000624
724.460000 0.000070
724.565000 0.000013
724.600000 0.000043
724.670000 0.000009
724.705000 0.000187
724.775000 0.000032
724.845000 0.002308
724.880000 0.002116
724.915000 0.007069
724.985000 0.000027
725.020000 0.001090
725.160000 0.012206
725.265000 0.022064
725.335000 0.028344
725.440000 0.005340
725.475000 0.001736
725.545000 0.001536
725.580000 0.004391
725.615000 0.001633
725.650000 0.001093
725.720000 0.003915
725.755000 0.004061
725.790000 0.004505
725.825000 0.014380
725.860000 0.000550
725.895000 0.038254
726.035000 0.029843
726.070000 0.003868
726.175000 0.019095
726.315000 0.007456
726.350000 0.009197
726.420000 0.000265
726.490000 0.003779
726.630000 0.007811
726.665000 0.006212
726.735000 0.004280
726.840000 0.001610
726.910000 0.000051
726.980000 0.002675
727.015000 0.002326
727.085000 0.000657
727.120000 0.002587
727.155000 0.000423
727.190000 0.001010
727.225000 0.009127
727.295000 0.002438
727.330000 0.002828
727.365000 0.000038
727.505000 0.001154
727.575000 0.000828
727.715000 0.001420
727.750000 0.000141
727.820000 0.003719
727.890000 0.000356
727.925000 0.001843
728.065000 0.002244
728.100000 0.000976
728.205000 0.002229
728.240000 0.001535
728.275000 0.000063
728.310000 0.001594
728.345000 0.001301
728.415000 0.000488
728.450000 0.000817
728.485000 0.000213
728.520000 0.000217
728.555000 0.000296
728.590000 0.001930
728.625000 0.000451
728.695000 0.000587
728.730000 0.000896
728.800000 0.000215
728.835000 0.000527
728.905000 0.000753
728.975000 0.000382
729.010000 0.000306
729.045000 0.000860
729.080000 0.000539
729.150000 0.000145
729.185000 0.000680
729.220000 0.000445
729.255000 0.001744
729.325000 0.000077
729.430000 0.000309
729.465000 0.000279
729.500000 0.000498
729.535000 0.000042
729.570000 0.000187
729.605000 0.000189
729.675000 0.000048
729.710000 0.000085
729.745000 0.000021
729.850000 0.000360
729.920000 0.000031
729.955000 0.000134
729.990000 0.000079
730.025000 0.000101
730.165000 0.000020
730.340000 0.000043
730.375000 0.000150
730.410000 0.000048
730.445000 0.000007
730.480000 0.000030
730.550000 0.000065
730.585000 0.000034
730.620000 0.000009
730.655000 0.000164
730.830000 0.000045
730.865000 0.000006
730.900000 0.000004
730.935000 0.000056
731.040000 0.000026
731.075000 0.000024
731.110000 0.000012
731.145000 0.000003
731.250000 0.000066
731.285000 0.000005
731.355000 0.000077
731.390000 0.000015
731.425000 0.000003
731.460000 0.000127
731.530000 0.000012
731.600000 0.000123
731.635000 0.000049
731.670000 0.000048
731.705000 0.000037
731.740000 0.000066
731.810000 0.000004
731.845000 0.000060
731.915000 0.000020
731.950000 0.000015
732.020000 0.000037
732.125000 0.000081
732.160000 0.000038
732.195000 0.000051
732.265000 0.000004
732.335000 0.000268
732.405000 0.000021
732.475000 0.000147
732.510000 0.000003
732.545000 0.000030
732.615000 0.000044
732.650000 0.000010
732.685000 0.000004
732.790000 0.000098
732.825000 0.000027
732.895000 0.000016
732.965000 0.000055
733.000000 0.000029
733.175000 0.000024
733.280000 0.000102
733.385000 0.000006
733.455000 0.000007
733.700000 0.000033
733.735000 0.000005
733.805000 0.000047
733.875000 0.000026
733.945000 0.000014
734.050000 0.000005
734.085000 0.000021
734.260000 0.000016
734.365000 0.000002
734.575000 0.000002
734.645000 0.000013
734.750000 0.000003
735.065000 0.000006
735.240000 0.000011
735.310000 0.000002
735.450000 0.000011
735.485000 0.000003
735.520000 0.000001
735.660000 0.000002
735.730000 0.000018
735.870000 0.000003
735.940000 0.000003
736.045000 0.000003
736.115000 0.000010
736.430000 0.000002
736.535000 0.000004
736.570000 0.000002
736.780000 0.000008
736.885000 0.000002
737.025000 0.000003
737.795000 0.000003
739.090000 0.000002
739.125000 0.000001
