705.000000 0.000144
705.035000 0.000178
705.070000 0.000207
705.105000 0.000229
705.140000 0.000244
705.175000 0.000253
705.210000 0.000259
705.245000 0.000263
705.280000 0.000266
705.315000 0.000268
705.350000 0.000271
705.385000 0.000273
705.420000 0.000275
705.455000 0.000278
705.490000 0.000280
705.525000 0.000283
705.560000 0.000285
705.595000 0.000288
705.630000 0.000290
705.665000 0.000293
705.700000 0.000295
705.735000 0.000298
705.770000 0.000301
705.805000 0.000304
705.840000 0.000306
705.875000 0.000309
705.910000 0.000312
705.945000 0.000315
705.980000 0.000318
706.015000 0.000321
706.050000 0.000324
706.085000 0.000327
706.120000 0.000330
706.155000 0.000334
706.190000 0.000337
706.225000 0.000340
706.260000 0.000344
706.295000 0.000347
706.330000 0.000351
706.365000 0.000354
706.400000 0.000358
706.435000 0.000362
706.470000 0.000365
706.505000 0.000369
706.540000 0.000373
706.575000 0.000377
706.610000 0.000381
706.645000 0.000385
706.680000 0.000390
706.715000 0.000394
706.750000 0.000398
706.785000 0.000403
706.820000 0.000407
706.855000 0.000412
706.890000 0.000417
706.925000 0.000422
706.960000 0.000426
706.995000 0.000432
707.030000 0.000437
707.065000 0.000442
707.100000 0.000447
707.135000 0.000453
707.170000 0.000458
707.205000 0.000464
707.240000 0.000470
707.275000 0.000476
707.310000 0.000482
707.345000 0.000489
707.380000 0.000495
707.415000 0.000502
707.450000 0.000508
707.485000 0.000515
707.520000 0.000522
707.555000 0.000530
707.590000 0.000537
707.625000 0.000545
707.660000 0.000553
707.695000 0.000561
707.730000 0.000569
707.765000 0.000577
707.800000 0.000586
707.835000 0.000595
707.870000 0.000605
707.905000 0.000614
707.940000 0.000624
707.975000 0.000634
708.010000 0.000645
708.045000 0.000655
708.080000 0.000666
708.115000 0.000678
708.150000 0.000690
708.185000 0.000702
708.220000 0.000715
708.255000 0.000728
708.290000 0.000742
708.325000 0.000756
708.360000 0.000770
708.395000 0.000786
708.430000 0.000801
708.465000 0.000818
708.500000 0.000835
708.535000 0.000853
708.570000 0.000872
708.605000 0.000891
708.640000 0.000911
708.675000 0.000933
708.710000 0.000955
708.745000 0.000978
708.780000 0.001003
708.815000 0.001029
708.850000 0.001056
708.885000 0.001085
708.920000 0.001115
708.955000 0.001148
708.990000 0.001182
709.025000 0.001218
709.060000 0.001257
709.095000 0.001298
709.130000 0.001342
709.165000 0.001390
709.200000 0.001441
709.235000 0.001495
709.270000 0.001555
709.305000 0.001619
709.340000 0.001689
709.375000 0.001765
709.410000 0.001849
709.445000 0.001940
709.480000 0.002042
709.515000 0.002154
709.550000 0.002279
709.585000 0.002418
709.620000 0.002575
709.655000 0.002753
709.690000 0.002954
709.725000 0.003183
709.760000 0.003447
709.795000 0.003750
709.830000 0.004099
709.865000 0.004504
709.900000 0.004973
709.935000 0.005514
709.970000 0.006136
710.005000 0.006841
710.040000 0.007629
710.075000 0.008489
710.110000 0.009400
710.145000 0.010327
710.180000 0.011222
710.215000 0.012027
710.250000 0.012681
710.285000 0.013130
710.320000 0.013335
710.355000 0.013280
710.390000 0.012976
710.425000 0.012459
710.460000 0.011783
710.495000 0.011008
710.530000 0.010198
710.565000 0.009404
710.600000 0.008665
710.635000 0.008007
710.670000 0.007443
710.705000 0.006979
710.740000 0.006611
710.775000 0.006334
710.810000 0.006140
710.845000 0.006019
710.880000 0.005963
710.915000 0.005960
710.950000 0.005998
710.985000 0.006064
711.020000 0.006146
711.055000 0.006229
711.090000 0.006304
711.125000 0.006360
711.160000 0.006393
711.195000 0.006402
711.230000 0.006388
711.265000 0.006357
711.300000 0.006316
711.335000 0.006273
711.370000 0.006236
711.405000 0.006211
711.440000 0.006205
711.475000 0.006222
711.510000 0.006265
711.545000 0.006338
711.580000 0.006442
711.615000 0.006577
711.650000 0.006744
711.685000 0.006942
711.720000 0.007171
711.755000 0.007428
711.790000 0.007714
711.825000 0.008031
711.860000 0.008379
711.895000 0.008766
711.930000 0.009199
711.965000 0.009688
712.000000 0.010245
712.035000 0.010886
712.070000 0.011625
712.105000 0.012479
712.140000 0.013464
712.175000 0.014597
712.210000 0.015898
712.245000 0.017384
712.280000 0.019072
712.315000 0.020976
712.350000 0.023097
712.385000 0.025425
712.420000 0.027926
712.455000 0.030544
712.490000 0.033200
712.525000 0.035797
712.560000 0.038240
712.595000 0.040442
712.630000 0.042344
712.665000 0.043920
712.700000 0.045179
712.735000 0.046153
712.770000 0.046888
712.805000 0.047431
712.840000 0.047818
712.875000 0.048076
712.910000 0.048224
712.945000 0.048279
712.980000 0.048259
713.015000 0.048188
713.050000 0.048093
713.085000 0.047999
713.120000 0.047925
713.155000 0.047881
713.190000 0.047866
713.225000 0.047875
713.260000 0.047903
713.295000 0.047950
713.330000 0.048022
713.365000 0.048129
713.400000 0.048280
713.435000 0.048477
713.470000 0.048712
713.505000 0.048964
713.540000 0.049209
713.575000 0.049419
713.610000 0.049568
713.645000 0.049633
713.680000 0.049598
713.715000 0.049451
713.750000 0.049191
713.785000 0.048826
713.820000 0.048376
713.855000 0.047875
713.890000 0.047368
713.925000 0.046906
713.960000 0.046541
713.995000 0.046322
714.030000 0.046291
714.065000 0.046476
714.100000 0.046886
714.135000 0.047504
714.170000 0.048286
714.205000 0.049161
714.240000 0.050038
714.275000 0.050817
714.310000 0.051403
714.345000 0.051720
714.380000 0.051721
714.415000 0.051390
714.450000 0.050742
714.485000 0.049812
714.520000 0.048653
714.555000 0.047321
714.590000 0.045869
714.625000 0.044343
714.660000 0.042780
714.695000 0.041208
714.730000 0.039647
714.765000 0.038117
714.800000 0.036635
714.835000 0.035217
714.870000 0.033880
714.905000 0.032635
714.940000 0.031486
714.975000 0.030434
715.010000 0.029467
715.045000 0.028569
715.080000 0.027721
715.115000 0.026902
715.150000 0.026096
715.185000 0.025292
715.220000 0.024487
715.255000 0.023683
715.290000 0.022886
715.325000 0.022102
715.360000 0.021334
715.395000 0.020584
715.430000 0.019851
715.465000 0.019133
715.500000 0.018432
715.535000 0.017754
715.570000 0.017107
715.605000 0.016501
715.640000 0.015945
715.675000 0.015446
715.710000 0.015001
715.745000 0.014607
715.780000 0.014251
715.815000 0.013921
715.850000 0.013603
715.885000 0.013286
715.920000 0.012963
715.955000 0.012636
715.990000 0.012308
716.025000 0.011990
716.060000 0.011691
716.095000 0.011425
716.130000 0.011197
716.165000 0.011014
716.200000 0.010878
716.235000 0.010787
716.270000 0.010740
716.305000 0.010733
716.340000 0.010764
716.375000 0.010827
716.410000 0.010921
716.445000 0.011040
716.480000 0.011178
716.515000 0.011329
716.550000 0.011483
716.585000 0.011630
716.620000 0.011756
716.655000 0.011849
716.690000 0.011894
716.725000 0.011880
716.760000 0.011797
716.795000 0.011643
716.830000 0.011420
716.865000 0.011135
716.900000 0.010802
716.935000 0.010434
716.970000 0.010046
717.005000 0.009654
717.040000 0.009267
717.075000 0.008892
717.110000 0.008533
717.145000 0.008191
717.180000 0.007865
717.215000 0.007552
717.250000 0.007250
717.285000 0.006957
717.320000 0.006672
717.355000 0.006395
717.390000 0.006125
717.425000 0.005865
717.460000 0.005617
717.495000 0.005381
717.530000 0.005159
717.565000 0.004953
717.600000 0.004762
717.635000 0.004587
717.670000 0.004425
717.705000 0.004276
717.740000 0.004136
717.775000 0.004003
717.810000 0.003875
717.845000 0.003749
717.880000 0.003626
717.915000 0.003506
717.950000 0.003391
717.985000 0.003281
718.020000 0.003177
718.055000 0.003082
718.090000 0.002993
718.125000 0.002912
718.160000 0.002837
718.195000 0.002767
718.230000 0.002703
718.265000 0.002643
718.300000 0.002587
718.335000 0.002535
718.370000 0.002487
718.405000 0.002442
718.440000 0.002400
718.475000 0.002360
718.510000 0.002321
718.545000 0.002283
718.580000 0.002245
718.615000 0.002208
718.650000 0.002170
718.685000 0.002133
718.720000 0.002096
718.755000 0.002060
718.790000 0.002027
718.825000 0.001995
718.860000 0.001966
718.895000 0.001941
718.930000 0.001918
718.965000 0.001898
719.000000 0.001882
719.035000 0.001868
719.070000 0.001855
719.105000 0.001844
719.140000 0.001834
719.175000 0.001823
719.210000 0.001811
719.245000 0.001798
719.280000 0.001783
719.315000 0.001765
719.350000 0.001746
719.385000 0.001724
719.420000 0.001700
719.455000 0.001674
719.490000 0.001647
719.525000 0.001619
719.560000 0.001590
719.595000 0.001562
719.630000 0.001536
719.665000 0.001511
719.700000 0.001489
719.735000 0.001469
719.770000 0.001451
719.805000 0.001435
719.840000 0.001422
719.875000 0.001410
719.910000 0.001400
719.945000 0.001391
719.980000 0.001383
720.015000 0.001377
720.050000 0.001372
720.085000 0.001368
720.120000 0.001365
720.155000 0.001363
720.190000 0.001363
720.225000 0.001364
720.260000 0.001366
720.295000 0.001369
720.330000 0.001373
720.365000 0.001378
720.400000 0.001384
720.435000 0.001391
720.470000 0.001399
720.505000 0.001407
720.540000 0.001416
720.575000 0.001425
720.610000 0.001435
720.645000 0.001444
720.680000 0.001454
720.715000 0.001463
720.750000 0.001473
720.785000 0.001482
720.820000 0.001491
720.855000 0.001499
720.890000 0.001507
720.925000 0.001515
720.960000 0.001523
720.995000 0.001531
721.030000 0.001540
721.065000 0.001548
721.100000 0.001558
721.135000 0.001567
721.170000 0.001578
721.205000 0.001590
721.240000 0.001602
721.275000 0.001616
721.310000 0.001631
721.345000 0.001647
721.380000 0.001664
721.415000 0.001682
721.450000 0.001702
721.485000 0.001724
721.520000 0.001747
721.555000 0.001772
721.590000 0.001798
721.625000 0.001826
721.660000 0.001857
721.695000 0.001889
721.730000 0.001924
721.765000 0.001962
721.800000 0.002002
721.835000 0.002046
721.870000 0.002092
721.905000 0.002143
721.940000 0.002197
721.975000 0.002255
722.010000 0.002318
722.045000 0.002386
722.080000 0.002460
722.115000 0.002539
722.150000 0.002624
722.185000 0.002717
722.220000 0.002816
722.255000 0.002923
722.290000 0.003039
722.325000 0.003164
722.360000 0.003298
722.395000 0.003441
722.430000 0.003594
722.465000 0.003757
722.500000 0.003930
722.535000 0.004112
722.570000 0.004302
722.605000 0.004498
722.640000 0.004698
722.675000 0.004900
722.710000 0.005100
722.745000 0.005294
722.780000 0.005478
722.815000 0.005648
722.850000 0.005798
722.885000 0.005925
722.920000 0.006026
722.955000 0.006099
722.990000 0.006142
723.025000 0.006156
723.060000 0.006143
723.095000 0.006106
723.130000 0.006049
723.165000 0.005976
723.200000 0.005892
723.235000 0.005802
723.270000 0.005710
723.305000 0.005620
723.340000 0.005536
723.375000 0.005461
723.410000 0.005396
723.445000 0.005343
723.480000 0.005304
723.515000 0.005279
723.550000 0.005268
723.585000 0.005273
723.620000 0.005294
723.655000 0.005329
723.690000 0.005380
723.725000 0.005447
723.760000 0.005530
723.795000 0.005628
723.830000 0.005742
723.865000 0.005873
723.900000 0.006019
723.935000 0.006183
723.970000 0.006363
724.005000 0.006560
724.040000 0.006774
724.075000 0.007007
724.110000 0.007258
724.145000 0.007528
724.180000 0.007818
724.215000 0.008130
724.250000 0.008463
724.285000 0.008820
724.320000 0.009203
724.355000 0.009613
724.390000 0.010052
724.425000 0.010521
724.460000 0.011023
724.495000 0.011559
724.530000 0.012131
724.565000 0.012738
724.600000 0.013380
724.635000 0.014058
724.670000 0.014768
724.705000 0.015509
724.740000 0.016278
724.775000 0.017070
724.810000 0.017882
724.845000 0.018708
724.880000 0.019544
724.915000 0.020383
724.950000 0.021220
724.985000 0.022049
725.020000 0.022862
725.055000 0.023653
725.090000 0.024414
725.125000 0.025137
725.160000 0.025815
725.195000 0.026441
725.230000 0.027010
725.265000 0.027519
725.300000 0.027967
725.335000 0.028358
725.370000 0.028694
725.405000 0.028982
725.440000 0.029229
725.475000 0.029443
725.510000 0.029631
725.545000 0.029799
725.580000 0.029953
725.615000 0.030093
725.650000 0.030220
725.685000 0.030332
725.720000 0.030425
725.755000 0.030495
725.790000 0.030538
725.825000 0.030547
725.860000 0.030519
725.895000 0.030450
725.930000 0.030340
725.965000 0.030188
726.000000 0.029993
726.035000 0.029758
726.070000 0.029484
726.105000 0.029172
726.140000 0.028824
726.175000 0.028442
726.210000 0.028025
726.245000 0.027576
726.280000 0.027096
726.315000 0.026586
726.350000 0.026050
726.385000 0.025491
726.420000 0.024913
726.455000 0.024321
726.490000 0.023720
726.525000 0.023113
726.560000 0.022507
726.595000 0.021905
726.630000 0.021310
726.665000 0.020725
726.700000 0.020153
726.735000 0.019596
726.770000 0.019056
726.805000 0.018534
726.840000 0.018032
726.875000 0.017549
726.910000 0.017085
726.945000 0.016641
726.980000 0.016215
727.015000 0.015805
727.050000 0.015409
727.085000 0.015023
727.120000 0.014647
727.155000 0.014277
727.190000 0.013911
727.225000 0.013547
727.260000 0.013186
727.295000 0.012828
727.330000 0.012473
727.365000 0.012123
727.400000 0.011781
727.435000 0.011448
727.470000 0.011127
727.505000 0.010820
727.540000 0.010528
727.575000 0.010252
727.610000 0.009993
727.645000 0.009749
727.680000 0.009522
727.715000 0.009308
727.750000 0.009107
727.785000 0.008917
727.820000 0.008736
727.855000 0.008564
727.890000 0.008397
727.925000 0.008237
727.960000 0.008081
727.995000 0.007929
728.030000 0.007782
728.065000 0.007637
728.100000 0.007497
728.135000 0.007359
728.170000 0.007225
728.205000 0.007093
728.240000 0.006964
728.275000 0.006838
728.310000 0.006713
728.345000 0.006591
728.380000 0.006471
728.415000 0.006353
728.450000 0.006236
728.485000 0.006122
728.520000 0.006011
728.555000 0.005901
728.590000 0.005794
728.625000 0.005689
728.660000 0.005586
728.695000 0.005486
728.730000 0.005388
728.765000 0.005292
728.800000 0.005198
728.835000 0.005105
728.870000 0.005015
728.905000 0.004926
728.940000 0.004837
728.975000 0.004749
729.010000 0.004660
729.045000 0.004571
729.080000 0.004480
729.115000 0.004388
729.150000 0.004293
729.185000 0.004196
729.220000 0.004096
729.255000 0.003993
729.290000 0.003888
729.325000 0.003782
729.360000 0.003675
729.395000 0.003567
729.430000 0.003459
729.465000 0.003353
729.500000 0.003248
729.535000 0.003145
729.570000 0.003045
729.605000 0.002948
729.640000 0.002854
729.675000 0.002764
729.710000 0.002677
729.745000 0.002594
729.780000 0.002514
729.815000 0.002436
729.850000 0.002362
729.885000 0.002291
729.920000 0.002222
729.955000 0.002156
729.990000 0.002092
730.025000 0.002030
730.060000 0.001971
730.095000 0.001915
730.130000 0.001860
730.165000 0.001808
730.200000 0.001758
730.235000 0.001710
730.270000 0.001665
730.305000 0.001622
730.340000 0.001581
730.375000 0.001541
730.410000 0.001504
730.445000 0.001468
730.480000 0.001434
730.515000 0.001401
730.550000 0.001370
730.585000 0.001340
730.620000 0.001312
730.655000 0.001285
730.690000 0.001259
730.725000 0.001235
730.760000 0.001212
730.795000 0.001189
730.830000 0.001168
730.865000 0.001148
730.900000 0.001129
730.935000 0.001111
730.970000 0.001094
731.005000 0.001078
731.040000 0.001062
731.075000 0.001047
731.110000 0.001032
731.145000 0.001018
731.180000 0.001005
731.215000 0.000992
731.250000 0.000979
731.285000 0.000966
731.320000 0.000954
731.355000 0.000942
731.390000 0.000930
731.425000 0.000918
731.460000 0.000906
731.495000 0.000895
731.530000 0.000883
731.565000 0.000872
731.600000 0.000861
731.635000 0.000849
731.670000 0.000839
731.705000 0.000828
731.740000 0.000817
731.775000 0.000807
731.810000 0.000797
731.845000 0.000787
731.880000 0.000778
731.915000 0.000769
731.950000 0.000760
731.985000 0.000752
732.020000 0.000744
732.055000 0.000736
732.090000 0.000728
732.125000 0.000721
732.160000 0.000714
732.195000 0.000708
732.230000 0.000701
732.265000 0.000695
732.300000 0.000689
732.335000 0.000683
732.370000 0.000677
732.405000 0.000671
732.440000 0.000665
732.475000 0.000659
732.510000 0.000653
732.545000 0.000648
732.580000 0.000642
732.615000 0.000636
732.650000 0.000630
732.685000 0.000623
732.720000 0.000617
732.755000 0.000611
732.790000 0.000604
732.825000 0.000597
732.860000 0.000590
732.895000 0.000582
732.930000 0.000575
732.965000 0.000567
733.000000 0.000559
733.035000 0.000551
733.070000 0.000544
733.105000 0.000536
733.140000 0.000528
733.175000 0.000521
733.210000 0.000513
733.245000 0.000506
733.280000 0.000499
733.315000 0.000492
733.350000 0.000486
733.385000 0.000480
733.420000 0.000474
733.455000 0.000469
733.490000 0.000463
733.525000 0.000458
733.560000 0.000453
733.595000 0.000449
733.630000 0.000444
733.665000 0.000440
733.700000 0.000436
733.735000 0.000431
733.770000 0.000427
733.805000 0.000422
733.840000 0.000418
733.875000 0.000413
733.910000 0.000408
733.945000 0.000403
733.980000 0.000398
734.015000 0.000393
734.050000 0.000388
734.085000 0.000383
734.120000 0.000378
734.155000 0.000373
734.190000 0.000368
734.225000 0.000362
734.260000 0.000358
734.295000 0.000353
734.330000 0.000348
734.365000 0.000343
734.400000 0.000339
734.435000 0.000334
734.470000 0.000330
734.505000 0.000326
734.540000 0.000322
734.575000 0.000318
734.610000 0.000314
734.645000 0.000310
734.680000 0.000307
734.715000 0.000304
734.750000 0.000300
734.785000 0.000297
734.820000 0.000294
734.855000 0.000291
734.890000 0.000288
734.925000 0.000286
734.960000 0.000283
734.995000 0.000281
735.030000 0.000278
735.065000 0.000276
735.100000 0.000274
735.135000 0.000271
735.170000 0.000269
735.205000 0.000267
735.240000 0.000265
735.275000 0.000264
735.310000 0.000262
735.345000 0.000260
735.380000 0.000258
735.415000 0.000256
735.450000 0.000254
735.485000 0.000253
735.520000 0.000251
735.555000 0.000249
735.590000 0.000247
735.625000 0.000246
735.660000 0.000244
735.695000 0.000242
735.730000 0.000240
735.765000 0.000238
735.800000 0.000236
735.835000 0.000234
735.870000 0.000232
735.905000 0.000231
735.940000 0.000229
735.975000 0.000227
736.010000 0.000225
736.045000 0.000223
736.080000 0.000221
736.115000 0.000219
736.150000 0.000217
736.185000 0.000215
736.220000 0.000214
736.255000 0.000212
736.290000 0.000210
736.325000 0.000209
736.360000 0.000207
736.395000 0.000205
736.430000 0.000204
736.465000 0.000202
736.500000 0.000201
736.535000 0.000199
736.570000 0.000198
736.605000 0.000196
736.640000 0.000195
736.675000 0.000193
736.710000 0.000192
736.745000 0.000191
736.780000 0.000189
736.815000 0.000188
736.850000 0.000186
736.885000 0.000185
736.920000 0.000184
736.955000 0.000182
736.990000 0.000181
737.025000 0.000180
737.060000 0.000178
737.095000 0.000177
737.130000 0.000175
737.165000 0.000174
737.200000 0.000173
737.235000 0.000172
737.270000 0.000170
737.305000 0.000169
737.340000 0.000168
737.375000 0.000167
737.410000 0.000166
737.445000 0.000165
737.480000 0.000163
737.515000 0.000162
737.550000 0.000161
737.585000 0.000160
737.620000 0.000159
737.655000 0.000158
737.690000 0.000157
737.725000 0.000156
737.760000 0.000155
737.795000 0.000154
737.830000 0.000153
737.865000 0.000152
737.900000 0.000151
737.935000 0.000151
737.970000 0.000150
738.005000 0.000149
738.040000 0.000148
738.075000 0.000147
738.110000 0.000146
738.145000 0.000145
738.180000 0.000145
738.215000 0.000144
738.250000 0.000143
738.285000 0.000142
738.320000 0.000141
738.355000 0.000141
738.390000 0.000140
738.425000 0.000139
738.460000 0.000138
738.495000 0.000138
738.530000 0.000137
738.565000 0.000136
738.600000 0.000135
738.635000 0.000135
738.670000 0.000134
738.705000 0.000133
738.740000 0.000133
738.775000 0.000132
738.810000 0.000131
738.845000 0.000131
738.880000 0.000130
738.915000 0.000129
738.950000 0.000129
738.985000 0.000128
739.020000 0.000127
739.055000 0.000127
739.090000 0.000126
739.125000 0.000125
739.160000 0.000125
739.195000 0.000124
739.230000 0.000123
739.265000 0.000123
739.300000 0.000122
739.335000 0.000121
739.370000 0.000121
739.405000 0.000120
739.440000 0.000120
739.475000 0.000119
739.510000 0.000118
739.545000 0.000118
739.580000 0.000117
739.615000 0.000117
739.650000 0.000116
739.685000 0.000115
739.720000 0.000114
739.755000 0.000113
739.790000 0.000111
739.825000 0.000107
739.860000 0.000101
739.895000 0.000091
739.930000 0.000079
739.965000 0.000064

Sticks
710.250000 0.002506
710.355000 0.008000
711.020000 0.000235
711.125000 0.001100
711.160000 0.000372
711.230000 0.000117
711.265000 0.000178
711.335000 0.000308
711.405000 0.000015
711.475000 0.000095
711.545000 0.000117
711.580000 0.000020
711.720000 0.000148
711.790000 0.000050
711.860000 0.000456
711.930000 0.000181
712.140000 0.000008
712.245000 0.000091
712.280000 0.000437
712.315000 0.000231
712.350000 0.000093
712.420000 0.000012
712.455000 0.000074
712.490000 0.000072
712.560000 0.001757
712.595000 0.006326
712.630000 0.008394
712.700000 0.003156
712.735000 0.001759
712.840000 0.005108
712.910000 0.003747
712.980000 0.007435
713.050000 0.000173
713.085000 0.004448
713.155000 0.000904
713.260000 0.010644
713.295000 0.000791
713.330000 0.000014
713.400000 0.002042
713.470000 0.001667
713.505000 0.000239
713.540000 0.009314
713.645000 0.002529
713.750000 0.011514
713.855000 0.003930
713.925000 0.000204
713.995000 0.006424
714.065000 0.000077
714.100000 0.000016
714.135000 0.000878
714.240000 0.003564
714.275000 0.001954
714.310000 0.001412
714.345000 0.010767
714.415000 0.003392
714.450000 0.003012
714.485000 0.006721
714.555000 0.000034
714.590000 0.001529
714.660000 0.002367
714.695000 0.003561
714.765000 0.002107
714.800000 0.000558
714.835000 0.001973
714.905000 0.001599
714.940000 0.000540
714.975000 0.001212
715.045000 0.000598
715.080000 0.001582
715.115000 0.000088
715.150000 0.003197
715.185000 0.000859
715.255000 0.001225
715.290000 0.000592
715.325000 0.000310
715.360000 0.000074
715.395000 0.000388
715.430000 0.000925
715.465000 0.002472
715.500000 0.000282
715.535000 0.000087
715.570000 0.000447
715.640000 0.000008
715.675000 0.000012
715.710000 0.000744
715.745000 0.000029
715.780000 0.000594
715.850000 0.000556
715.885000 0.000771
715.920000 0.001387
715.990000 0.000213
716.025000 0.000398
716.095000 0.000007
716.130000 0.000004
716.165000 0.000290
716.200000 0.000067
716.235000 0.000608
716.270000 0.000439
716.305000 0.000012
716.340000 0.000097
716.375000 0.000496
716.410000 0.000206
716.480000 0.000666
716.515000 0.000388
716.550000 0.000085
716.585000 0.000062
716.620000 0.000833
716.655000 0.000179
716.690000 0.000494
716.725000 0.001223
716.760000 0.000099
716.795000 0.001017
716.830000 0.001367
716.865000 0.000188
716.900000 0.000446
716.935000 0.000428
716.970000 0.000009
717.005000 0.000477
717.040000 0.000032
717.075000 0.000011
717.110000 0.000319
717.145000 0.000576
717.180000 0.000027
717.215000 0.000104
717.250000 0.000071
717.285000 0.000141
717.320000 0.000773
717.390000 0.000100
717.460000 0.000022
717.495000 0.000511
717.530000 0.000005
717.565000 0.000056
717.600000 0.000020
717.635000 0.000024
717.670000 0.000003
717.705000 0.000047
717.740000 0.000040
717.775000 0.000304
717.810000 0.000108
717.845000 0.000214
717.880000 0.000021
717.950000 0.000004
717.985000 0.000023
718.020000 0.000027
718.055000 0.000065
718.090000 0.000026
718.125000 0.000038
718.160000 0.000041
718.195000 0.000092
718.230000 0.000027
718.265000 0.000058
718.300000 0.000033
718.335000 0.000003
718.370000 0.000002
718.405000 0.000036
718.440000 0.000070
718.475000 0.000068
718.545000 0.000023
718.580000 0.000044
718.615000 0.000086
718.650000 0.000050
718.685000 0.000019
718.720000 0.000001
718.755000 0.000037
718.790000 0.000044
718.825000 0.000001
718.860000 0.000037
718.895000 0.000017
718.930000 0.000007
718.965000 0.000039
719.035000 0.000019
719.070000 0.000016
719.105000 0.000046
719.140000 0.000032
719.175000 0.000043
719.210000 0.000027
719.280000 0.000052
719.315000 0.000058
719.350000 0.000020
719.420000 0.000076
719.455000 0.000019
719.490000 0.000032
719.525000 0.000019
719.560000 0.000020
719.595000 0.000005
719.630000 0.000003
719.665000 0.000001
719.700000 0.000007
719.770000 0.000006
719.805000 0.000018
719.875000 0.000001
719.910000 0.000018
719.945000 0.000002
719.980000 0.000002
720.015000 0.000086
720.050000 0.000004
720.120000 0.000011
720.190000 0.000030
720.225000 0.000005
720.295000 0.000003
720.330000 0.000008
720.365000 0.000004
720.435000 0.000010
720.470000 0.000013
720.505000 0.000007
720.540000 0.000032
720.645000 0.000015
720.680000 0.000048
720.715000 0.000006
720.750000 0.000034
720.855000 0.000149
720.890000 0.000023
720.995000 0.000003
721.030000 0.000014
721.065000 0.000017
721.135000 0.000002
721.170000 0.000003
721.205000 0.000003
721.240000 0.000014
721.310000 0.000007
721.345000 0.000016
721.380000 0.000025
721.415000 0.000012
721.450000 0.000001
721.485000 0.000004
721.555000 0.000027
721.625000 0.000019
721.695000 0.000009
721.765000 0.000006
721.870000 0.000010
721.905000 0.000002
721.940000 0.000009
722.010000 0.000003
722.150000 0.000004
722.220000 0.000002
722.255000 0.000001
722.325000 0.000001
722.465000 0.000017
722.605000 0.000001
722.640000 0.000005
722.710000 0.000021
722.780000 0.000091
722.920000 0.000019
722.955000 0.006133
723.025000 0.000025
723.095000 0.000032
723.130000 0.000001
723.165000 0.000089
723.235000 0.000004
723.270000 0.000001
723.375000 0.000003
723.585000 0.000040
723.655000 0.000006
723.690000 0.000009
723.725000 0.000003
723.865000 0.000002
724.040000 0.000035
724.180000 0.000330
724.250000 0.000113
724.285000 0.000075
724.355000 0.000261
724.425000 0.000265
724.460000 0.000023
724.600000 0.000027
724.705000 0.000068
724.775000 0.000002
724.845000 0.001265
724.880000 0.001206
724.915000 0.003987
724.985000 0.000001
725.020000 0.000620
725.160000 0.004219
725.265000 0.012742
725.335000 0.003492
725.440000 0.001156
725.475000 0.000625
725.545000 0.000537
725.580000 0.002460
725.615000 0.001002
725.650000 0.000051
725.720000 0.001386
725.755000 0.001998
725.790000 0.000217
725.825000 0.005664
725.860000 0.000336
725.895000 0.009094
726.035000 0.001330
726.070000 0.001506
726.175000 0.005748
726.315000 0.004421
726.350000 0.004920
726.420000 0.000165
726.490000 0.001993
726.630000 0.000361
726.665000 0.002711
726.735000 0.002429
726.840000 0.000853
726.910000 0.000002
726.980000 0.001049
727.015000 0.000096
727.085000 0.000030
727.120000 0.000869
727.155000 0.000142
727.190000 0.000400
727.225000 0.003090
727.295000 0.001417
727.330000 0.000129
727.365000 0.000004
727.505000 0.000405
727.575000 0.000036
727.715000 0.000478
727.750000 0.000074
727.820000 0.001365
727.890000 0.000159
727.925000 0.000700
728.065000 0.000098
728.100000 0.000327
728.205000 0.000784
728.240000 0.000144
728.275000 0.000035
728.310000 0.000618
728.345000 0.000057
728.415000 0.000202
728.450000 0.000364
728.485000 0.000013
728.520000 0.000006
728.555000 0.000266
728.590000 0.000116
728.625000 0.000279
728.695000 0.000087
728.730000 0.000547
728.800000 0.000084
728.835000 0.000024
728.905000 0.000352
728.975000 0.000017
729.010000 0.000098
729.045000 0.000345
729.080000 0.000213
729.150000 0.000084
729.185000 0.000421
729.220000 0.000046
729.255000 0.000670
729.325000 0.000046
729.430000 0.000140
729.465000 0.000094
729.500000 0.000022
729.535000 0.000018
729.570000 0.000064
729.605000 0.000008
729.675000 0.000029
729.710000 0.000003
729.745000 0.000009
729.850000 0.000223
729.920000 0.000001
729.955000 0.000081
729.990000 0.000033
730.025000 0.000004
730.165000 0.000012
730.340000 0.000023
730.375000 0.000007
730.410000 0.000030
730.445000 0.000005
730.480000 0.000019
730.550000 0.000003
730.585000 0.000013
730.620000 0.000005
730.655000 0.000008
730.830000 0.000005
730.865000 0.000004
730.935000 0.000028
731.040000 0.000016
731.075000 0.000001
731.110000 0.000007
731.145000 0.000002
731.250000 0.000034
731.355000 0.000044
731.390000 0.000008
731.425000 0.000001
731.460000 0.000015
731.530000 0.000007
731.600000 0.000005
731.635000 0.000024
731.670000 0.000026
731.705000 0.000004
731.740000 0.000006
731.810000 0.000002
731.845000 0.000002
731.915000 0.000009
731.950000 0.000001
732.020000 0.000015
732.125000 0.000003
732.160000 0.000013
732.195000 0.000027
732.265000 0.000003
732.335000 0.000012
732.405000 0.000007
732.475000 0.000030
732.510000 0.000001
732.545000 0.000010
732.615000 0.000018
732.650000 0.000005
732.790000 0.000059
732.825000 0.000010
732.965000 0.000027
733.000000 0.000016
733.175000 0.000014
733.280000 0.000004
733.385000 0.000004
733.455000 0.000003
733.700000 0.000019
733.735000 0.000001
733.805000 0.000025
733.875000 0.000014
733.945000 0.000006
734.085000 0.000010
734.260000 0.000009
734.365000 0.000001
734.645000 0.000003
734.750000 0.000001
735.240000 0.000004
735.450000 0.000005
735.520000 0.000001
735.730000 0.000010
735.870000 0.000002
736.045000 0.000002
736.115000 0.000002
736.430000 0.000001
736.570000 0.000001
736.780000 0.000004
736.885000 0.000001
739.090000 0.000001
