705.000000 0.000144
705.035000 0.000178
705.070000 0.000207
705.105000 0.000229
705.140000 0.000244
705.175000 0.000253
705.210000 0.000259
705.245000 0.000263
705.280000 0.000266
705.315000 0.000269
705.350000 0.000271
705.385000 0.000273
705.420000 0.000276
705.455000 0.000278
705.490000 0.000280
705.525000 0.000283
705.560000 0.000285
705.595000 0.000288
705.630000 0.000290
705.665000 0.000293
705.700000 0.000296
705.735000 0.000298
705.770000 0.000301
705.805000 0.000304
705.840000 0.000307
705.875000 0.000309
705.910000 0.000312
705.945000 0.000315
705.980000 0.000318
706.015000 0.000321
706.050000 0.000324
706.085000 0.000328
706.120000 0.000331
706.155000 0.000334
706.190000 0.000337
706.225000 0.000341
706.260000 0.000344
706.295000 0.000347
706.330000 0.000351
706.365000 0.000355
706.400000 0.000358
706.435000 0.000362
706.470000 0.000366
706.505000 0.000370
706.540000 0.000374
706.575000 0.000378
706.610000 0.000382
706.645000 0.000386
706.680000 0.000390
706.715000 0.000394
706.750000 0.000399
706.785000 0.000403
706.820000 0.000408
706.855000 0.000412
706.890000 0.000417
706.925000 0.000422
706.960000 0.000427
706.995000 0.000432
707.030000 0.000437
707.065000 0.000442
707.100000 0.000448
707.135000 0.000453
707.170000 0.000459
707.205000 0.000465
707.240000 0.000471
707.275000 0.000477
707.310000 0.000483
707.345000 0.000489
707.380000 0.000496
707.415000 0.000502
707.450000 0.000509
707.485000 0.000516
707.520000 0.000523
707.555000 0.000530
707.590000 0.000538
707.625000 0.000545
707.660000 0.000553
707.695000 0.000561
707.730000 0.000570
707.765000 0.000578
707.800000 0.000587
707.835000 0.000596
707.870000 0.000605
707.905000 0.000615
707.940000 0.000625
707.975000 0.000635
708.010000 0.000645
708.045000 0.000656
708.080000 0.000667
708.115000 0.000679
708.150000 0.000691
708.185000 0.000703
708.220000 0.000716
708.255000 0.000729
708.290000 0.000743
708.325000 0.000757
708.360000 0.000772
708.395000 0.000787
708.430000 0.000803
708.465000 0.000819
708.500000 0.000836
708.535000 0.000854
708.570000 0.000873
708.605000 0.000893
708.640000 0.000913
708.675000 0.000934
708.710000 0.000957
708.745000 0.000980
708.780000 0.001005
708.815000 0.001031
708.850000 0.001058
708.885000 0.001087
708.920000 0.001118
708.955000 0.001150
708.990000 0.001184
709.025000 0.001221
709.060000 0.001260
709.095000 0.001301
709.130000 0.001345
709.165000 0.001393
709.200000 0.001444
709.235000 0.001499
709.270000 0.001559
709.305000 0.001623
709.340000 0.001693
709.375000 0.001770
709.410000 0.001854
709.445000 0.001946
709.480000 0.002048
709.515000 0.002160
709.550000 0.002286
709.585000 0.002426
709.620000 0.002584
709.655000 0.002762
709.690000 0.002965
709.725000 0.003195
709.760000 0.003460
709.795000 0.003765
709.830000 0.004116
709.865000 0.004524
709.900000 0.004995
709.935000 0.005539
709.970000 0.006164
710.005000 0.006873
710.040000 0.007665
710.075000 0.008529
710.110000 0.009444
710.145000 0.010375
710.180000 0.011272
710.215000 0.012079
710.250000 0.012734
710.285000 0.013182
710.320000 0.013385
710.355000 0.013328
710.390000 0.013020
710.425000 0.012499
710.460000 0.011818
710.495000 0.011040
710.530000 0.010226
710.565000 0.009428
710.600000 0.008686
710.635000 0.008026
710.670000 0.007460
710.705000 0.006994
710.740000 0.006624
710.775000 0.006346
710.810000 0.006151
710.845000 0.006030
710.880000 0.005972
710.915000 0.005968
710.950000 0.006006
710.985000 0.006072
711.020000 0.006153
711.055000 0.006237
711.090000 0.006311
711.125000 0.006367
711.160000 0.006400
711.195000 0.006409
711.230000 0.006395
711.265000 0.006364
711.300000 0.006323
711.335000 0.006280
711.370000 0.006243
711.405000 0.006218
711.440000 0.006212
711.475000 0.006229
711.510000 0.006272
711.545000 0.006345
711.580000 0.006448
711.615000 0.006583
711.650000 0.006750
711.685000 0.006947
711.720000 0.007175
711.755000 0.007432
711.790000 0.007718
711.825000 0.008034
711.860000 0.008382
711.895000 0.008769
711.930000 0.009201
711.965000 0.009690
712.000000 0.010247
712.035000 0.010888
712.070000 0.011627
712.105000 0.012480
712.140000 0.013464
712.175000 0.014597
712.210000 0.015898
712.245000 0.017383
712.280000 0.019071
712.315000 0.020974
712.350000 0.023095
712.385000 0.025422
712.420000 0.027923
712.455000 0.030540
712.490000 0.033194
712.525000 0.035791
712.560000 0.038233
712.595000 0.040434
712.630000 0.042335
712.665000 0.043911
712.700000 0.045169
712.735000 0.046143
712.770000 0.046878
712.805000 0.047420
712.840000 0.047807
712.875000 0.048065
712.910000 0.048214
712.945000 0.048269
712.980000 0.048250
713.015000 0.048181
713.050000 0.048086
713.085000 0.047994
713.120000 0.047921
713.155000 0.047877
713.190000 0.047864
713.225000 0.047874
713.260000 0.047904
713.295000 0.047954
713.330000 0.048029
713.365000 0.048140
713.400000 0.048296
713.435000 0.048498
713.470000 0.048737
713.505000 0.048996
713.540000 0.049246
713.575000 0.049462
713.610000 0.049616
713.645000 0.049685
713.680000 0.049654
713.715000 0.049510
713.750000 0.049251
713.785000 0.048886
713.820000 0.048435
713.855000 0.047933
713.890000 0.047425
713.925000 0.046962
713.960000 0.046596
713.995000 0.046377
714.030000 0.046346
714.065000 0.046531
714.100000 0.046941
714.135000 0.047560
714.170000 0.048342
714.205000 0.049216
714.240000 0.050092
714.275000 0.050868
714.310000 0.051451
714.345000 0.051764
714.380000 0.051761
714.415000 0.051426
714.450000 0.050772
714.485000 0.049839
714.520000 0.048676
714.555000 0.047341
714.590000 0.045887
714.625000 0.044360
714.660000 0.042796
714.695000 0.041224
714.730000 0.039664
714.765000 0.038135
714.800000 0.036654
714.835000 0.035238
714.870000 0.033902
714.905000 0.032657
714.940000 0.031509
714.975000 0.030457
715.010000 0.029489
715.045000 0.028591
715.080000 0.027741
715.115000 0.026921
715.150000 0.026113
715.185000 0.025307
715.220000 0.024501
715.255000 0.023695
715.290000 0.022897
715.325000 0.022111
715.360000 0.021342
715.395000 0.020591
715.430000 0.019856
715.465000 0.019138
715.500000 0.018436
715.535000 0.017758
715.570000 0.017110
715.605000 0.016504
715.640000 0.015948
715.675000 0.015448
715.710000 0.015003
715.745000 0.014608
715.780000 0.014252
715.815000 0.013922
715.850000 0.013604
715.885000 0.013286
715.920000 0.012964
715.955000 0.012636
715.990000 0.012309
716.025000 0.011990
716.060000 0.011692
716.095000 0.011425
716.130000 0.011198
716.165000 0.011015
716.200000 0.010879
716.235000 0.010788
716.270000 0.010741
716.305000 0.010734
716.340000 0.010764
716.375000 0.010828
716.410000 0.010921
716.445000 0.011039
716.480000 0.011177
716.515000 0.011328
716.550000 0.011482
716.585000 0.011628
716.620000 0.011754
716.655000 0.011847
716.690000 0.011892
716.725000 0.011877
716.760000 0.011795
716.795000 0.011641
716.830000 0.011418
716.865000 0.011133
716.900000 0.010800
716.935000 0.010432
716.970000 0.010045
717.005000 0.009653
717.040000 0.009266
717.075000 0.008892
717.110000 0.008533
717.145000 0.008192
717.180000 0.007866
717.215000 0.007553
717.250000 0.007252
717.285000 0.006959
717.320000 0.006674
717.355000 0.006396
717.390000 0.006127
717.425000 0.005867
717.460000 0.005618
717.495000 0.005383
717.530000 0.005161
717.565000 0.004955
717.600000 0.004764
717.635000 0.004588
717.670000 0.004427
717.705000 0.004277
717.740000 0.004138
717.775000 0.004005
717.810000 0.003876
717.845000 0.003751
717.880000 0.003628
717.915000 0.003508
717.950000 0.003392
717.985000 0.003282
718.020000 0.003179
718.055000 0.003083
718.090000 0.002994
718.125000 0.002913
718.160000 0.002838
718.195000 0.002768
718.230000 0.002704
718.265000 0.002644
718.300000 0.002588
718.335000 0.002536
718.370000 0.002488
718.405000 0.002443
718.440000 0.002401
718.475000 0.002361
718.510000 0.002322
718.545000 0.002284
718.580000 0.002246
718.615000 0.002208
718.650000 0.002171
718.685000 0.002133
718.720000 0.002096
718.755000 0.002061
718.790000 0.002027
718.825000 0.001996
718.860000 0.001967
718.895000 0.001941
718.930000 0.001919
718.965000 0.001899
719.000000 0.001883
719.035000 0.001868
719.070000 0.001856
719.105000 0.001845
719.140000 0.001834
719.175000 0.001824
719.210000 0.001812
719.245000 0.001799
719.280000 0.001784
719.315000 0.001766
719.350000 0.001747
719.385000 0.001725
719.420000 0.001701
719.455000 0.001675
719.490000 0.001648
719.525000 0.001619
719.560000 0.001591
719.595000 0.001563
719.630000 0.001537
719.665000 0.001512
719.700000 0.001489
719.735000 0.001469
719.770000 0.001452
719.805000 0.001436
719.840000 0.001423
719.875000 0.001411
719.910000 0.001401
719.945000 0.001392
719.980000 0.001384
720.015000 0.001378
720.050000 0.001372
720.085000 0.001368
720.120000 0.001365
720.155000 0.001364
720.190000 0.001363
720.225000 0.001364
720.260000 0.001366
720.295000 0.001369
720.330000 0.001373
720.365000 0.001378
720.400000 0.001384
720.435000 0.001391
720.470000 0.001399
720.505000 0.001407
720.540000 0.001416
720.575000 0.001425
720.610000 0.001435
720.645000 0.001445
720.680000 0.001454
720.715000 0.001464
720.750000 0.001473
720.785000 0.001482
720.820000 0.001491
720.855000 0.001499
720.890000 0.001508
720.925000 0.001516
720.960000 0.001524
720.995000 0.001532
721.030000 0.001540
721.065000 0.001549
721.100000 0.001558
721.135000 0.001568
721.170000 0.001578
721.205000 0.001590
721.240000 0.001602
721.275000 0.001616
721.310000 0.001631
721.345000 0.001647
721.380000 0.001664
721.415000 0.001683
721.450000 0.001703
721.485000 0.001724
721.520000 0.001747
721.555000 0.001772
721.590000 0.001798
721.625000 0.001826
721.660000 0.001857
721.695000 0.001889
721.730000 0.001924
721.765000 0.001962
721.800000 0.002002
721.835000 0.002045
721.870000 0.002092
721.905000 0.002142
721.940000 0.002197
721.975000 0.002255
722.010000 0.002318
722.045000 0.002386
722.080000 0.002459
722.115000 0.002538
722.150000 0.002624
722.185000 0.002716
722.220000 0.002815
722.255000 0.002923
722.290000 0.003038
722.325000 0.003163
722.360000 0.003296
722.395000 0.003440
722.430000 0.003593
722.465000 0.003756
722.500000 0.003929
722.535000 0.004110
722.570000 0.004300
722.605000 0.004496
722.640000 0.004696
722.675000 0.004898
722.710000 0.005098
722.745000 0.005292
722.780000 0.005476
722.815000 0.005645
722.850000 0.005795
722.885000 0.005922
722.920000 0.006023
722.955000 0.006096
722.990000 0.006139
723.025000 0.006153
723.060000 0.006140
723.095000 0.006103
723.130000 0.006046
723.165000 0.005973
723.200000 0.005889
723.235000 0.005799
723.270000 0.005708
723.305000 0.005618
723.340000 0.005534
723.375000 0.005459
723.410000 0.005394
723.445000 0.005341
723.480000 0.005302
723.515000 0.005277
723.550000 0.005267
723.585000 0.005272
723.620000 0.005292
723.655000 0.005328
723.690000 0.005379
723.725000 0.005446
723.760000 0.005529
723.795000 0.005627
723.830000 0.005742
723.865000 0.005872
723.900000 0.006019
723.935000 0.006182
723.970000 0.006362
724.005000 0.006559
724.040000 0.006773
724.075000 0.007006
724.110000 0.007257
724.145000 0.007527
724.180000 0.007817
724.215000 0.008129
724.250000 0.008462
724.285000 0.008819
724.320000 0.009202
724.355000 0.009612
724.390000 0.010050
724.425000 0.010520
724.460000 0.011022
724.495000 0.011558
724.530000 0.012129
724.565000 0.012735
724.600000 0.013378
724.635000 0.014055
724.670000 0.014765
724.705000 0.015506
724.740000 0.016275
724.775000 0.017067
724.810000 0.017879
724.845000 0.018705
724.880000 0.019541
724.915000 0.020380
724.950000 0.021218
724.985000 0.022047
725.020000 0.022861
725.055000 0.023652
725.090000 0.024414
725.125000 0.025137
725.160000 0.025815
725.195000 0.026442
725.230000 0.027012
725.265000 0.027522
725.300000 0.027971
725.335000 0.028362
725.370000 0.028699
725.405000 0.028988
725.440000 0.029236
725.475000 0.029451
725.510000 0.029640
725.545000 0.029809
725.580000 0.029963
725.615000 0.030104
725.650000 0.030232
725.685000 0.030345
725.720000 0.030440
725.755000 0.030511
725.790000 0.030554
725.825000 0.030564
725.860000 0.030536
725.895000 0.030468
725.930000 0.030358
725.965000 0.030206
726.000000 0.030011
726.035000 0.029776
726.070000 0.029501
726.105000 0.029189
726.140000 0.028840
726.175000 0.028456
726.210000 0.028039
726.245000 0.027588
726.280000 0.027107
726.315000 0.026596
726.350000 0.026059
726.385000 0.025499
726.420000 0.024921
726.455000 0.024328
726.490000 0.023726
726.525000 0.023119
726.560000 0.022512
726.595000 0.021909
726.630000 0.021314
726.665000 0.020729
726.700000 0.020157
726.735000 0.019600
726.770000 0.019060
726.805000 0.018538
726.840000 0.018035
726.875000 0.017552
726.910000 0.017089
726.945000 0.016644
726.980000 0.016218
727.015000 0.015808
727.050000 0.015412
727.085000 0.015026
727.120000 0.014650
727.155000 0.014280
727.190000 0.013914
727.225000 0.013550
727.260000 0.013189
727.295000 0.012831
727.330000 0.012476
727.365000 0.012126
727.400000 0.011784
727.435000 0.011451
727.470000 0.011130
727.505000 0.010823
727.540000 0.010531
727.575000 0.010255
727.610000 0.009996
727.645000 0.009752
727.680000 0.009525
727.715000 0.009311
727.750000 0.009110
727.785000 0.008920
727.820000 0.008739
727.855000 0.008567
727.890000 0.008400
727.925000 0.008240
727.960000 0.008084
727.995000 0.007932
728.030000 0.007785
728.065000 0.007641
728.100000 0.007500
728.135000 0.007363
728.170000 0.007228
728.205000 0.007096
728.240000 0.006967
728.275000 0.006841
728.310000 0.006716
728.345000 0.006594
728.380000 0.006474
728.415000 0.006355
728.450000 0.006239
728.485000 0.006125
728.520000 0.006013
728.555000 0.005904
728.590000 0.005796
728.625000 0.005691
728.660000 0.005588
728.695000 0.005488
728.730000 0.005389
728.765000 0.005293
728.800000 0.005199
728.835000 0.005107
728.870000 0.005016
728.905000 0.004927
728.940000 0.004838
728.975000 0.004750
729.010000 0.004661
729.045000 0.004572
729.080000 0.004481
729.115000 0.004389
729.150000 0.004294
729.185000 0.004196
729.220000 0.004096
729.255000 0.003994
729.290000 0.003889
729.325000 0.003783
729.360000 0.003675
729.395000 0.003567
729.430000 0.003460
729.465000 0.003353
729.500000 0.003248
729.535000 0.003145
729.570000 0.003045
729.605000 0.002948
729.640000 0.002855
729.675000 0.002764
729.710000 0.002678
729.745000 0.002594
729.780000 0.002514
729.815000 0.002437
729.850000 0.002363
729.885000 0.002291
729.920000 0.002222
729.955000 0.002156
729.990000 0.002092
730.025000 0.002031
730.060000 0.001972
730.095000 0.001915
730.130000 0.001860
730.165000 0.001808
730.200000 0.001758
730.235000 0.001711
730.270000 0.001665
730.305000 0.001622
730.340000 0.001581
730.375000 0.001542
730.410000 0.001504
730.445000 0.001468
730.480000 0.001434
730.515000 0.001402
730.550000 0.001371
730.585000 0.001341
730.620000 0.001313
730.655000 0.001286
730.690000 0.001260
730.725000 0.001235
730.760000 0.001212
730.795000 0.001190
730.830000 0.001169
730.865000 0.001149
730.900000 0.001130
730.935000 0.001112
730.970000 0.001094
731.005000 0.001078
731.040000 0.001062
731.075000 0.001047
731.110000 0.001033
731.145000 0.001019
731.180000 0.001005
731.215000 0.000992
731.250000 0.000979
731.285000 0.000967
731.320000 0.000954
731.355000 0.000942
731.390000 0.000930
731.425000 0.000918
731.460000 0.000907
731.495000 0.000895
731.530000 0.000884
731.565000 0.000872
731.600000 0.000861
731.635000 0.000850
731.670000 0.000839
731.705000 0.000828
731.740000 0.000818
731.775000 0.000807
731.810000 0.000797
731.845000 0.000788
731.880000 0.000778
731.915000 0.000769
731.950000 0.000760
731.985000 0.000752
732.020000 0.000744
732.055000 0.000736
732.090000 0.000729
732.125000 0.000722
732.160000 0.000715
732.195000 0.000708
732.230000 0.000702
732.265000 0.000695
732.300000 0.000689
732.335000 0.000683
732.370000 0.000677
732.405000 0.000671
732.440000 0.000665
732.475000 0.000660
732.510000 0.000654
732.545000 0.000648
732.580000 0.000642
732.615000 0.000636
732.650000 0.000630
732.685000 0.000624
732.720000 0.000617
732.755000 0.000611
732.790000 0.000604
732.825000 0.000597
732.860000 0.000590
732.895000 0.000582
732.930000 0.000575
732.965000 0.000567
733.000000 0.000559
733.035000 0.000552
733.070000 0.000544
733.105000 0.000536
733.140000 0.000528
733.175000 0.000521
733.210000 0.000513
733.245000 0.000506
733.280000 0.000499
733.315000 0.000493
733.350000 0.000486
733.385000 0.000480
733.420000 0.000474
733.455000 0.000469
733.490000 0.000463
733.525000 0.000458
733.560000 0.000454
733.595000 0.000449
733.630000 0.000444
733.665000 0.000440
733.700000 0.000436
733.735000 0.000431
733.770000 0.000427
733.805000 0.000422
733.840000 0.000418
733.875000 0.000413
733.910000 0.000408
733.945000 0.000403
733.980000 0.000398
734.015000 0.000393
734.050000 0.000388
734.085000 0.000383
734.120000 0.000378
734.155000 0.000373
734.190000 0.000368
734.225000 0.000363
734.260000 0.000358
734.295000 0.000353
734.330000 0.000348
734.365000 0.000343
734.400000 0.000339
734.435000 0.000334
734.470000 0.000330
734.505000 0.000326
734.540000 0.000322
734.575000 0.000318
734.610000 0.000314
734.645000 0.000310
734.680000 0.000307
734.715000 0.000304
734.750000 0.000300
734.785000 0.000297
734.820000 0.000294
734.855000 0.000291
734.890000 0.000288
734.925000 0.000286
734.960000 0.000283
734.995000 0.000281
735.030000 0.000278
735.065000 0.000276
735.100000 0.000274
735.135000 0.000272
735.170000 0.000269
735.205000 0.000267
735.240000 0.000265
735.275000 0.000264
735.310000 0.000262
735.345000 0.000260
735.380000 0.000258
735.415000 0.000256
735.450000 0.000254
735.485000 0.000253
735.520000 0.000251
735.555000 0.000249
735.590000 0.000247
735.625000 0.000246
735.660000 0.000244
735.695000 0.000242
735.730000 0.000240
735.765000 0.000238
735.800000 0.000236
735.835000 0.000234
735.870000 0.000233
735.905000 0.000231
735.940000 0.000229
735.975000 0.000227
736.010000 0.000225
736.045000 0.000223
736.080000 0.000221
736.115000 0.000219
736.150000 0.000217
736.185000 0.000216
736.220000 0.000214
736.255000 0.000212
736.290000 0.000210
736.325000 0.000209
736.360000 0.000207
736.395000 0.000205
736.430000 0.000204
736.465000 0.000202
736.500000 0.000201
736.535000 0.000199
736.570000 0.000198
736.605000 0.000196
736.640000 0.000195
736.675000 0.000194
736.710000 0.000192
736.745000 0.000191
736.780000 0.000189
736.815000 0.000188
736.850000 0.000187
736.885000 0.000185
736.920000 0.000184
736.955000 0.000182
736.990000 0.000181
737.025000 0.000180
737.060000 0.000178
737.095000 0.000177
737.130000 0.000176
737.165000 0.000174
737.200000 0.000173
737.235000 0.000172
737.270000 0.000170
737.305000 0.000169
737.340000 0.000168
737.375000 0.000167
737.410000 0.000166
737.445000 0.000165
737.480000 0.000163
737.515000 0.000162
737.550000 0.000161
737.585000 0.000160
737.620000 0.000159
737.655000 0.000158
737.690000 0.000157
737.725000 0.000156
737.760000 0.000155
737.795000 0.000154
737.830000 0.000153
737.865000 0.000152
737.900000 0.000152
737.935000 0.000151
737.970000 0.000150
738.005000 0.000149
738.040000 0.000148
738.075000 0.000147
738.110000 0.000146
738.145000 0.000145
738.180000 0.000145
738.215000 0.000144
738.250000 0.000143
738.285000 0.000142
738.320000 0.000141
738.355000 0.000141
738.390000 0.000140
738.425000 0.000139
738.460000 0.000138
738.495000 0.000138
738.530000 0.000137
738.565000 0.000136
738.600000 0.000135
738.635000 0.000135
738.670000 0.000134
738.705000 0.000133
738.740000 0.000133
738.775000 0.000132
738.810000 0.000131
738.845000 0.000131
738.880000 0.000130
738.915000 0.000129
738.950000 0.000129
738.985000 0.000128
739.020000 0.000127
739.055000 0.000127
739.090000 0.000126
739.125000 0.000125
739.160000 0.000125
739.195000 0.000124
739.230000 0.000123
739.265000 0.000123
739.300000 0.000122
739.335000 0.000122
739.370000 0.000121
739.405000 0.000120
739.440000 0.000120
739.475000 0.000119
739.510000 0.000118
739.545000 0.000118
739.580000 0.000117
739.615000 0.000117
739.650000 0.000116
739.685000 0.000115
739.720000 0.000114
739.755000 0.000113
739.790000 0.000111
739.825000 0.000107
739.860000 0.000101
739.895000 0.000091
739.930000 0.000079
739.965000 0.000064

Sticks
710.250000 0.002561
710.355000 0.007991
711.020000 0.000235
711.125000 0.001100
711.160000 0.000371
711.230000 0.000119
711.265000 0.000178
711.335000 0.000308
711.405000 0.000015
711.475000 0.000097
711.545000 0.000118
711.580000 0.000020
711.720000 0.000148
711.790000 0.000051
711.860000 0.000455
711.930000 0.000181
712.140000 0.000008
712.245000 0.000091
712.280000 0.000437
712.315000 0.000231
712.350000 0.000093
712.420000 0.000012
712.455000 0.000076
712.490000 0.000072
712.560000 0.001754
712.595000 0.006326
712.630000 0.008385
712.700000 0.003164
712.735000 0.001758
712.840000 0.005104
712.910000 0.003742
712.945000 0.000001
712.980000 0.007427
713.050000 0.000177
713.085000 0.004444
713.155000 0.000914
713.260000 0.010628
713.295000 0.000790
713.330000 0.000014
713.400000 0.002041
713.470000 0.001667
713.505000 0.000244
713.540000 0.009313
713.610000 0.000003
713.645000 0.002530
713.750000 0.011558
713.855000 0.003925
713.925000 0.000209
713.995000 0.006416
714.065000 0.000077
714.100000 0.000016
714.135000 0.000897
714.240000 0.003579
714.275000 0.001951
714.310000 0.001445
714.345000 0.010750
714.415000 0.003396
714.450000 0.003008
714.485000 0.006711
714.555000 0.000035
714.590000 0.001529
714.660000 0.002364
714.695000 0.003560
714.765000 0.002104
714.800000 0.000557
714.835000 0.001977
714.870000 0.000002
714.905000 0.001603
714.940000 0.000543
714.975000 0.001212
715.045000 0.000611
715.080000 0.001580
715.115000 0.000088
715.150000 0.003198
715.185000 0.000858
715.255000 0.001223
715.290000 0.000592
715.325000 0.000310
715.360000 0.000074
715.395000 0.000388
715.430000 0.000924
715.465000 0.002471
715.500000 0.000282
715.535000 0.000089
715.570000 0.000447
715.640000 0.000008
715.675000 0.000012
715.710000 0.000743
715.745000 0.000030
715.780000 0.000594
715.850000 0.000555
715.885000 0.000771
715.920000 0.001387
715.990000 0.000213
716.025000 0.000398
716.095000 0.000007
716.130000 0.000004
716.165000 0.000290
716.200000 0.000069
716.235000 0.000607
716.270000 0.000439
716.305000 0.000012
716.340000 0.000097
716.375000 0.000497
716.410000 0.000206
716.480000 0.000665
716.515000 0.000387
716.550000 0.000085
716.585000 0.000063
716.620000 0.000832
716.655000 0.000179
716.690000 0.000495
716.725000 0.001221
716.760000 0.000099
716.795000 0.001016
716.830000 0.001366
716.865000 0.000189
716.900000 0.000445
716.935000 0.000427
716.970000 0.000009
717.005000 0.000477
717.040000 0.000032
717.075000 0.000011
717.110000 0.000319
717.145000 0.000575
717.180000 0.000028
717.215000 0.000104
717.250000 0.000073
717.285000 0.000141
717.320000 0.000773
717.390000 0.000100
717.460000 0.000022
717.495000 0.000510
717.530000 0.000005
717.565000 0.000056
717.600000 0.000020
717.635000 0.000024
717.670000 0.000003
717.705000 0.000047
717.740000 0.000040
717.775000 0.000304
717.810000 0.000108
717.845000 0.000214
717.880000 0.000021
717.950000 0.000004
717.985000 0.000023
718.020000 0.000027
718.055000 0.000065
718.090000 0.000027
718.125000 0.000038
718.160000 0.000041
718.195000 0.000092
718.230000 0.000027
718.265000 0.000058
718.300000 0.000033
718.335000 0.000003
718.370000 0.000002
718.405000 0.000036
718.440000 0.000070
718.475000 0.000068
718.545000 0.000023
718.580000 0.000044
718.615000 0.000086
718.650000 0.000050
718.685000 0.000019
718.720000 0.000001
718.755000 0.000037
718.790000 0.000044
718.825000 0.000001
718.860000 0.000037
718.895000 0.000017
718.930000 0.000007
718.965000 0.000039
719.035000 0.000019
719.070000 0.000016
719.105000 0.000046
719.140000 0.000032
719.175000 0.000043
719.210000 0.000027
719.280000 0.000052
719.315000 0.000058
719.350000 0.000020
719.420000 0.000076
719.455000 0.000019
719.490000 0.000032
719.525000 0.000019
719.560000 0.000020
719.595000 0.000005
719.630000 0.000003
719.665000 0.000001
719.700000 0.000007
719.770000 0.000006
719.805000 0.000018
719.875000 0.000001
719.910000 0.000018
719.945000 0.000002
719.980000 0.000002
720.015000 0.000086
720.050000 0.000004
720.120000 0.000011
720.190000 0.000030
720.225000 0.000005
720.295000 0.000003
720.330000 0.000008
720.365000 0.000004
720.435000 0.000010
720.470000 0.000013
720.505000 0.000007
720.540000 0.000032
720.645000 0.000015
720.680000 0.000048
720.715000 0.000006
720.750000 0.000034
720.855000 0.000149
720.890000 0.000023
720.995000 0.000003
721.030000 0.000014
721.065000 0.000017
721.135000 0.000002
721.170000 0.000003
721.205000 0.000003
721.240000 0.000014
721.310000 0.000007
721.345000 0.000016
721.380000 0.000025
721.415000 0.000012
721.450000 0.000001
721.485000 0.000004
721.555000 0.000027
721.625000 0.000019
721.695000 0.000009
721.765000 0.000006
721.870000 0.000010
721.905000 0.000002
721.940000 0.000009
722.010000 0.000003
722.150000 0.000004
722.220000 0.000002
722.255000 0.000001
722.325000 0.000001
722.465000 0.000017
722.605000 0.000001
722.640000 0.000005
722.710000 0.000021
722.780000 0.000091
722.920000 0.000019
722.955000 0.006128
723.025000 0.000025
723.095000 0.000032
723.130000 0.000001
723.165000 0.000089
723.235000 0.000004
723.270000 0.000001
723.375000 0.000003
723.585000 0.000040
723.655000 0.000006
723.690000 0.000009
723.725000 0.000003
723.865000 0.000002
724.040000 0.000035
724.180000 0.000330
724.250000 0.000113
724.285000 0.000075
724.355000 0.000262
724.425000 0.000265
724.460000 0.000023
724.600000 0.000027
724.705000 0.000068
724.775000 0.000002
724.845000 0.001263
724.880000 0.001204
724.915000 0.003981
724.985000 0.000001
725.020000 0.000619
725.160000 0.004218
725.265000 0.012724
725.335000 0.003512
725.440000 0.001158
725.475000 0.000625
725.545000 0.000537
725.580000 0.002457
725.615000 0.001000
725.650000 0.000052
725.720000 0.001386
725.755000 0.001996
725.790000 0.000221
725.825000 0.005661
725.860000 0.000335
725.895000 0.009106
726.035000 0.001359
726.070000 0.001505
726.175000 0.005750
726.315000 0.004414
726.350000 0.004914
726.420000 0.000165
726.490000 0.001991
726.630000 0.000369
726.665000 0.002709
726.735000 0.002426
726.840000 0.000852
726.910000 0.000002
726.980000 0.001048
727.015000 0.000098
727.085000 0.000031
727.120000 0.000869
727.155000 0.000142
727.190000 0.000400
727.225000 0.003090
727.295000 0.001415
727.330000 0.000132
727.365000 0.000004
727.505000 0.000405
727.575000 0.000037
727.715000 0.000478
727.750000 0.000074
727.820000 0.001365
727.890000 0.000159
727.925000 0.000700
728.065000 0.000100
728.100000 0.000327
728.205000 0.000784
728.240000 0.000145
728.275000 0.000035
728.310000 0.000618
728.345000 0.000058
728.415000 0.000202
728.450000 0.000364
728.485000 0.000013
728.520000 0.000006
728.555000 0.000266
728.590000 0.000118
728.625000 0.000279
728.695000 0.000087
728.730000 0.000546
728.800000 0.000084
728.835000 0.000025
728.905000 0.000352
728.975000 0.000017
729.010000 0.000098
729.045000 0.000345
729.080000 0.000213
729.150000 0.000084
729.185000 0.000420
729.220000 0.000046
729.255000 0.000670
729.325000 0.000046
729.430000 0.000140
729.465000 0.000094
729.500000 0.000022
729.535000 0.000018
729.570000 0.000064
729.605000 0.000008
729.675000 0.000029
729.710000 0.000003
729.745000 0.000009
729.850000 0.000223
729.920000 0.000001
729.955000 0.000081
729.990000 0.000033
730.025000 0.000004
730.165000 0.000012
730.340000 0.000023
730.375000 0.000007
730.410000 0.000030
730.445000 0.000005
730.480000 0.000019
730.550000 0.000003
730.585000 0.000013
730.620000 0.000005
730.655000 0.000008
730.830000 0.000005
730.865000 0.000004
730.935000 0.000028
731.040000 0.000016
731.075000 0.000001
731.110000 0.000007
731.145000 0.000002
731.250000 0.000034
731.355000 0.000044
731.390000 0.000008
731.425000 0.000001
731.460000 0.000015
731.530000 0.000007
731.600000 0.000005
731.635000 0.000024
731.670000 0.000026
731.705000 0.000004
731.740000 0.000006
731.810000 0.000002
731.845000 0.000002
731.915000 0.000009
731.950000 0.000001
732.020000 0.000015
732.125000 0.000003
732.160000 0.000013
732.195000 0.000027
732.265000 0.000003
732.335000 0.000012
732.405000 0.000007
732.475000 0.000030
732.510000 0.000001
732.545000 0.000010
732.615000 0.000018
732.650000 0.000005
732.790000 0.000059
732.825000 0.000010
732.965000 0.000027
733.000000 0.000016
733.175000 0.000014
733.280000 0.000004
733.385000 0.000004
733.455000 0.000003
733.700000 0.000019
733.735000 0.000001
733.805000 0.000025
733.875000 0.000014
733.945000 0.000006
734.085000 0.000010
734.260000 0.000009
734.365000 0.000001
734.645000 0.000003
734.750000 0.000001
735.240000 0.000004
735.450000 0.000005
735.520000 0.000001
735.730000 0.000010
735.870000 0.000002
736.045000 0.000002
736.115000 0.000002
736.430000 0.000001
736.570000 0.000001
736.780000 0.000004
736.885000 0.000001
739.090000 0.000001
