705.000000 -0.000070
705.035000 -0.000087
705.070000 -0.000101
705.105000 -0.000112
705.140000 -0.000119
705.175000 -0.000124
705.210000 -0.000128
705.245000 -0.000130
705.280000 -0.000132
705.315000 -0.000134
705.350000 -0.000135
705.385000 -0.000137
705.420000 -0.000138
705.455000 -0.000140
705.490000 -0.000142
705.525000 -0.000144
705.560000 -0.000146
705.595000 -0.000147
705.630000 -0.000149
705.665000 -0.000151
705.700000 -0.000153
705.735000 -0.000155
705.770000 -0.000157
705.805000 -0.000159
705.840000 -0.000161
705.875000 -0.000164
705.910000 -0.000166
705.945000 -0.000168
705.980000 -0.000170
706.015000 -0.000173
706.050000 -0.000175
706.085000 -0.000178
706.120000 -0.000180
706.155000 -0.000183
706.190000 -0.000186
706.225000 -0.000188
706.260000 -0.000191
706.295000 -0.000194
706.330000 -0.000197
706.365000 -0.000200
706.400000 -0.000203
706.435000 -0.000206
706.470000 -0.000210
706.505000 -0.000213
706.540000 -0.000216
706.575000 -0.000220
706.610000 -0.000224
706.645000 -0.000227
706.680000 -0.000231
706.715000 -0.000235
706.750000 -0.000239
706.785000 -0.000243
706.820000 -0.000247
706.855000 -0.000252
706.890000 -0.000256
706.925000 -0.000261
706.960000 -0.000266
706.995000 -0.000271
707.030000 -0.000276
707.065000 -0.000281
707.100000 -0.000286
707.135000 -0.000292
707.170000 -0.000298
707.205000 -0.000304
707.240000 -0.000310
707.275000 -0.000316
707.310000 -0.000322
707.345000 -0.000329
707.380000 -0.000336
707.415000 -0.000343
707.450000 -0.000351
707.485000 -0.000359
707.520000 -0.000367
707.555000 -0.000375
707.590000 -0.000384
707.625000 -0.000393
707.660000 -0.000402
707.695000 -0.000412
707.730000 -0.000422
707.765000 -0.000432
707.800000 -0.000443
707.835000 -0.000454
707.870000 -0.000466
707.905000 -0.000478
707.940000 -0.000491
707.975000 -0.000505
708.010000 -0.000519
708.045000 -0.000533
708.080000 -0.000549
708.115000 -0.000565
708.150000 -0.000581
708.185000 -0.000599
708.220000 -0.000617
708.255000 -0.000637
708.290000 -0.000657
708.325000 -0.000679
708.360000 -0.000701
708.395000 -0.000725
708.430000 -0.000751
708.465000 -0.000777
708.500000 -0.000805
708.535000 -0.000835
708.570000 -0.000867
708.605000 -0.000900
708.640000 -0.000936
708.675000 -0.000974
708.710000 -0.001015
708.745000 -0.001058
708.780000 -0.001104
708.815000 -0.001154
708.850000 -0.001207
708.885000 -0.001264
708.920000 -0.001325
708.955000 -0.001391
708.990000 -0.001463
709.025000 -0.001540
709.060000 -0.001624
709.095000 -0.001715
709.130000 -0.001815
709.165000 -0.001924
709.200000 -0.002043
709.235000 -0.002174
709.270000 -0.002319
709.305000 -0.002479
709.340000 -0.002656
709.375000 -0.002854
709.410000 -0.003074
709.445000 -0.003322
709.480000 -0.003600
709.515000 -0.003915
709.550000 -0.004273
709.585000 -0.004682
709.620000 -0.005150
709.655000 -0.005689
709.690000 -0.006313
709.725000 -0.007037
709.760000 -0.007881
709.795000 -0.008866
709.830000 -0.010016
709.865000 -0.011356
709.900000 -0.012909
709.935000 -0.014688
709.970000 -0.016695
710.005000 -0.018907
710.040000 -0.021267
710.075000 -0.023678
710.110000 -0.026001
710.145000 -0.028069
710.180000 -0.029698
710.215000 -0.030726
710.250000 -0.031039
710.285000 -0.030598
710.320000 -0.029450
710.355000 -0.027715
710.390000 -0.025564
710.425000 -0.023184
710.460000 -0.020749
710.495000 -0.018398
710.530000 -0.016223
710.565000 -0.014275
710.600000 -0.012570
710.635000 -0.011101
710.670000 -0.009848
710.705000 -0.008785
710.740000 -0.007885
710.775000 -0.007125
710.810000 -0.006484
710.845000 -0.005944
710.880000 -0.005492
710.915000 -0.005117
710.950000 -0.004811
710.985000 -0.004567
711.020000 -0.004379
711.055000 -0.004241
711.090000 -0.004149
711.125000 -0.004094
711.160000 -0.004071
711.195000 -0.004071
711.230000 -0.004086
711.265000 -0.004109
711.300000 -0.004134
711.335000 -0.004154
711.370000 -0.004162
711.405000 -0.004152
711.440000 -0.004117
711.475000 -0.004051
711.510000 -0.003952
711.545000 -0.003818
711.580000 -0.003652
711.615000 -0.003459
711.650000 -0.003245
711.685000 -0.003018
711.720000 -0.002784
711.755000 -0.002547
711.790000 -0.002313
711.825000 -0.002083
711.860000 -0.001860
711.895000 -0.001647
711.930000 -0.001442
711.965000 -0.001247
712.000000 -0.001059
712.035000 -0.000875
712.070000 -0.000694
712.105000 -0.000511
712.140000 -0.000321
712.175000 -0.000121
712.210000 0.000097
712.245000 0.000338
712.280000 0.000611
712.315000 0.000924
712.350000 0.001281
712.385000 0.001685
712.420000 0.002131
712.455000 0.002607
712.490000 0.003096
712.525000 0.003576
712.560000 0.004029
712.595000 0.004445
712.630000 0.004820
712.665000 0.005161
712.700000 0.005473
712.735000 0.005760
712.770000 0.006012
712.805000 0.006205
712.840000 0.006308
712.875000 0.006284
712.910000 0.006111
712.945000 0.005783
712.980000 0.005315
713.015000 0.004743
713.050000 0.004110
713.085000 0.003449
713.120000 0.002775
713.155000 0.002070
713.190000 0.001284
713.225000 0.000345
713.260000 -0.000829
713.295000 -0.002309
713.330000 -0.004146
713.365000 -0.006358
713.400000 -0.008931
713.435000 -0.011822
713.470000 -0.014963
713.505000 -0.018265
713.540000 -0.021615
713.575000 -0.024882
713.610000 -0.027920
713.645000 -0.030575
713.680000 -0.032712
713.715000 -0.034231
713.750000 -0.035096
713.785000 -0.035343
713.820000 -0.035082
713.855000 -0.034481
713.890000 -0.033733
713.925000 -0.033024
713.960000 -0.032498
713.995000 -0.032235
714.030000 -0.032243
714.065000 -0.032458
714.100000 -0.032757
714.135000 -0.032984
714.170000 -0.032976
714.205000 -0.032588
714.240000 -0.031718
714.275000 -0.030322
714.310000 -0.028418
714.345000 -0.026092
714.380000 -0.023474
714.415000 -0.020731
714.450000 -0.018036
714.485000 -0.015547
714.520000 -0.013395
714.555000 -0.011667
714.590000 -0.010409
714.625000 -0.009627
714.660000 -0.009295
714.695000 -0.009358
714.730000 -0.009743
714.765000 -0.010363
714.800000 -0.011119
714.835000 -0.011911
714.870000 -0.012639
714.905000 -0.013217
714.940000 -0.013575
714.975000 -0.013664
715.010000 -0.013465
715.045000 -0.012983
715.080000 -0.012252
715.115000 -0.011325
715.150000 -0.010269
715.185000 -0.009152
715.220000 -0.008040
715.255000 -0.006986
715.290000 -0.006026
715.325000 -0.005181
715.360000 -0.004456
715.395000 -0.003845
715.430000 -0.003334
715.465000 -0.002906
715.500000 -0.002543
715.535000 -0.002227
715.570000 -0.001946
715.605000 -0.001689
715.640000 -0.001452
715.675000 -0.001232
715.710000 -0.001031
715.745000 -0.000853
715.780000 -0.000701
715.815000 -0.000579
715.850000 -0.000487
715.885000 -0.000428
715.920000 -0.000399
715.955000 -0.000397
715.990000 -0.000418
716.025000 -0.000456
716.060000 -0.000504
716.095000 -0.000555
716.130000 -0.000600
716.165000 -0.000632
716.200000 -0.000643
716.235000 -0.000627
716.270000 -0.000579
716.305000 -0.000499
716.340000 -0.000385
716.375000 -0.000242
716.410000 -0.000074
716.445000 0.000112
716.480000 0.000309
716.515000 0.000510
716.550000 0.000708
716.585000 0.000895
716.620000 0.001066
716.655000 0.001212
716.690000 0.001327
716.725000 0.001402
716.760000 0.001432
716.795000 0.001415
716.830000 0.001350
716.865000 0.001243
716.900000 0.001098
716.935000 0.000925
716.970000 0.000730
717.005000 0.000520
717.040000 0.000304
717.075000 0.000087
717.110000 -0.000125
717.145000 -0.000324
717.180000 -0.000503
717.215000 -0.000657
717.250000 -0.000780
717.285000 -0.000871
717.320000 -0.000929
717.355000 -0.000960
717.390000 -0.000970
717.425000 -0.000966
717.460000 -0.000956
717.495000 -0.000947
717.530000 -0.000941
717.565000 -0.000941
717.600000 -0.000946
717.635000 -0.000952
717.670000 -0.000958
717.705000 -0.000962
717.740000 -0.000961
717.775000 -0.000956
717.810000 -0.000946
717.845000 -0.000932
717.880000 -0.000916
717.915000 -0.000898
717.950000 -0.000878
717.985000 -0.000855
718.020000 -0.000830
718.055000 -0.000802
718.090000 -0.000770
718.125000 -0.000734
718.160000 -0.000697
718.195000 -0.000658
718.230000 -0.000620
718.265000 -0.000585
718.300000 -0.000553
718.335000 -0.000525
718.370000 -0.000500
718.405000 -0.000479
718.440000 -0.000461
718.475000 -0.000445
718.510000 -0.000430
718.545000 -0.000417
718.580000 -0.000406
718.615000 -0.000396
718.650000 -0.000388
718.685000 -0.000383
718.720000 -0.000379
718.755000 -0.000378
718.790000 -0.000380
718.825000 -0.000385
718.860000 -0.000393
718.895000 -0.000405
718.930000 -0.000422
718.965000 -0.000442
719.000000 -0.000466
719.035000 -0.000494
719.070000 -0.000523
719.105000 -0.000553
719.140000 -0.000582
719.175000 -0.000607
719.210000 -0.000626
719.245000 -0.000639
719.280000 -0.000643
719.315000 -0.000638
719.350000 -0.000626
719.385000 -0.000608
719.420000 -0.000586
719.455000 -0.000561
719.490000 -0.000537
719.525000 -0.000514
719.560000 -0.000493
719.595000 -0.000474
719.630000 -0.000457
719.665000 -0.000442
719.700000 -0.000427
719.735000 -0.000412
719.770000 -0.000398
719.805000 -0.000383
719.840000 -0.000368
719.875000 -0.000353
719.910000 -0.000339
719.945000 -0.000325
719.980000 -0.000312
720.015000 -0.000300
720.050000 -0.000289
720.085000 -0.000279
720.120000 -0.000270
720.155000 -0.000263
720.190000 -0.000256
720.225000 -0.000250
720.260000 -0.000245
720.295000 -0.000241
720.330000 -0.000237
720.365000 -0.000233
720.400000 -0.000229
720.435000 -0.000225
720.470000 -0.000221
720.505000 -0.000216
720.540000 -0.000211
720.575000 -0.000206
720.610000 -0.000200
720.645000 -0.000194
720.680000 -0.000188
720.715000 -0.000181
720.750000 -0.000175
720.785000 -0.000169
720.820000 -0.000163
720.855000 -0.000157
720.890000 -0.000152
720.925000 -0.000146
720.960000 -0.000141
720.995000 -0.000136
721.030000 -0.000131
721.065000 -0.000126
721.100000 -0.000120
721.135000 -0.000115
721.170000 -0.000109
721.205000 -0.000102
721.240000 -0.000095
721.275000 -0.000087
721.310000 -0.000079
721.345000 -0.000070
721.380000 -0.000061
721.415000 -0.000051
721.450000 -0.000041
721.485000 -0.000030
721.520000 -0.000018
721.555000 -0.000006
721.590000 0.000007
721.625000 0.000020
721.660000 0.000034
721.695000 0.000048
721.730000 0.000063
721.765000 0.000079
721.800000 0.000096
721.835000 0.000114
721.870000 0.000133
721.905000 0.000154
721.940000 0.000176
721.975000 0.000199
722.010000 0.000224
722.045000 0.000251
722.080000 0.000279
722.115000 0.000310
722.150000 0.000344
722.185000 0.000380
722.220000 0.000420
722.255000 0.000462
722.290000 0.000508
722.325000 0.000557
722.360000 0.000611
722.395000 0.000668
722.430000 0.000729
722.465000 0.000795
722.500000 0.000864
722.535000 0.000937
722.570000 0.001013
722.605000 0.001092
722.640000 0.001172
722.675000 0.001252
722.710000 0.001330
722.745000 0.001405
722.780000 0.001474
722.815000 0.001536
722.850000 0.001588
722.885000 0.001628
722.920000 0.001655
722.955000 0.001667
722.990000 0.001664
723.025000 0.001647
723.060000 0.001616
723.095000 0.001572
723.130000 0.001517
723.165000 0.001454
723.200000 0.001384
723.235000 0.001309
723.270000 0.001232
723.305000 0.001155
723.340000 0.001079
723.375000 0.001005
723.410000 0.000934
723.445000 0.000866
723.480000 0.000804
723.515000 0.000745
723.550000 0.000692
723.585000 0.000643
723.620000 0.000600
723.655000 0.000560
723.690000 0.000526
723.725000 0.000496
723.760000 0.000470
723.795000 0.000448
723.830000 0.000431
723.865000 0.000417
723.900000 0.000408
723.935000 0.000402
723.970000 0.000401
724.005000 0.000404
724.040000 0.000411
724.075000 0.000423
724.110000 0.000441
724.145000 0.000463
724.180000 0.000492
724.215000 0.000526
724.250000 0.000568
724.285000 0.000617
724.320000 0.000673
724.355000 0.000737
724.390000 0.000808
724.425000 0.000886
724.460000 0.000971
724.495000 0.001060
724.530000 0.001153
724.565000 0.001246
724.600000 0.001338
724.635000 0.001424
724.670000 0.001500
724.705000 0.001562
724.740000 0.001605
724.775000 0.001624
724.810000 0.001614
724.845000 0.001572
724.880000 0.001492
724.915000 0.001372
724.950000 0.001212
724.985000 0.001009
725.020000 0.000764
725.055000 0.000480
725.090000 0.000158
725.125000 -0.000200
725.160000 -0.000588
725.195000 -0.001003
725.230000 -0.001440
725.265000 -0.001897
725.300000 -0.002368
725.335000 -0.002851
725.370000 -0.003344
725.405000 -0.003846
725.440000 -0.004355
725.475000 -0.004874
725.510000 -0.005401
725.545000 -0.005938
725.580000 -0.006483
725.615000 -0.007034
725.650000 -0.007585
725.685000 -0.008131
725.720000 -0.008660
725.755000 -0.009160
725.790000 -0.009616
725.825000 -0.010013
725.860000 -0.010335
725.895000 -0.010566
725.930000 -0.010693
725.965000 -0.010707
726.000000 -0.010604
726.035000 -0.010384
726.070000 -0.010054
726.105000 -0.009624
726.140000 -0.009111
726.175000 -0.008534
726.210000 -0.007915
726.245000 -0.007276
726.280000 -0.006638
726.315000 -0.006018
726.350000 -0.005433
726.385000 -0.004892
726.420000 -0.004404
726.455000 -0.003971
726.490000 -0.003593
726.525000 -0.003268
726.560000 -0.002991
726.595000 -0.002758
726.630000 -0.002563
726.665000 -0.002401
726.700000 -0.002267
726.735000 -0.002158
726.770000 -0.002070
726.805000 -0.002001
726.840000 -0.001948
726.875000 -0.001908
726.910000 -0.001879
726.945000 -0.001860
726.980000 -0.001847
727.015000 -0.001839
727.050000 -0.001834
727.085000 -0.001831
727.120000 -0.001829
727.155000 -0.001827
727.190000 -0.001826
727.225000 -0.001823
727.260000 -0.001820
727.295000 -0.001816
727.330000 -0.001812
727.365000 -0.001806
727.400000 -0.001799
727.435000 -0.001792
727.470000 -0.001784
727.505000 -0.001775
727.540000 -0.001767
727.575000 -0.001759
727.610000 -0.001752
727.645000 -0.001747
727.680000 -0.001745
727.715000 -0.001746
727.750000 -0.001751
727.785000 -0.001760
727.820000 -0.001772
727.855000 -0.001788
727.890000 -0.001807
727.925000 -0.001828
727.960000 -0.001849
727.995000 -0.001869
728.030000 -0.001887
728.065000 -0.001901
728.100000 -0.001911
728.135000 -0.001914
728.170000 -0.001911
728.205000 -0.001901
728.240000 -0.001883
728.275000 -0.001857
728.310000 -0.001825
728.345000 -0.001786
728.380000 -0.001740
728.415000 -0.001688
728.450000 -0.001632
728.485000 -0.001571
728.520000 -0.001506
728.555000 -0.001438
728.590000 -0.001368
728.625000 -0.001296
728.660000 -0.001223
728.695000 -0.001150
728.730000 -0.001078
728.765000 -0.001007
728.800000 -0.000937
728.835000 -0.000870
728.870000 -0.000805
728.905000 -0.000743
728.940000 -0.000685
728.975000 -0.000631
729.010000 -0.000581
729.045000 -0.000536
729.080000 -0.000495
729.115000 -0.000459
729.150000 -0.000429
729.185000 -0.000403
729.220000 -0.000381
729.255000 -0.000365
729.290000 -0.000351
729.325000 -0.000341
729.360000 -0.000334
729.395000 -0.000328
729.430000 -0.000323
729.465000 -0.000319
729.500000 -0.000315
729.535000 -0.000310
729.570000 -0.000305
729.605000 -0.000299
729.640000 -0.000292
729.675000 -0.000284
729.710000 -0.000275
729.745000 -0.000267
729.780000 -0.000258
729.815000 -0.000250
729.850000 -0.000242
729.885000 -0.000236
729.920000 -0.000230
729.955000 -0.000226
729.990000 -0.000222
730.025000 -0.000220
730.060000 -0.000219
730.095000 -0.000219
730.130000 -0.000220
730.165000 -0.000221
730.200000 -0.000223
730.235000 -0.000225
730.270000 -0.000227
730.305000 -0.000230
730.340000 -0.000232
730.375000 -0.000234
730.410000 -0.000236
730.445000 -0.000238
730.480000 -0.000239
730.515000 -0.000240
730.550000 -0.000240
730.585000 -0.000240
730.620000 -0.000239
730.655000 -0.000237
730.690000 -0.000235
730.725000 -0.000232
730.760000 -0.000229
730.795000 -0.000225
730.830000 -0.000221
730.865000 -0.000217
730.900000 -0.000213
730.935000 -0.000209
730.970000 -0.000206
731.005000 -0.000202
731.040000 -0.000199
731.075000 -0.000197
731.110000 -0.000195
731.145000 -0.000194
731.180000 -0.000193
731.215000 -0.000193
731.250000 -0.000194
731.285000 -0.000195
731.320000 -0.000197
731.355000 -0.000199
731.390000 -0.000202
731.425000 -0.000205
731.460000 -0.000208
731.495000 -0.000211
731.530000 -0.000214
731.565000 -0.000217
731.600000 -0.000220
731.635000 -0.000222
731.670000 -0.000224
731.705000 -0.000226
731.740000 -0.000228
731.775000 -0.000229
731.810000 -0.000230
731.845000 -0.000231
731.880000 -0.000232
731.915000 -0.000232
731.950000 -0.000232
731.985000 -0.000233
732.020000 -0.000233
732.055000 -0.000233
732.090000 -0.000232
732.125000 -0.000232
732.160000 -0.000231
732.195000 -0.000229
732.230000 -0.000226
732.265000 -0.000223
732.300000 -0.000220
732.335000 -0.000215
732.370000 -0.000209
732.405000 -0.000203
732.440000 -0.000196
732.475000 -0.000188
732.510000 -0.000180
732.545000 -0.000172
732.580000 -0.000164
732.615000 -0.000155
732.650000 -0.000147
732.685000 -0.000139
732.720000 -0.000131
732.755000 -0.000124
732.790000 -0.000118
732.825000 -0.000112
732.860000 -0.000107
732.895000 -0.000102
732.930000 -0.000098
732.965000 -0.000095
733.000000 -0.000093
733.035000 -0.000090
733.070000 -0.000088
733.105000 -0.000087
733.140000 -0.000085
733.175000 -0.000084
733.210000 -0.000082
733.245000 -0.000081
733.280000 -0.000079
733.315000 -0.000077
733.350000 -0.000075
733.385000 -0.000072
733.420000 -0.000070
733.455000 -0.000067
733.490000 -0.000064
733.525000 -0.000061
733.560000 -0.000059
733.595000 -0.000056
733.630000 -0.000053
733.665000 -0.000050
733.700000 -0.000048
733.735000 -0.000046
733.770000 -0.000044
733.805000 -0.000042
733.840000 -0.000040
733.875000 -0.000039
733.910000 -0.000038
733.945000 -0.000038
733.980000 -0.000037
734.015000 -0.000037
734.050000 -0.000037
734.085000 -0.000037
734.120000 -0.000037
734.155000 -0.000037
734.190000 -0.000037
734.225000 -0.000038
734.260000 -0.000038
734.295000 -0.000039
734.330000 -0.000039
734.365000 -0.000040
734.400000 -0.000040
734.435000 -0.000041
734.470000 -0.000041
734.505000 -0.000041
734.540000 -0.000042
734.575000 -0.000042
734.610000 -0.000042
734.645000 -0.000043
734.680000 -0.000043
734.715000 -0.000043
734.750000 -0.000043
734.785000 -0.000043
734.820000 -0.000043
734.855000 -0.000043
734.890000 -0.000043
734.925000 -0.000043
734.960000 -0.000043
734.995000 -0.000042
735.030000 -0.000042
735.065000 -0.000042
735.100000 -0.000041
735.135000 -0.000041
735.170000 -0.000041
735.205000 -0.000040
735.240000 -0.000040
735.275000 -0.000039
735.310000 -0.000039
735.345000 -0.000038
735.380000 -0.000037
735.415000 -0.000037
735.450000 -0.000036
735.485000 -0.000036
735.520000 -0.000035
735.555000 -0.000035
735.590000 -0.000034
735.625000 -0.000034
735.660000 -0.000034
735.695000 -0.000033
735.730000 -0.000033
735.765000 -0.000033
735.800000 -0.000033
735.835000 -0.000033
735.870000 -0.000032
735.905000 -0.000032
735.940000 -0.000032
735.975000 -0.000032
736.010000 -0.000032
736.045000 -0.000032
736.080000 -0.000032
736.115000 -0.000032
736.150000 -0.000032
736.185000 -0.000032
736.220000 -0.000032
736.255000 -0.000032
736.290000 -0.000032
736.325000 -0.000032
736.360000 -0.000031
736.395000 -0.000031
736.430000 -0.000031
736.465000 -0.000031
736.500000 -0.000031
736.535000 -0.000031
736.570000 -0.000031
736.605000 -0.000030
736.640000 -0.000030
736.675000 -0.000030
736.710000 -0.000030
736.745000 -0.000030
736.780000 -0.000030
736.815000 -0.000030
736.850000 -0.000029
736.885000 -0.000029
736.920000 -0.000029
736.955000 -0.000029
736.990000 -0.000029
737.025000 -0.000029
737.060000 -0.000029
737.095000 -0.000029
737.130000 -0.000029
737.165000 -0.000029
737.200000 -0.000029
737.235000 -0.000029
737.270000 -0.000029
737.305000 -0.000028
737.340000 -0.000028
737.375000 -0.000028
737.410000 -0.000028
737.445000 -0.000028
737.480000 -0.000028
737.515000 -0.000028
737.550000 -0.000028
737.585000 -0.000028
737.620000 -0.000028
737.655000 -0.000027
737.690000 -0.000027
737.725000 -0.000027
737.760000 -0.000027
737.795000 -0.000027
737.830000 -0.000027
737.865000 -0.000027
737.900000 -0.000027
737.935000 -0.000026
737.970000 -0.000026
738.005000 -0.000026
738.040000 -0.000026
738.075000 -0.000026
738.110000 -0.000026
738.145000 -0.000025
738.180000 -0.000025
738.215000 -0.000025
738.250000 -0.000025
738.285000 -0.000025
738.320000 -0.000024
738.355000 -0.000024
738.390000 -0.000024
738.425000 -0.000024
738.460000 -0.000024
738.495000 -0.000024
738.530000 -0.000024
738.565000 -0.000023
738.600000 -0.000023
738.635000 -0.000023
738.670000 -0.000023
738.705000 -0.000023
738.740000 -0.000023
738.775000 -0.000023
738.810000 -0.000023
738.845000 -0.000022
738.880000 -0.000022
738.915000 -0.000022
738.950000 -0.000022
738.985000 -0.000022
739.020000 -0.000022
739.055000 -0.000022
739.090000 -0.000022
739.125000 -0.000022
739.160000 -0.000021
739.195000 -0.000021
739.230000 -0.000021
739.265000 -0.000021
739.300000 -0.000021
739.335000 -0.000021
739.370000 -0.000021
739.405000 -0.000021
739.440000 -0.000021
739.475000 -0.000021
739.510000 -0.000020
739.545000 -0.000020
739.580000 -0.000020
739.615000 -0.000020
739.650000 -0.000020
739.685000 -0.000020
739.720000 -0.000020
739.755000 -0.000020
739.790000 -0.000019
739.825000 -0.000019
739.860000 -0.000017
739.895000 -0.000016
739.930000 -0.000014
739.965000 -0.000011

Sticks
710.250000 -0.032338
710.355000 0.005446
711.020000 0.000028
711.125000 0.000003
711.160000 0.000350
711.230000 -0.001070
711.265000 0.000002
711.335000 0.000233
711.405000 0.000014
711.475000 -0.001230
711.545000 -0.000612
711.580000 0.000016
711.720000 0.000096
711.790000 -0.000648
711.860000 0.000299
711.930000 0.000047
712.035000 -0.000009
712.245000 0.000051
712.280000 0.000144
712.315000 0.000068
712.350000 0.000029
712.420000 -0.000163
712.455000 -0.000980
712.490000 0.000067
712.560000 0.001491
712.595000 0.000169
712.630000 0.005335
712.700000 -0.005021
712.735000 0.000540
712.840000 0.001984
712.910000 0.003172
712.980000 0.004117
713.050000 -0.002173
713.085000 0.002234
713.155000 -0.006071
713.260000 0.009420
713.295000 0.000686
713.330000 -0.000207
713.400000 0.000789
713.470000 0.000125
713.505000 -0.002966
713.540000 0.001014
713.645000 -0.002470
713.750000 -0.026123
713.855000 0.002657
713.925000 -0.002848
713.995000 0.004627
714.065000 0.000013
714.100000 -0.000018
714.135000 -0.011123
714.240000 -0.008651
714.275000 0.001813
714.310000 -0.019093
714.345000 0.009356
714.415000 -0.002332
714.450000 0.002239
714.485000 0.005592
714.555000 -0.000482
714.590000 0.000104
714.660000 0.001926
714.695000 0.000650
714.765000 0.001770
714.800000 0.000426
714.835000 -0.002458
714.905000 -0.003342
714.940000 -0.001630
714.975000 0.000025
715.045000 -0.007822
715.080000 0.001176
715.115000 0.000005
715.150000 -0.000350
715.185000 0.000605
715.255000 0.001075
715.290000 0.000129
715.325000 -0.000139
715.360000 -0.000179
715.395000 0.000217
715.430000 0.000435
715.465000 0.000723
715.500000 -0.000086
715.535000 -0.001078
715.570000 0.000260
715.640000 0.000002
715.675000 0.000007
715.710000 0.000556
715.745000 -0.000388
715.780000 0.000310
715.850000 0.000510
715.885000 -0.000180
715.920000 0.000265
715.990000 0.000015
716.025000 0.000274
716.095000 -0.000100
716.130000 0.000003
716.165000 0.000081
716.200000 -0.000899
716.235000 0.000558
716.270000 0.000024
716.305000 -0.000163
716.340000 0.000010
716.375000 -0.000682
716.410000 0.000160
716.480000 0.000584
716.515000 0.000298
716.550000 0.000049
716.585000 -0.000827
716.620000 0.000620
716.655000 0.000156
716.690000 -0.000752
716.725000 0.001134
716.760000 0.000004
716.795000 0.000900
716.830000 0.000294
716.865000 -0.000439
716.900000 0.000347
716.935000 0.000368
716.970000 -0.000130
717.005000 0.000005
717.040000 0.000016
717.075000 -0.000136
717.110000 0.000110
717.145000 0.000527
717.180000 -0.000333
717.215000 0.000068
717.250000 -0.000950
717.285000 0.000029
717.320000 -0.000204
717.390000 0.000028
717.425000 -0.000003
717.460000 0.000009
717.495000 0.000305
717.530000 -0.000058
717.565000 0.000018
717.600000 -0.000254
717.670000 0.000003
717.705000 0.000018
717.740000 -0.000226
717.775000 0.000019
717.810000 -0.000162
717.845000 0.000101
717.880000 0.000017
717.950000 -0.000060
717.985000 -0.000062
718.020000 0.000025
718.055000 0.000053
718.090000 -0.000340
718.125000 0.000033
718.160000 0.000002
718.195000 0.000007
718.230000 0.000019
718.265000 0.000035
718.300000 -0.000013
718.335000 0.000001
718.370000 -0.000014
718.405000 0.000030
718.440000 0.000005
718.475000 -0.000074
718.545000 -0.000048
718.580000 0.000032
718.615000 0.000073
718.650000 -0.000005
718.685000 -0.000054
718.720000 0.000001
718.755000 -0.000003
718.790000 0.000001
718.825000 -0.000006
718.860000 0.000030
718.895000 0.000001
718.930000 -0.000002
718.965000 0.000009
719.000000 -0.000012
719.035000 0.000016
719.105000 0.000005
719.140000 -0.000038
719.175000 0.000036
719.210000 -0.000165
719.280000 -0.000040
719.315000 -0.000216
719.350000 0.000005
719.420000 0.000014
719.455000 0.000002
719.490000 0.000022
719.560000 0.000019
719.595000 -0.000032
719.630000 0.000002
719.700000 -0.000091
719.805000 0.000007
719.875000 -0.000027
719.910000 0.000007
719.945000 -0.000025
719.980000 0.000001
720.015000 0.000040
720.085000 -0.000004
720.120000 0.000008
720.190000 0.000011
720.225000 -0.000046
720.330000 0.000001
720.365000 0.000001
720.435000 -0.000039
720.470000 0.000008
720.505000 -0.000087
720.540000 0.000005
720.610000 -0.000006
720.645000 0.000006
720.680000 0.000002
720.715000 -0.000070
720.750000 0.000015
720.855000 0.000082
720.890000 0.000005
720.995000 -0.000048
721.030000 0.000009
721.065000 0.000005
721.135000 -0.000031
721.170000 0.000002
721.205000 -0.000034
721.240000 0.000001
721.310000 -0.000011
721.345000 0.000002
721.380000 -0.000020
721.415000 0.000009
721.450000 -0.000015
721.555000 0.000014
721.695000 -0.000010
721.765000 -0.000001
721.800000 -0.000001
721.870000 -0.000003
721.905000 0.000002
721.940000 0.000001
721.975000 -0.000009
722.010000 0.000001
722.150000 -0.000004
722.220000 0.000002
722.255000 0.000001
722.290000 -0.000001
722.325000 -0.000004
722.395000 -0.000002
722.465000 0.000002
722.500000 -0.000002
722.605000 0.000001
722.640000 0.000001
722.675000 -0.000007
722.710000 0.000018
722.780000 0.000036
722.920000 0.000011
722.955000 0.002891
723.025000 0.000005
723.095000 0.000021
723.130000 -0.000010
723.165000 0.000050
723.235000 0.000001
723.375000 0.000003
723.410000 -0.000005
723.585000 -0.000011
723.725000 -0.000001
723.865000 -0.000020
724.040000 0.000016
724.180000 0.000080
724.250000 -0.000036
724.285000 0.000018
724.355000 -0.000384
724.425000 0.000120
724.565000 -0.000008
724.600000 0.000025
724.670000 -0.000006
724.705000 0.000008
724.775000 -0.000018
724.845000 0.000955
724.880000 0.000973
724.915000 0.003178
724.985000 -0.000017
725.020000 0.000499
725.160000 0.000340
725.265000 0.010629
725.335000 -0.011992
725.440000 -0.001286
725.475000 0.000092
725.545000 0.000072
725.580000 0.001960
725.615000 0.000910
725.650000 -0.000622
725.720000 0.000145
725.755000 0.001330
725.790000 -0.002529
725.825000 0.001886
725.860000 0.000301
725.895000 -0.007301
726.035000 -0.017247
726.070000 0.000430
726.175000 -0.001082
726.315000 0.003918
726.350000 0.003823
726.420000 0.000153
726.490000 0.001456
726.630000 -0.004489
726.665000 0.001184
726.735000 0.002042
726.840000 0.000616
726.910000 -0.000030
726.980000 0.000291
727.015000 -0.001371
727.085000 -0.000377
727.120000 0.000012
727.155000 0.000004
727.190000 0.000110
727.225000 0.000070
727.295000 0.001191
727.330000 -0.001625
727.365000 -0.000020
727.505000 0.000041
727.575000 -0.000482
727.715000 0.000019
727.750000 0.000056
727.820000 0.000222
727.890000 0.000086
727.925000 0.000190
728.065000 -0.001307
728.100000 0.000005
728.205000 0.000093
728.240000 -0.000734
728.275000 0.000029
728.310000 0.000155
728.345000 -0.000757
728.415000 0.000084
728.450000 0.000167
728.485000 -0.000113
728.520000 -0.000067
728.555000 0.000264
728.590000 -0.001056
728.625000 0.000256
728.695000 -0.000218
728.730000 0.000498
728.800000 0.000024
728.835000 -0.000298
728.905000 0.000212
728.975000 -0.000220
729.010000 -0.000009
729.045000 0.000105
729.080000 0.000062
729.150000 0.000072
729.185000 0.000391
729.220000 -0.000208
729.255000 0.000186
729.325000 0.000041
729.430000 0.000069
729.465000 0.000002
729.500000 -0.000287
729.535000 0.000008
729.570000 0.000003
729.605000 -0.000110
729.675000 0.000027
729.710000 -0.000051
729.745000 0.000004
729.850000 0.000206
729.920000 -0.000019
729.955000 0.000072
729.990000 0.000014
730.025000 -0.000059
730.165000 0.000011
730.340000 0.000017
730.375000 -0.000086
730.410000 0.000028
730.445000 0.000005
730.480000 0.000018
730.550000 -0.000037
730.585000 0.000003
730.620000 0.000004
730.655000 -0.000094
730.830000 -0.000020
730.865000 0.000004
730.900000 -0.000003
730.935000 0.000019
731.040000 0.000015
731.075000 -0.000014
731.110000 0.000006
731.145000 0.000002
731.250000 0.000024
731.285000 -0.000003
731.355000 0.000038
731.390000 0.000006
731.460000 -0.000056
731.530000 0.000006
731.600000 -0.000072
731.635000 0.000016
731.670000 0.000022
731.705000 -0.000019
731.740000 -0.000032
731.810000 0.000001
731.845000 -0.000036
731.915000 0.000005
731.950000 -0.000008
732.020000 0.000006
732.125000 -0.000048
732.160000 0.000001
732.195000 0.000019
732.265000 0.000003
732.335000 -0.000154
732.475000 -0.000037
732.615000 0.000006
732.650000 0.000004
732.685000 -0.000002
732.790000 0.000054
732.825000 0.000002
732.895000 -0.000010
732.965000 0.000018
733.000000 0.000013
733.175000 0.000012
733.280000 -0.000060
733.385000 0.000004
733.455000 0.000002
733.700000 0.000016
733.735000 -0.000001
733.805000 0.000018
733.875000 0.000011
733.945000 0.000003
734.050000 -0.000003
734.085000 0.000005
734.260000 0.000007
734.365000 0.000001
734.575000 -0.000001
734.645000 -0.000003
735.065000 -0.000004
735.310000 -0.000001
735.450000 0.000003
735.485000 -0.000002
735.520000 0.000001
735.660000 -0.000001
735.730000 0.000008
735.870000 0.000002
735.940000 -0.000002
736.045000 0.000002
736.115000 -0.000003
736.430000 0.000001
736.535000 -0.000002
736.570000 0.000001
736.780000 0.000002
736.885000 0.000001
737.025000 -0.000002
737.795000 -0.000002
739.090000 0.000001
739.125000 -0.000001
