-10.000000 0.000072
-9.991248 0.000077
-9.982496 0.000082
-9.973743 0.000086
-9.964991 0.000091
-9.956239 0.000096
-9.947487 0.000100
-9.938735 0.000104
-9.929982 0.000108
-9.921230 0.000112
-9.912478 0.000115
-9.903726 0.000119
-9.894974 0.000122
-9.886222 0.000125
-9.877469 0.000127
-9.868717 0.000129
-9.859965 0.000132
-9.851213 0.000134
-9.842461 0.000135
-9.833708 0.000137
-9.824956 0.000138
-9.816204 0.000139
-9.807452 0.000141
-9.798700 0.000142
-9.789947 0.000143
-9.781195 0.000143
-9.772443 0.000144
-9.763691 0.000145
-9.754939 0.000145
-9.746187 0.000146
-9.737434 0.000147
-9.728682 0.000147
-9.719930 0.000148
-9.711178 0.000148
-9.702426 0.000149
-9.693673 0.000149
-9.684921 0.000149
-9.676169 0.000150
-9.667417 0.000150
-9.658665 0.000151
-9.649912 0.000151
-9.641160 0.000152
-9.632408 0.000152
-9.623656 0.000153
-9.614904 0.000153
-9.606152 0.000153
-9.597399 0.000154
-9.588647 0.000154
-9.579895 0.000155
-9.571143 0.000155
-9.562391 0.000156
-9.553638 0.000156
-9.544886 0.000157
-9.536134 0.000157
-9.527382 0.000157
-9.518630 0.000158
-9.509877 0.000158
-9.501125 0.000159
-9.492373 0.000159
-9.483621 0.000160
-9.474869 0.000160
-9.466117 0.000161
-9.457364 0.000161
-9.448612 0.000162
-9.439860 0.000162
-9.431108 0.000163
-9.422356 0.000163
-9.413603 0.000164
-9.404851 0.000164
-9.396099 0.000165
-9.387347 0.000165
-9.378595 0.000165
-9.369842 0.000166
-9.361090 0.000166
-9.352338 0.000167
-9.343586 0.000167
-9.334834 0.000168
-9.326082 0.000168
-9.317329 0.000169
-9.308577 0.000169
-9.299825 0.000170
-9.291073 0.000170
-9.282321 0.000171
-9.273568 0.000172
-9.264816 0.000172
-9.256064 0.000173
-9.247312 0.000173
-9.238560 0.000174
-9.229807 0.000174
-9.221055 0.000175
-9.212303 0.000175
-9.203551 0.000176
-9.194799 0.000176
-9.186047 0.000177
-9.177294 0.000177
-9.168542 0.000178
-9.159790 0.000178
-9.151038 0.000179
-9.142286 0.000180
-9.133533 0.000180
-9.124781 0.000181
-9.116029 0.000181
-9.107277 0.000182
-9.098525 0.000182
-9.089772 0.000183
-9.081020 0.000184
-9.072268 0.000184
-9.063516 0.000185
-9.054764 0.000185
-9.046012 0.000186
-9.037259 0.000186
-9.028507 0.000187
-9.019755 0.000188
-9.011003 0.000188
-9.002251 0.000189
-8.993498 0.000189
-8.984746 0.000190
-8.975994 0.000191
-8.967242 0.000191
-8.958490 0.000192
-8.949737 0.000192
-8.940985 0.000193
-8.932233 0.000194
-8.923481 0.000194
-8.914729 0.000195
-8.905976 0.000196
-8.897224 0.000196
-8.888472 0.000197
-8.879720 0.000198
-8.870968 0.000198
-8.862216 0.000199
-8.853463 0.000199
-8.844711 0.000200
-8.835959 0.000201
-8.827207 0.000201
-8.818455 0.000202
-8.809702 0.000203
-8.800950 0.000203
-8.792198 0.000204
-8.783446 0.000205
-8.774694 0.000205
-8.765941 0.000206
-8.757189 0.000207
-8.748437 0.000208
-8.739685 0.000208
-8.730933 0.000209
-8.722181 0.000210
-8.713428 0.000210
-8.704676 0.000211
-8.695924 0.000212
-8.687172 0.000212
-8.678420 0.000213
-8.669667 0.000214
-8.660915 0.000215
-8.652163 0.000215
-8.643411 0.000216
-8.634659 0.000217
-8.625906 0.000218
-8.617154 0.000218
-8.608402 0.000219
-8.599650 0.000220
-8.590898 0.000221
-8.582146 0.000221
-8.573393 0.000222
-8.564641 0.000223
-8.555889 0.000224
-8.547137 0.000224
-8.538385 0.000225
-8.529632 0.000226
-8.520880 0.000227
-8.512128 0.000228
-8.503376 0.000228
-8.494624 0.000229
-8.485871 0.000230
-8.477119 0.000231
-8.468367 0.000232
-8.459615 0.000232
-8.450863 0.000233
-8.442111 0.000234
-8.433358 0.000235
-8.424606 0.000236
-8.415854 0.000237
-8.407102 0.000238
-8.398350 0.000238
-8.389597 0.000239
-8.380845 0.000240
-8.372093 0.000241
-8.363341 0.000242
-8.354589 0.000243
-8.345836 0.000244
-8.337084 0.000244
-8.328332 0.000245
-8.319580 0.000246
-8.310828 0.000247
-8.302076 0.000248
-8.293323 0.000249
-8.284571 0.000250
-8.275819 0.000251
-8.267067 0.000252
-8.258315 0.000253
-8.249562 0.000254
-8.240810 0.000255
-8.232058 0.000256
-8.223306 0.000257
-8.214554 0.000257
-8.205801 0.000258
-8.197049 0.000259
-8.188297 0.000260
-8.179545 0.000261
-8.170793 0.000262
-8.162041 0.000263
-8.153288 0.000264
-8.144536 0.000265
-8.135784 0.000266
-8.127032 0.000267
-8.118280 0.000268
-8.109527 0.000269
-8.100775 0.000270
-8.092023 0.000272
-8.083271 0.000273
-8.074519 0.000274
-8.065766 0.000275
-8.057014 0.000276
-8.048262 0.000277
-8.039510 0.000278
-8.030758 0.000279
-8.022006 0.000280
-8.013253 0.000281
-8.004501 0.000282
-7.995749 0.000283
-7.986997 0.000285
-7.978245 0.000286
-7.969492 0.000287
-7.960740 0.000288
-7.951988 0.000289
-7.943236 0.000290
-7.934484 0.000291
-7.925731 0.000293
-7.916979 0.000294
-7.908227 0.000295
-7.899475 0.000296
-7.890723 0.000297
-7.881970 0.000298
-7.873218 0.000300
-7.864466 0.000301
-7.855714 0.000302
-7.846962 0.000303
-7.838210 0.000305
-7.829457 0.000306
-7.820705 0.000307
-7.811953 0.000308
-7.803201 0.000310
-7.794449 0.000311
-7.785696 0.000312
-7.776944 0.000314
-7.768192 0.000315
-7.759440 0.000316
-7.750688 0.000317
-7.741935 0.000319
-7.733183 0.000320
-7.724431 0.000321
-7.715679 0.000323
-7.706927 0.000324
-7.698175 0.000326
-7.689422 0.000327
-7.680670 0.000328
-7.671918 0.000330
-7.663166 0.000331
-7.654414 0.000333
-7.645661 0.000334
-7.636909 0.000335
-7.628157 0.000337
-7.619405 0.000338
-7.610653 0.000340
-7.601900 0.000341
-7.593148 0.000343
-7.584396 0.000344
-7.575644 0.000346
-7.566892 0.000347
-7.558140 0.000349
-7.549387 0.000350
-7.540635 0.000352
-7.531883 0.000353
-7.523131 0.000355
-7.514379 0.000357
-7.505626 0.000358
-7.496874 0.000360
-7.488122 0.000361
-7.479370 0.000363
-7.470618 0.000365
-7.461865 0.000366
-7.453113 0.000368
-7.444361 0.000370
-7.435609 0.000371
-7.426857 0.000373
-7.418105 0.000375
-7.409352 0.000376
-7.400600 0.000378
-7.391848 0.000380
-7.383096 0.000382
-7.374344 0.000383
-7.365591 0.000385
-7.356839 0.000387
-7.348087 0.000389
-7.339335 0.000390
-7.330583 0.000392
-7.321830 0.000394
-7.313078 0.000396
-7.304326 0.000398
-7.295574 0.000400
-7.286822 0.000402
-7.278070 0.000404
-7.269317 0.000405
-7.260565 0.000407
-7.251813 0.000409
-7.243061 0.000411
-7.234309 0.000413
-7.225556 0.000415
-7.216804 0.000417
-7.208052 0.000419
-7.199300 0.000421
-7.190548 0.000423
-7.181795 0.000425
-7.173043 0.000427
-7.164291 0.000430
-7.155539 0.000432
-7.146787 0.000434
-7.138035 0.000436
-7.129282 0.000438
-7.120530 0.000440
-7.111778 0.000442
-7.103026 0.000445
-7.094274 0.000447
-7.085521 0.000449
-7.076769 0.000451
-7.068017 0.000454
-7.059265 0.000456
-7.050513 0.000458
-7.041760 0.000461
-7.033008 0.000463
-7.024256 0.000465
-7.015504 0.000468
-7.006752 0.000470
-6.997999 0.000473
-6.989247 0.000475
-6.980495 0.000477
-6.971743 0.000480
-6.962991 0.000482
-6.954239 0.000485
-6.945486 0.000487
-6.936734 0.000490
-6.927982 0.000493
-6.919230 0.000495
-6.910478 0.000498
-6.901725 0.000500
-6.892973 0.000503
-6.884221 0.000506
-6.875469 0.000508
-6.866717 0.000511
-6.857964 0.000514
-6.849212 0.000517
-6.840460 0.000520
-6.831708 0.000522
-6.822956 0.000525
-6.814204 0.000528
-6.805451 0.000531
-6.796699 0.000534
-6.787947 0.000537
-6.779195 0.000540
-6.770443 0.000543
-6.761690 0.000546
-6.752938 0.000549
-6.744186 0.000552
-6.735434 0.000555
-6.726682 0.000558
-6.717929 0.000561
-6.709177 0.000564
-6.700425 0.000568
-6.691673 0.000571
-6.682921 0.000574
-6.674169 0.000577
-6.665416 0.000581
-6.656664 0.000584
-6.647912 0.000587
-6.639160 0.000591
-6.630408 0.000594
-6.621655 0.000598
-6.612903 0.000601
-6.604151 0.000605
-6.595399 0.000608
-6.586647 0.000612
-6.577894 0.000615
-6.569142 0.000619
-6.560390 0.000623
-6.551638 0.000626
-6.542886 0.000630
-6.534134 0.000634
-6.525381 0.000638
-6.516629 0.000642
-6.507877 0.000645
-6.499125 0.000649
-6.490373 0.000653
-6.481620 0.000657
-6.472868 0.000661
-6.464116 0.000665
-6.455364 0.000670
-6.446612 0.000674
-6.437859 0.000678
-6.429107 0.000682
-6.420355 0.000686
-6.411603 0.000691
-6.402851 0.000695
-6.394099 0.000699
-6.385346 0.000704
-6.376594 0.000708
-6.367842 0.000713
-6.359090 0.000717
-6.350338 0.000722
-6.341585 0.000727
-6.332833 0.000731
-6.324081 0.000736
-6.315329 0.000741
-6.306577 0.000746
-6.297824 0.000751
-6.289072 0.000756
-6.280320 0.000761
-6.271568 0.000766
-6.262816 0.000771
-6.254064 0.000776
-6.245311 0.000781
-6.236559 0.000786
-6.227807 0.000792
-6.219055 0.000797
-6.210303 0.000802
-6.201550 0.000808
-6.192798 0.000813
-6.184046 0.000819
-6.175294 0.000824
-6.166542 0.000830
-6.157789 0.000836
-6.149037 0.000842
-6.140285 0.000848
-6.131533 0.000854
-6.122781 0.000860
-6.114029 0.000866
-6.105276 0.000872
-6.096524 0.000878
-6.087772 0.000884
-6.079020 0.000891
-6.070268 0.000897
-6.061515 0.000903
-6.052763 0.000910
-6.044011 0.000917
-6.035259 0.000923
-6.026507 0.000930
-6.017754 0.000937
-6.009002 0.000944
-6.000250 0.000951
-5.991498 0.000958
-5.982746 0.000965
-5.973993 0.000972
-5.965241 0.000979
-5.956489 0.000987
-5.947737 0.000994
-5.938985 0.001002
-5.930233 0.001010
-5.921480 0.001017
-5.912728 0.001025
-5.903976 0.001033
-5.895224 0.001041
-5.886472 0.001049
-5.877719 0.001057
-5.868967 0.001066
-5.860215 0.001074
-5.851463 0.001083
-5.842711 0.001091
-5.833958 0.001100
-5.825206 0.001109
-5.816454 0.001118
-5.807702 0.001127
-5.798950 0.001136
-5.790198 0.001145
-5.781445 0.001155
-5.772693 0.001164
-5.763941 0.001174
-5.755189 0.001183
-5.746437 0.001193
-5.737684 0.001203
-5.728932 0.001213
-5.720180 0.001224
-5.711428 0.001234
-5.702676 0.001245
-5.693923 0.001255
-5.685171 0.001266
-5.676419 0.001277
-5.667667 0.001288
-5.658915 0.001299
-5.650163 0.001311
-5.641410 0.001322
-5.632658 0.001334
-5.623906 0.001346
-5.615154 0.001358
-5.606402 0.001370
-5.597649 0.001382
-5.588897 0.001394
-5.580145 0.001407
-5.571393 0.001420
-5.562641 0.001433
-5.553888 0.001446
-5.545136 0.001460
-5.536384 0.001473
-5.527632 0.001487
-5.518880 0.001501
-5.510128 0.001515
-5.501375 0.001529
-5.492623 0.001544
-5.483871 0.001559
-5.475119 0.001574
-5.466367 0.001589
-5.457614 0.001604
-5.448862 0.001620
-5.440110 0.001636
-5.431358 0.001652
-5.422606 0.001668
-5.413853 0.001685
-5.405101 0.001702
-5.396349 0.001719
-5.387597 0.001736
-5.378845 0.001754
-5.370093 0.001772
-5.361340 0.001790
-5.352588 0.001809
-5.343836 0.001827
-5.335084 0.001846
-5.326332 0.001866
-5.317579 0.001886
-5.308827 0.001906
-5.300075 0.001926
-5.291323 0.001947
-5.282571 0.001968
-5.273818 0.001989
-5.265066 0.002011
-5.256314 0.002033
-5.247562 0.002055
-5.238810 0.002078
-5.230058 0.002101
-5.221305 0.002125
-5.212553 0.002149
-5.203801 0.002173
-5.195049 0.002198
-5.186297 0.002223
-5.177544 0.002249
-5.168792 0.002275
-5.160040 0.002302
-5.151288 0.002329
-5.142536 0.002356
-5.133783 0.002385
-5.125031 0.002413
-5.116279 0.002442
-5.107527 0.002472
-5.098775 0.002502
-5.090023 0.002533
-5.081270 0.002564
-5.072518 0.002596
-5.063766 0.002629
-5.055014 0.002662
-5.046262 0.002696
-5.037509 0.002730
-5.028757 0.002765
-5.020005 0.002801
-5.011253 0.002837
-5.002501 0.002875
-4.993748 0.002913
-4.984996 0.002951
-4.976244 0.002991
-4.967492 0.003031
-4.958740 0.003072
-4.949987 0.003114
-4.941235 0.003157
-4.932483 0.003201
-4.923731 0.003246
-4.914979 0.003291
-4.906227 0.003338
-4.897474 0.003386
-4.888722 0.003434
-4.879970 0.003484
-4.871218 0.003535
-4.862466 0.003587
-4.853713 0.003640
-4.844961 0.003694
-4.836209 0.003750
-4.827457 0.003807
-4.818705 0.003865
-4.809952 0.003924
-4.801200 0.003985
-4.792448 0.004048
-4.783696 0.004111
-4.774944 0.004177
-4.766192 0.004244
-4.757439 0.004312
-4.748687 0.004382
-4.739935 0.004454
-4.731183 0.004528
-4.722431 0.004604
-4.713678 0.004681
-4.704926 0.004761
-4.696174 0.004842
-4.687422 0.004926
-4.678670 0.005012
-4.669917 0.005100
-4.661165 0.005191
-4.652413 0.005284
-4.643661 0.005379
-4.634909 0.005477
-4.626157 0.005578
-4.617404 0.005682
-4.608652 0.005788
-4.599900 0.005898
-4.591148 0.006011
-4.582396 0.006127
-4.573643 0.006246
-4.564891 0.006369
-4.556139 0.006496
-4.547387 0.006626
-4.538635 0.006761
-4.529882 0.006899
-4.521130 0.007042
-4.512378 0.007190
-4.503626 0.007342
-4.494874 0.007499
-4.486122 0.007661
-4.477369 0.007828
-4.468617 0.008001
-4.459865 0.008179
-4.451113 0.008364
-4.442361 0.008555
-4.433608 0.008752
-4.424856 0.008956
-4.416104 0.009168
-4.407352 0.009387
-4.398600 0.009614
-4.389847 0.009849
-4.381095 0.010093
-4.372343 0.010345
-4.363591 0.010608
-4.354839 0.010880
-4.346087 0.011162
-4.337334 0.011456
-4.328582 0.011761
-4.319830 0.012079
-4.311078 0.012409
-4.302326 0.012752
-4.293573 0.013110
-4.284821 0.013482
-4.276069 0.013870
-4.267317 0.014274
-4.258565 0.014696
-4.249812 0.015136
-4.241060 0.015595
-4.232308 0.016074
-4.223556 0.016574
-4.214804 0.017098
-4.206052 0.017644
-4.197299 0.018216
-4.188547 0.018815
-4.179795 0.019441
-4.171043 0.020096
-4.162291 0.020782
-4.153538 0.021500
-4.144786 0.022253
-4.136034 0.023041
-4.127282 0.023867
-4.118530 0.024733
-4.109777 0.025640
-4.101025 0.026591
-4.092273 0.027586
-4.083521 0.028629
-4.074769 0.029722
-4.066017 0.030865
-4.057264 0.032062
-4.048512 0.033313
-4.039760 0.034620
-4.031008 0.035986
-4.022256 0.037410
-4.013503 0.038895
-4.004751 0.040440
-3.995999 0.042048
-3.987247 0.043716
-3.978495 0.045446
-3.969742 0.047236
-3.960990 0.049084
-3.952238 0.050990
-3.943486 0.052949
-3.934734 0.054959
-3.925981 0.057016
-3.917229 0.059114
-3.908477 0.061248
-3.899725 0.063412
-3.890973 0.065598
-3.882221 0.067798
-3.873468 0.070002
-3.864716 0.072202
-3.855964 0.074387
-3.847212 0.076545
-3.838460 0.078665
-3.829707 0.080736
-3.820955 0.082744
-3.812203 0.084678
-3.803451 0.086524
-3.794699 0.088270
-3.785946 0.089905
-3.777194 0.091415
-3.768442 0.092791
-3.759690 0.094022
-3.750938 0.095099
-3.742186 0.096013
-3.733433 0.096757
-3.724681 0.097326
-3.715929 0.097715
-3.707177 0.097922
-3.698425 0.097945
-3.689672 0.097785
-3.680920 0.097444
-3.672168 0.096924
-3.663416 0.096232
-3.654664 0.095374
-3.645911 0.094356
-3.637159 0.093189
-3.628407 0.091882
-3.619655 0.090445
-3.610903 0.088891
-3.602151 0.087231
-3.593398 0.085478
-3.584646 0.083644
-3.575894 0.081743
-3.567142 0.079788
-3.558390 0.077789
-3.549637 0.075761
-3.540885 0.073714
-3.532133 0.071659
-3.523381 0.069606
-3.514629 0.067566
-3.505876 0.065547
-3.497124 0.063557
-3.488372 0.061603
-3.479620 0.059691
-3.470868 0.057827
-3.462116 0.056015
-3.453363 0.054259
-3.444611 0.052562
-3.435859 0.050925
-3.427107 0.049351
-3.418355 0.047840
-3.409602 0.046392
-3.400850 0.045006
-3.392098 0.043683
-3.383346 0.042420
-3.374594 0.041216
-3.365841 0.040069
-3.357089 0.038976
-3.348337 0.037936
-3.339585 0.036945
-3.330833 0.036000
-3.322081 0.035099
-3.313328 0.034239
-3.304576 0.033416
-3.295824 0.032628
-3.287072 0.031871
-3.278320 0.031143
-3.269567 0.030441
-3.260815 0.029763
-3.252063 0.029105
-3.243311 0.028467
-3.234559 0.027844
-3.225806 0.027237
-3.217054 0.026642
-3.208302 0.026058
-3.199550 0.025485
-3.190798 0.024920
-3.182046 0.024363
-3.173293 0.023813
-3.164541 0.023270
-3.155789 0.022734
-3.147037 0.022203
-3.138285 0.021678
-3.129532 0.021160
-3.120780 0.020647
-3.112028 0.020141
-3.103276 0.019641
-3.094524 0.019148
-3.085771 0.018663
-3.077019 0.018186
-3.068267 0.017717
-3.059515 0.017257
-3.050763 0.016806
-3.042011 0.016364
-3.033258 0.015933
-3.024506 0.015512
-3.015754 0.015102
-3.007002 0.014703
-2.998250 0.014314
-2.989497 0.013938
-2.980745 0.013572
-2.971993 0.013218
-2.963241 0.012875
-2.954489 0.012544
-2.945736 0.012224
-2.936984 0.011915
-2.928232 0.011618
-2.919480 0.011331
-2.910728 0.011054
-2.901975 0.010788
-2.893223 0.010531
-2.884471 0.010285
-2.875719 0.010047
-2.866967 0.009819
-2.858215 0.009600
-2.849462 0.009388
-2.840710 0.009185
-2.831958 0.008990
-2.823206 0.008801
-2.814454 0.008620
-2.805701 0.008445
-2.796949 0.008277
-2.788197 0.008115
-2.779445 0.007959
-2.770693 0.007808
-2.761940 0.007662
-2.753188 0.007522
-2.744436 0.007386
-2.735684 0.007255
-2.726932 0.007128
-2.718180 0.007005
-2.709427 0.006886
-2.700675 0.006771
-2.691923 0.006659
-2.683171 0.006552
-2.674419 0.006447
-2.665666 0.006346
-2.656914 0.006248
-2.648162 0.006153
-2.639410 0.006062
-2.630658 0.005973
-2.621905 0.005887
-2.613153 0.005804
-2.604401 0.005724
-2.595649 0.005646
-2.586897 0.005571
-2.578145 0.005499
-2.569392 0.005430
-2.560640 0.005364
-2.551888 0.005300
-2.543136 0.005238
-2.534384 0.005179
-2.525631 0.005123
-2.516879 0.005069
-2.508127 0.005018
-2.499375 0.004970
-2.490623 0.004924
-2.481870 0.004881
-2.473118 0.004840
-2.464366 0.004802
-2.455614 0.004766
-2.446862 0.004733
-2.438110 0.004702
-2.429357 0.004674
-2.420605 0.004649
-2.411853 0.004626
-2.403101 0.004606
-2.394349 0.004589
-2.385596 0.004575
-2.376844 0.004563
-2.368092 0.004554
-2.359340 0.004548
-2.350588 0.004544
-2.341835 0.004544
-2.333083 0.004547
-2.324331 0.004553
-2.315579 0.004562
-2.306827 0.004575
-2.298075 0.004591
-2.289322 0.004610
-2.280570 0.004634
-2.271818 0.004660
-2.263066 0.004691
-2.254314 0.004726
-2.245561 0.004765
-2.236809 0.004808
-2.228057 0.004856
-2.219305 0.004908
-2.210553 0.004965
-2.201800 0.005027
-2.193048 0.005094
-2.184296 0.005167
-2.175544 0.005245
-2.166792 0.005328
-2.158040 0.005417
-2.149287 0.005512
-2.140535 0.005613
-2.131783 0.005720
-2.123031 0.005833
-2.114279 0.005952
-2.105526 0.006078
-2.096774 0.006209
-2.088022 0.006347
-2.079270 0.006491
-2.070518 0.006640
-2.061765 0.006795
-2.053013 0.006956
-2.044261 0.007121
-2.035509 0.007291
-2.026757 0.007465
-2.018005 0.007642
-2.009252 0.007822
-2.000500 0.008004
-1.991748 0.008188
-1.982996 0.008371
-1.974244 0.008554
-1.965491 0.008736
-1.956739 0.008915
-1.947987 0.009090
-1.939235 0.009260
-1.930483 0.009424
-1.921730 0.009580
-1.912978 0.009728
-1.904226 0.009867
-1.895474 0.009994
-1.886722 0.010110
-1.877969 0.010213
-1.869217 0.010302
-1.860465 0.010376
-1.851713 0.010434
-1.842961 0.010477
-1.834209 0.010503
-1.825456 0.010512
-1.816704 0.010505
-1.807952 0.010479
-1.799200 0.010437
-1.790448 0.010378
-1.781695 0.010303
-1.772943 0.010212
-1.764191 0.010105
-1.755439 0.009984
-1.746687 0.009849
-1.737934 0.009701
-1.729182 0.009542
-1.720430 0.009372
-1.711678 0.009193
-1.702926 0.009005
-1.694174 0.008811
-1.685421 0.008610
-1.676669 0.008404
-1.667917 0.008195
-1.659165 0.007984
-1.650413 0.007771
-1.641660 0.007557
-1.632908 0.007344
-1.624156 0.007132
-1.615404 0.006922
-1.606652 0.006715
-1.597899 0.006511
-1.589147 0.006312
-1.580395 0.006116
-1.571643 0.005926
-1.562891 0.005740
-1.554139 0.005560
-1.545386 0.005386
-1.536634 0.005217
-1.527882 0.005054
-1.519130 0.004897
-1.510378 0.004746
-1.501625 0.004601
-1.492873 0.004461
-1.484121 0.004328
-1.475369 0.004199
-1.466617 0.004076
-1.457864 0.003959
-1.449112 0.003846
-1.440360 0.003739
-1.431608 0.003636
-1.422856 0.003538
-1.414104 0.003444
-1.405351 0.003355
-1.396599 0.003269
-1.387847 0.003188
-1.379095 0.003110
-1.370343 0.003035
-1.361590 0.002964
-1.352838 0.002897
-1.344086 0.002832
-1.335334 0.002770
-1.326582 0.002711
-1.317829 0.002654
-1.309077 0.002600
-1.300325 0.002548
-1.291573 0.002499
-1.282821 0.002452
-1.274069 0.002406
-1.265316 0.002363
-1.256564 0.002321
-1.247812 0.002282
-1.239060 0.002243
-1.230308 0.002207
-1.221555 0.002171
-1.212803 0.002138
-1.204051 0.002105
-1.195299 0.002074
-1.186547 0.002044
-1.177794 0.002015
-1.169042 0.001987
-1.160290 0.001960
-1.151538 0.001935
-1.142786 0.001910
-1.134034 0.001886
-1.125281 0.001863
-1.116529 0.001840
-1.107777 0.001818
-1.099025 0.001798
-1.090273 0.001777
-1.081520 0.001758
-1.072768 0.001739
-1.064016 0.001721
-1.055264 0.001703
-1.046512 0.001686
-1.037759 0.001669
-1.029007 0.001653
-1.020255 0.001637
-1.011503 0.001621
-1.002751 0.001606
-0.993998 0.001592
-0.985246 0.001578
-0.976494 0.001564
-0.967742 0.001550
-0.958990 0.001536
-0.950238 0.001523
-0.941485 0.001510
-0.932733 0.001498
-0.923981 0.001485
-0.915229 0.001472
-0.906477 0.001460
-0.897724 0.001448
-0.888972 0.001435
-0.880220 0.001423
-0.871468 0.001411
-0.862716 0.001399
-0.853963 0.001387
-0.845211 0.001375
-0.836459 0.001363
-0.827707 0.001352
-0.818955 0.001340
-0.810203 0.001328
-0.801450 0.001316
-0.792698 0.001305
-0.783946 0.001293
-0.775194 0.001282
-0.766442 0.001271
-0.757689 0.001260
-0.748937 0.001249
-0.740185 0.001238
-0.731433 0.001228
-0.722681 0.001217
-0.713928 0.001207
-0.705176 0.001198
-0.696424 0.001188
-0.687672 0.001179
-0.678920 0.001171
-0.670168 0.001162
-0.661415 0.001154
-0.652663 0.001147
-0.643911 0.001140
-0.635159 0.001133
-0.626407 0.001127
-0.617654 0.001121
-0.608902 0.001115
-0.600150 0.001110
-0.591398 0.001106
-0.582646 0.001102
-0.573893 0.001098
-0.565141 0.001095
-0.556389 0.001093
-0.547637 0.001091
-0.538885 0.001089
-0.530133 0.001088
-0.521380 0.001087
-0.512628 0.001087
-0.503876 0.001088
-0.495124 0.001088
-0.486372 0.001090
-0.477619 0.001091
-0.468867 0.001094
-0.460115 0.001096
-0.451363 0.001099
-0.442611 0.001102
-0.433858 0.001106
-0.425106 0.001110
-0.416354 0.001115
-0.407602 0.001119
-0.398850 0.001124
-0.390098 0.001129
-0.381345 0.001135
-0.372593 0.001140
-0.363841 0.001146
-0.355089 0.001152
-0.346337 0.001158
-0.337584 0.001165
-0.328832 0.001171
-0.320080 0.001177
-0.311328 0.001184
-0.302576 0.001190
-0.293823 0.001196
-0.285071 0.001203
-0.276319 0.001209
-0.267567 0.001215
-0.258815 0.001221
-0.250063 0.001227
-0.241310 0.001233
-0.232558 0.001238
-0.223806 0.001244
-0.215054 0.001249
-0.206302 0.001254
-0.197549 0.001258
-0.188797 0.001262
-0.180045 0.001266
-0.171293 0.001270
-0.162541 0.001273
-0.153788 0.001276
-0.145036 0.001279
-0.136284 0.001281
-0.127532 0.001283
-0.118780 0.001284
-0.110028 0.001284
-0.101275 0.001285
-0.092523 0.001284
-0.083771 0.001284
-0.075019 0.001283
-0.066267 0.001281
-0.057514 0.001279
-0.048762 0.001276
-0.040010 0.001273
-0.031258 0.001270
-0.022506 0.001266
-0.013753 0.001262
-0.005001 0.001257
0.003751 0.001253
0.012503 0.001248
0.021255 0.001242
0.030008 0.001237
0.038760 0.001231
0.047512 0.001226
0.056264 0.001220
0.065016 0.001214
0.073768 0.001208
0.082521 0.001202
0.091273 0.001197
0.100025 0.001191
0.108777 0.001185
0.117529 0.001180
0.126282 0.001174
0.135034 0.001169
0.143786 0.001164
0.152538 0.001159
0.161290 0.001154
0.170043 0.001149
0.178795 0.001145
0.187547 0.001140
0.196299 0.001136
0.205051 0.001132
0.213803 0.001128
0.222556 0.001125
0.231308 0.001121
0.240060 0.001118
0.248812 0.001115
0.257564 0.001112
0.266317 0.001110
0.275069 0.001107
0.283821 0.001105
0.292573 0.001103
0.301325 0.001102
0.310078 0.001101
0.318830 0.001100
0.327582 0.001100
0.336334 0.001100
0.345086 0.001100
0.353838 0.001100
0.362591 0.001101
0.371343 0.001102
0.380095 0.001104
0.388847 0.001106
0.397599 0.001108
0.406352 0.001110
0.415104 0.001112
0.423856 0.001114
0.432608 0.001117
0.441360 0.001119
0.450113 0.001121
0.458865 0.001123
0.467617 0.001125
0.476369 0.001126
0.485121 0.001128
0.493873 0.001128
0.502626 0.001128
0.511378 0.001128
0.520130 0.001127
0.528882 0.001125
0.537634 0.001122
0.546387 0.001118
0.555139 0.001114
0.563891 0.001109
0.572643 0.001103
0.581395 0.001096
0.590148 0.001088
0.598900 0.001079
0.607652 0.001069
0.616404 0.001058
0.625156 0.001047
0.633908 0.001035
0.642661 0.001022
0.651413 0.001008
0.660165 0.000994
0.668917 0.000979
0.677669 0.000964
0.686422 0.000949
0.695174 0.000933
0.703926 0.000916
0.712678 0.000900
0.721430 0.000883
0.730183 0.000867
0.738935 0.000850
0.747687 0.000834
0.756439 0.000817
0.765191 0.000801
0.773943 0.000785
0.782696 0.000769
0.791448 0.000754
0.800200 0.000739
0.808952 0.000724
0.817704 0.000710
0.826457 0.000696
0.835209 0.000682
0.843961 0.000669
0.852713 0.000656
0.861465 0.000644
0.870218 0.000632
0.878970 0.000620
0.887722 0.000610
0.896474 0.000599
0.905226 0.000589
0.913978 0.000579
0.922731 0.000570
0.931483 0.000561
0.940235 0.000552
0.948987 0.000544
0.957739 0.000536
0.966492 0.000529
0.975244 0.000521
0.983996 0.000515
0.992748 0.000508
1.001500 0.000502
1.010253 0.000496
1.019005 0.000490
1.027757 0.000485
1.036509 0.000480
1.045261 0.000475
1.054014 0.000470
1.062766 0.000466
1.071518 0.000461
1.080270 0.000457
1.089022 0.000454
1.097774 0.000450
1.106527 0.000447
1.115279 0.000444
1.124031 0.000441
1.132783 0.000438
1.141535 0.000435
1.150288 0.000433
1.159040 0.000431
1.167792 0.000428
1.176544 0.000427
1.185296 0.000425
1.194049 0.000423
1.202801 0.000422
1.211553 0.000420
1.220305 0.000419
1.229057 0.000418
1.237809 0.000417
1.246562 0.000417
1.255314 0.000416
1.264066 0.000415
1.272818 0.000415
1.281570 0.000415
1.290323 0.000415
1.299075 0.000414
1.307827 0.000414
1.316579 0.000414
1.325331 0.000414
1.334084 0.000415
1.342836 0.000415
1.351588 0.000415
1.360340 0.000415
1.369092 0.000415
1.377844 0.000416
1.386597 0.000416
1.395349 0.000416
1.404101 0.000416
1.412853 0.000416
1.421605 0.000416
1.430358 0.000416
1.439110 0.000416
1.447862 0.000416
1.456614 0.000415
1.465366 0.000415
1.474119 0.000414
1.482871 0.000413
1.491623 0.000412
1.500375 0.000411
1.509127 0.000410
1.517879 0.000408
1.526632 0.000407
1.535384 0.000405
1.544136 0.000403
1.552888 0.000401
1.561640 0.000398
1.570393 0.000396
1.579145 0.000393
1.587897 0.000391
1.596649 0.000388
1.605401 0.000385
1.614154 0.000382
1.622906 0.000378
1.631658 0.000375
1.640410 0.000371
1.649162 0.000368
1.657914 0.000364
1.666667 0.000361
1.675419 0.000357
1.684171 0.000353
1.692923 0.000350
1.701675 0.000346
1.710428 0.000342
1.719180 0.000339
1.727932 0.000335
1.736684 0.000331
1.745436 0.000328
1.754189 0.000324
1.762941 0.000321
1.771693 0.000317
1.780445 0.000314
1.789197 0.000311
1.797949 0.000307
1.806702 0.000304
1.815454 0.000301
1.824206 0.000298
1.832958 0.000295
1.841710 0.000292
1.850463 0.000290
1.859215 0.000287
1.867967 0.000284
1.876719 0.000282
1.885471 0.000279
1.894224 0.000277
1.902976 0.000275
1.911728 0.000273
1.920480 0.000270
1.929232 0.000268
1.937984 0.000266
1.946737 0.000264
1.955489 0.000262
1.964241 0.000260
1.972993 0.000259
1.981745 0.000257
1.990498 0.000255
1.999250 0.000253
2.008002 0.000252
2.016754 0.000250
2.025506 0.000249
2.034259 0.000247
2.043011 0.000246
2.051763 0.000244
2.060515 0.000243
2.069267 0.000242
2.078020 0.000240
2.086772 0.000239
2.095524 0.000238
2.104276 0.000236
2.113028 0.000235
2.121780 0.000234
2.130533 0.000233
2.139285 0.000232
2.148037 0.000231
2.156789 0.000229
2.165541 0.000228
2.174294 0.000227
2.183046 0.000226
2.191798 0.000225
2.200550 0.000224
2.209302 0.000223
2.218055 0.000222
2.226807 0.000221
2.235559 0.000220
2.244311 0.000219
2.253063 0.000219
2.261815 0.000218
2.270568 0.000217
2.279320 0.000216
2.288072 0.000215
2.296824 0.000214
2.305576 0.000213
2.314329 0.000213
2.323081 0.000212
2.331833 0.000211
2.340585 0.000210
2.349337 0.000209
2.358090 0.000209
2.366842 0.000208
2.375594 0.000207
2.384346 0.000206
2.393098 0.000206
2.401850 0.000205
2.410603 0.000204
2.419355 0.000203
2.428107 0.000203
2.436859 0.000202
2.445611 0.000201
2.454364 0.000201
2.463116 0.000200
2.471868 0.000199
2.480620 0.000199
2.489372 0.000198
2.498125 0.000197
2.506877 0.000197
2.515629 0.000196
2.524381 0.000195
2.533133 0.000195
2.541885 0.000194
2.550638 0.000194
2.559390 0.000193
2.568142 0.000192
2.576894 0.000192
2.585646 0.000191
2.594399 0.000191
2.603151 0.000190
2.611903 0.000189
2.620655 0.000189
2.629407 0.000188
2.638160 0.000188
2.646912 0.000187
2.655664 0.000187
2.664416 0.000186
2.673168 0.000186
2.681920 0.000185
2.690673 0.000185
2.699425 0.000184
2.708177 0.000184
2.716929 0.000183
2.725681 0.000183
2.734434 0.000182
2.743186 0.000182
2.751938 0.000181
2.760690 0.000181
2.769442 0.000180
2.778195 0.000180
2.786947 0.000179
2.795699 0.000179
2.804451 0.000178
2.813203 0.000178
2.821955 0.000177
2.830708 0.000177
2.839460 0.000176
2.848212 0.000176
2.856964 0.000175
2.865716 0.000175
2.874469 0.000174
2.883221 0.000174
2.891973 0.000174
2.900725 0.000173
2.909477 0.000173
2.918230 0.000172
2.926982 0.000172
2.935734 0.000171
2.944486 0.000171
2.953238 0.000171
2.961990 0.000170
2.970743 0.000170
2.979495 0.000169
2.988247 0.000169
2.996999 0.000169
3.005751 0.000168
3.014504 0.000168
3.023256 0.000167
3.032008 0.000167
3.040760 0.000167
3.049512 0.000166
3.058265 0.000166
3.067017 0.000166
3.075769 0.000165
3.084521 0.000165
3.093273 0.000164
3.102026 0.000164
3.110778 0.000164
3.119530 0.000163
3.128282 0.000163
3.137034 0.000163
3.145786 0.000162
3.154539 0.000162
3.163291 0.000162
3.172043 0.000161
3.180795 0.000161
3.189547 0.000161
3.198300 0.000160
3.207052 0.000160
3.215804 0.000160
3.224556 0.000159
3.233308 0.000159
3.242061 0.000159
3.250813 0.000158
3.259565 0.000158
3.268317 0.000158
3.277069 0.000157
3.285821 0.000157
3.294574 0.000157
3.303326 0.000157
3.312078 0.000156
3.320830 0.000156
3.329582 0.000156
3.338335 0.000155
3.347087 0.000155
3.355839 0.000155
3.364591 0.000155
3.373343 0.000154
3.382096 0.000154
3.390848 0.000154
3.399600 0.000153
3.408352 0.000153
3.417104 0.000153
3.425856 0.000153
3.434609 0.000152
3.443361 0.000152
3.452113 0.000152
3.460865 0.000152
3.469617 0.000151
3.478370 0.000151
3.487122 0.000151
3.495874 0.000151
3.504626 0.000150
3.513378 0.000150
3.522131 0.000150
3.530883 0.000150
3.539635 0.000149
3.548387 0.000149
3.557139 0.000149
3.565891 0.000149
3.574644 0.000148
3.583396 0.000148
3.592148 0.000148
3.600900 0.000148
3.609652 0.000147
3.618405 0.000147
3.627157 0.000147
3.635909 0.000147
3.644661 0.000147
3.653413 0.000146
3.662166 0.000146
3.670918 0.000146
3.679670 0.000146
3.688422 0.000146
3.697174 0.000145
3.705926 0.000145
3.714679 0.000145
3.723431 0.000145
3.732183 0.000145
3.740935 0.000144
3.749687 0.000144
3.758440 0.000144
3.767192 0.000144
3.775944 0.000144
3.784696 0.000143
3.793448 0.000143
3.802201 0.000143
3.810953 0.000143
3.819705 0.000143
3.828457 0.000143
3.837209 0.000142
3.845961 0.000142
3.854714 0.000142
3.863466 0.000142
3.872218 0.000142
3.880970 0.000142
3.889722 0.000142
3.898475 0.000141
3.907227 0.000141
3.915979 0.000141
3.924731 0.000141
3.933483 0.000141
3.942236 0.000141
3.950988 0.000141
3.959740 0.000140
3.968492 0.000140
3.977244 0.000140
3.985996 0.000140
3.994749 0.000140
4.003501 0.000140
4.012253 0.000140
4.021005 0.000140
4.029757 0.000140
4.038510 0.000140
4.047262 0.000139
4.056014 0.000139
4.064766 0.000139
4.073518 0.000139
4.082271 0.000139
4.091023 0.000139
4.099775 0.000139
4.108527 0.000139
4.117279 0.000139
4.126032 0.000139
4.134784 0.000139
4.143536 0.000139
4.152288 0.000139
4.161040 0.000139
4.169792 0.000139
4.178545 0.000138
4.187297 0.000138
4.196049 0.000138
4.204801 0.000138
4.213553 0.000138
4.222306 0.000138
4.231058 0.000138
4.239810 0.000138
4.248562 0.000138
4.257314 0.000138
4.266067 0.000139
4.274819 0.000139
4.283571 0.000139
4.292323 0.000139
4.301075 0.000139
4.309827 0.000139
4.318580 0.000139
4.327332 0.000139
4.336084 0.000139
4.344836 0.000139
4.353588 0.000139
4.362341 0.000139
4.371093 0.000140
4.379845 0.000140
4.388597 0.000140
4.397349 0.000140
4.406102 0.000140
4.414854 0.000140
4.423606 0.000141
4.432358 0.000141
4.441110 0.000141
4.449862 0.000141
4.458615 0.000142
4.467367 0.000142
4.476119 0.000142
4.484871 0.000143
4.493623 0.000143
4.502376 0.000143
4.511128 0.000144
4.519880 0.000144
4.528632 0.000144
4.537384 0.000145
4.546137 0.000145
4.554889 0.000146
4.563641 0.000146
4.572393 0.000147
4.581145 0.000147
4.589897 0.000147
4.598650 0.000148
4.607402 0.000148
4.616154 0.000149
4.624906 0.000149
4.633658 0.000150
4.642411 0.000150
4.651163 0.000151
4.659915 0.000151
4.668667 0.000152
4.677419 0.000152
4.686172 0.000153
4.694924 0.000153
4.703676 0.000153
4.712428 0.000154
4.721180 0.000154
4.729932 0.000154
4.738685 0.000155
4.747437 0.000155
4.756189 0.000155
4.764941 0.000155
4.773693 0.000156
4.782446 0.000156
4.791198 0.000156
4.799950 0.000156
4.808702 0.000156
4.817454 0.000156
4.826207 0.000156
4.834959 0.000156
4.843711 0.000156
4.852463 0.000156
4.861215 0.000156
4.869967 0.000156
4.878720 0.000156
4.887472 0.000156
4.896224 0.000156
4.904976 0.000156
4.913728 0.000156
4.922481 0.000156
4.931233 0.000156
4.939985 0.000156
4.948737 0.000156
4.957489 0.000156
4.966242 0.000156
4.974994 0.000156
4.983746 0.000156
4.992498 0.000156
5.001250 0.000156
5.010003 0.000156
5.018755 0.000156
5.027507 0.000156
5.036259 0.000157
5.045011 0.000157
5.053763 0.000157
5.062516 0.000157
5.071268 0.000158
5.080020 0.000158
5.088772 0.000158
5.097524 0.000159
5.106277 0.000159
5.115029 0.000159
5.123781 0.000160
5.132533 0.000160
5.141285 0.000161
5.150038 0.000161
5.158790 0.000162
5.167542 0.000162
5.176294 0.000163
5.185046 0.000164
5.193798 0.000164
5.202551 0.000165
5.211303 0.000166
5.220055 0.000167
5.228807 0.000168
5.237559 0.000169
5.246312 0.000170
5.255064 0.000170
5.263816 0.000172
5.272568 0.000173
5.281320 0.000174
5.290073 0.000175
5.298825 0.000176
5.307577 0.000177
5.316329 0.000179
5.325081 0.000180
5.333833 0.000181
5.342586 0.000183
5.351338 0.000184
5.360090 0.000186
5.368842 0.000187
5.377594 0.000189
5.386347 0.000190
5.395099 0.000192
5.403851 0.000194
5.412603 0.000195
5.421355 0.000197
5.430108 0.000199
5.438860 0.000200
5.447612 0.000202
5.456364 0.000204
5.465116 0.000205
5.473868 0.000207
5.482621 0.000208
5.491373 0.000210
5.500125 0.000211
5.508877 0.000213
5.517629 0.000214
5.526382 0.000215
5.535134 0.000216
5.543886 0.000218
5.552638 0.000219
5.561390 0.000220
5.570143 0.000220
5.578895 0.000221
5.587647 0.000222
5.596399 0.000222
5.605151 0.000223
5.613903 0.000223
5.622656 0.000223
5.631408 0.000223
5.640160 0.000223
5.648912 0.000223
5.657664 0.000223
5.666417 0.000223
5.675169 0.000223
5.683921 0.000222
5.692673 0.000222
5.701425 0.000221
5.710178 0.000221
5.718930 0.000220
5.727682 0.000220
5.736434 0.000219
5.745186 0.000219
5.753938 0.000218
5.762691 0.000217
5.771443 0.000217
5.780195 0.000216
5.788947 0.000216
5.797699 0.000215
5.806452 0.000215
5.815204 0.000214
5.823956 0.000214
5.832708 0.000214
5.841460 0.000213
5.850213 0.000213
5.858965 0.000213
5.867717 0.000213
5.876469 0.000213
5.885221 0.000213
5.893973 0.000213
5.902726 0.000213
5.911478 0.000214
5.920230 0.000214
5.928982 0.000215
5.937734 0.000215
5.946487 0.000216
5.955239 0.000216
5.963991 0.000217
5.972743 0.000218
5.981495 0.000219
5.990248 0.000220
5.999000 0.000221
6.007752 0.000222
6.016504 0.000223
6.025256 0.000225
6.034009 0.000226
6.042761 0.000228
6.051513 0.000229
6.060265 0.000231
6.069017 0.000233
6.077769 0.000234
6.086522 0.000236
6.095274 0.000238
6.104026 0.000241
6.112778 0.000243
6.121530 0.000245
6.130283 0.000248
6.139035 0.000250
6.147787 0.000253
6.156539 0.000256
6.165291 0.000258
6.174044 0.000261
6.182796 0.000265
6.191548 0.000268
6.200300 0.000271
6.209052 0.000275
6.217804 0.000279
6.226557 0.000283
6.235309 0.000287
6.244061 0.000291
6.252813 0.000295
6.261565 0.000300
6.270318 0.000305
6.279070 0.000309
6.287822 0.000315
6.296574 0.000320
6.305326 0.000326
6.314079 0.000332
6.322831 0.000338
6.331583 0.000344
6.340335 0.000351
6.349087 0.000358
6.357839 0.000365
6.366592 0.000373
6.375344 0.000381
6.384096 0.000389
6.392848 0.000398
6.401600 0.000407
6.410353 0.000417
6.419105 0.000427
6.427857 0.000438
6.436609 0.000448
6.445361 0.000460
6.454114 0.000472
6.462866 0.000485
6.471618 0.000498
6.480370 0.000512
6.489122 0.000526
6.497874 0.000541
6.506627 0.000557
6.515379 0.000573
6.524131 0.000590
6.532883 0.000608
6.541635 0.000626
6.550388 0.000646
6.559140 0.000666
6.567892 0.000686
6.576644 0.000708
6.585396 0.000730
6.594149 0.000753
6.602901 0.000777
6.611653 0.000801
6.620405 0.000826
6.629157 0.000852
6.637909 0.000878
6.646662 0.000904
6.655414 0.000931
6.664166 0.000959
6.672918 0.000986
6.681670 0.001014
6.690423 0.001042
6.699175 0.001070
6.707927 0.001098
6.716679 0.001125
6.725431 0.001153
6.734184 0.001179
6.742936 0.001205
6.751688 0.001231
6.760440 0.001256
6.769192 0.001279
6.777944 0.001302
6.786697 0.001324
6.795449 0.001344
6.804201 0.001364
6.812953 0.001382
6.821705 0.001399
6.830458 0.001414
6.839210 0.001428
6.847962 0.001441
6.856714 0.001452
6.865466 0.001462
6.874219 0.001471
6.882971 0.001479
6.891723 0.001486
6.900475 0.001491
6.909227 0.001496
6.917979 0.001500
6.926732 0.001504
6.935484 0.001507
6.944236 0.001510
6.952988 0.001512
6.961740 0.001515
6.970493 0.001517
6.979245 0.001520
6.987997 0.001522
6.996749 0.001525
7.005501 0.001529
7.014254 0.001533
7.023006 0.001537
7.031758 0.001542
7.040510 0.001547
7.049262 0.001553
7.058015 0.001559
7.066767 0.001566
7.075519 0.001572
7.084271 0.001580
7.093023 0.001587
7.101775 0.001594
7.110528 0.001601
7.119280 0.001608
7.128032 0.001614
7.136784 0.001620
7.145536 0.001625
7.154289 0.001630
7.163041 0.001633
7.171793 0.001635
7.180545 0.001636
7.189297 0.001635
7.198050 0.001632
7.206802 0.001628
7.215554 0.001622
7.224306 0.001615
7.233058 0.001605
7.241810 0.001594
7.250563 0.001580
7.259315 0.001565
7.268067 0.001548
7.276819 0.001529
7.285571 0.001508
7.294324 0.001486
7.303076 0.001462
7.311828 0.001437
7.320580 0.001410
7.329332 0.001382
7.338085 0.001353
7.346837 0.001323
7.355589 0.001292
7.364341 0.001261
7.373093 0.001230
7.381845 0.001198
7.390598 0.001165
7.399350 0.001133
7.408102 0.001101
7.416854 0.001069
7.425606 0.001037
7.434359 0.001006
7.443111 0.000975
7.451863 0.000945
7.460615 0.000916
7.469367 0.000887
7.478120 0.000859
7.486872 0.000832
7.495624 0.000805
7.504376 0.000780
7.513128 0.000755
7.521880 0.000731
7.530633 0.000708
7.539385 0.000686
7.548137 0.000665
7.556889 0.000645
7.565641 0.000625
7.574394 0.000607
7.583146 0.000589
7.591898 0.000572
7.600650 0.000555
7.609402 0.000540
7.618155 0.000525
7.626907 0.000510
7.635659 0.000497
7.644411 0.000483
7.653163 0.000471
7.661915 0.000459
7.670668 0.000448
7.679420 0.000437
7.688172 0.000426
7.696924 0.000416
7.705676 0.000407
7.714429 0.000398
7.723181 0.000389
7.731933 0.000381
7.740685 0.000373
7.749437 0.000365
7.758190 0.000358
7.766942 0.000350
7.775694 0.000344
7.784446 0.000337
7.793198 0.000331
7.801950 0.000325
7.810703 0.000319
7.819455 0.000314
7.828207 0.000309
7.836959 0.000303
7.845711 0.000299
7.854464 0.000294
7.863216 0.000289
7.871968 0.000285
7.880720 0.000281
7.889472 0.000277
7.898225 0.000273
7.906977 0.000269
7.915729 0.000265
7.924481 0.000262
7.933233 0.000258
7.941985 0.000255
7.950738 0.000252
7.959490 0.000249
7.968242 0.000246
7.976994 0.000243
7.985746 0.000240
7.994499 0.000238
8.003251 0.000235
8.012003 0.000232
8.020755 0.000230
8.029507 0.000228
8.038260 0.000225
8.047012 0.000223
8.055764 0.000221
8.064516 0.000219
8.073268 0.000217
8.082021 0.000215
8.090773 0.000213
8.099525 0.000211
8.108277 0.000210
8.117029 0.000208
8.125781 0.000206
8.134534 0.000204
8.143286 0.000203
8.152038 0.000201
8.160790 0.000200
8.169542 0.000198
8.178295 0.000197
8.187047 0.000196
8.195799 0.000194
8.204551 0.000193
8.213303 0.000192
8.222056 0.000190
8.230808 0.000189
8.239560 0.000188
8.248312 0.000187
8.257064 0.000186
8.265816 0.000185
8.274569 0.000184
8.283321 0.000183
8.292073 0.000182
8.300825 0.000181
8.309577 0.000180
8.318330 0.000179
8.327082 0.000178
8.335834 0.000177
8.344586 0.000176
8.353338 0.000176
8.362091 0.000175
8.370843 0.000174
8.379595 0.000173
8.388347 0.000173
8.397099 0.000172
8.405851 0.000171
8.414604 0.000171
8.423356 0.000170
8.432108 0.000169
8.440860 0.000169
8.449612 0.000168
8.458365 0.000167
8.467117 0.000167
8.475869 0.000166
8.484621 0.000166
8.493373 0.000165
8.502126 0.000165
8.510878 0.000164
8.519630 0.000164
8.528382 0.000163
8.537134 0.000163
8.545886 0.000162
8.554639 0.000162
8.563391 0.000162
8.572143 0.000161
8.580895 0.000161
8.589647 0.000160
8.598400 0.000160
8.607152 0.000160
8.615904 0.000159
8.624656 0.000159
8.633408 0.000159
8.642161 0.000158
8.650913 0.000158
8.659665 0.000158
8.668417 0.000158
8.677169 0.000157
8.685921 0.000157
8.694674 0.000157
8.703426 0.000156
8.712178 0.000156
8.720930 0.000156
8.729682 0.000156
8.738435 0.000156
8.747187 0.000155
8.755939 0.000155
8.764691 0.000155
8.773443 0.000155
8.782196 0.000155
8.790948 0.000154
8.799700 0.000154
8.808452 0.000154
8.817204 0.000154
8.825956 0.000154
8.834709 0.000154
8.843461 0.000154
8.852213 0.000154
8.860965 0.000153
8.869717 0.000153
8.878470 0.000153
8.887222 0.000153
8.895974 0.000153
8.904726 0.000153
8.913478 0.000153
8.922231 0.000153
8.930983 0.000153
8.939735 0.000153
8.948487 0.000153
8.957239 0.000153
8.965991 0.000153
8.974744 0.000153
8.983496 0.000153
8.992248 0.000153
9.001000 0.000153
9.009752 0.000153
9.018505 0.000153
9.027257 0.000153
9.036009 0.000153
9.044761 0.000153
9.053513 0.000153
9.062266 0.000153
9.071018 0.000153
9.079770 0.000153
9.088522 0.000153
9.097274 0.000153
9.106027 0.000153
9.114779 0.000153
9.123531 0.000153
9.132283 0.000153
9.141035 0.000153
9.149787 0.000153
9.158540 0.000153
9.167292 0.000153
9.176044 0.000153
9.184796 0.000154
9.193548 0.000154
9.202301 0.000154
9.211053 0.000154
9.219805 0.000154
9.228557 0.000154
9.237309 0.000154
9.246062 0.000154
9.254814 0.000155
9.263566 0.000155
9.272318 0.000155
9.281070 0.000155
9.289822 0.000155
9.298575 0.000155
9.307327 0.000155
9.316079 0.000156
9.324831 0.000156
9.333583 0.000156
9.342336 0.000156
9.351088 0.000156
9.359840 0.000156
9.368592 0.000157
9.377344 0.000157
9.386097 0.000157
9.394849 0.000157
9.403601 0.000157
9.412353 0.000158
9.421105 0.000158
9.429857 0.000158
9.438610 0.000158
9.447362 0.000159
9.456114 0.000159
9.464866 0.000159
9.473618 0.000159
9.482371 0.000159
9.491123 0.000160
9.499875 0.000160
9.508627 0.000160
9.517379 0.000160
9.526132 0.000161
9.534884 0.000161
9.543636 0.000161
9.552388 0.000162
9.561140 0.000162
9.569892 0.000162
9.578645 0.000162
9.587397 0.000163
9.596149 0.000163
9.604901 0.000163
9.613653 0.000164
9.622406 0.000164
9.631158 0.000164
9.639910 0.000165
9.648662 0.000165
9.657414 0.000165
9.666167 0.000166
9.674919 0.000166
9.683671 0.000166
9.692423 0.000167
9.701175 0.000167
9.709927 0.000167
9.718680 0.000168
9.727432 0.000168
9.736184 0.000168
9.744936 0.000169
9.753688 0.000169
9.762441 0.000169
9.771193 0.000170
9.779945 0.000170
9.788697 0.000171
9.797449 0.000171
9.806202 0.000171
9.814954 0.000172
9.823706 0.000172
9.832458 0.000173
9.841210 0.000173
9.849962 0.000173
9.858715 0.000174
9.867467 0.000174
9.876219 0.000175
9.884971 0.000175
9.893723 0.000176
9.902476 0.000176
9.911228 0.000176
9.919980 0.000177
9.928732 0.000177
9.937484 0.000178
9.946237 0.000178
9.954989 0.000179
9.963741 0.000179
9.972493 0.000180
9.981245 0.000180
9.989997 0.000181
9.998750 0.000181
10.007502 0.000182
10.016254 0.000182
10.025006 0.000183
10.033758 0.000183
10.042511 0.000184
10.051263 0.000184
10.060015 0.000185
10.068767 0.000185
10.077519 0.000186
10.086272 0.000187
10.095024 0.000187
10.103776 0.000188
10.112528 0.000188
10.121280 0.000189
10.130033 0.000189
10.138785 0.000190
10.147537 0.000191
10.156289 0.000191
10.165041 0.000192
10.173793 0.000192
10.182546 0.000193
10.191298 0.000194
10.200050 0.000194
10.208802 0.000195
10.217554 0.000196
10.226307 0.000196
10.235059 0.000197
10.243811 0.000197
10.252563 0.000198
10.261315 0.000199
10.270068 0.000199
10.278820 0.000200
10.287572 0.000201
10.296324 0.000202
10.305076 0.000202
10.313828 0.000203
10.322581 0.000204
10.331333 0.000204
10.340085 0.000205
10.348837 0.000206
10.357589 0.000207
10.366342 0.000207
10.375094 0.000208
10.383846 0.000209
10.392598 0.000210
10.401350 0.000210
10.410103 0.000211
10.418855 0.000212
10.427607 0.000213
10.436359 0.000213
10.445111 0.000214
10.453863 0.000215
10.462616 0.000216
10.471368 0.000217
10.480120 0.000218
10.488872 0.000218
10.497624 0.000219
10.506377 0.000220
10.515129 0.000221
10.523881 0.000222
10.532633 0.000223
10.541385 0.000224
10.550138 0.000225
10.558890 0.000225
10.567642 0.000226
10.576394 0.000227
10.585146 0.000228
10.593898 0.000229
10.602651 0.000230
10.611403 0.000231
10.620155 0.000232
10.628907 0.000233
10.637659 0.000234
10.646412 0.000235
10.655164 0.000236
10.663916 0.000237
10.672668 0.000238
10.681420 0.000239
10.690173 0.000240
10.698925 0.000241
10.707677 0.000242
10.716429 0.000243
10.725181 0.000244
10.733933 0.000245
10.742686 0.000247
10.751438 0.000248
10.760190 0.000249
10.768942 0.000250
10.777694 0.000251
10.786447 0.000252
10.795199 0.000253
10.803951 0.000255
10.812703 0.000256
10.821455 0.000257
10.830208 0.000258
10.838960 0.000259
10.847712 0.000261
10.856464 0.000262
10.865216 0.000263
10.873968 0.000264
10.882721 0.000266
10.891473 0.000267
10.900225 0.000268
10.908977 0.000270
10.917729 0.000271
10.926482 0.000272
10.935234 0.000274
10.943986 0.000275
10.952738 0.000276
10.961490 0.000278
10.970243 0.000279
10.978995 0.000281
10.987747 0.000282
10.996499 0.000283
11.005251 0.000285
11.014004 0.000286
11.022756 0.000288
11.031508 0.000289
11.040260 0.000291
11.049012 0.000293
11.057764 0.000294
11.066517 0.000296
11.075269 0.000297
11.084021 0.000299
11.092773 0.000300
11.101525 0.000302
11.110278 0.000304
11.119030 0.000305
11.127782 0.000307
11.136534 0.000309
11.145286 0.000311
11.154039 0.000312
11.162791 0.000314
11.171543 0.000316
11.180295 0.000318
11.189047 0.000319
11.197799 0.000321
11.206552 0.000323
11.215304 0.000325
11.224056 0.000327
11.232808 0.000329
11.241560 0.000331
11.250313 0.000333
11.259065 0.000335
11.267817 0.000337
11.276569 0.000339
11.285321 0.000341
11.294074 0.000343
11.302826 0.000345
11.311578 0.000347
11.320330 0.000349
11.329082 0.000351
11.337834 0.000353
11.346587 0.000356
11.355339 0.000358
11.364091 0.000360
11.372843 0.000362
11.381595 0.000365
11.390348 0.000367
11.399100 0.000369
11.407852 0.000372
11.416604 0.000374
11.425356 0.000377
11.434109 0.000379
11.442861 0.000382
11.451613 0.000384
11.460365 0.000387
11.469117 0.000389
11.477869 0.000392
11.486622 0.000394
11.495374 0.000397
11.504126 0.000400
11.512878 0.000403
11.521630 0.000405
11.530383 0.000408
11.539135 0.000411
11.547887 0.000414
11.556639 0.000417
11.565391 0.000420
11.574144 0.000423
11.582896 0.000426
11.591648 0.000429
11.600400 0.000432
11.609152 0.000435
11.617904 0.000438
11.626657 0.000441
11.635409 0.000444
11.644161 0.000448
11.652913 0.000451
11.661665 0.000454
11.670418 0.000458
11.679170 0.000461
11.687922 0.000465
11.696674 0.000468
11.705426 0.000472
11.714179 0.000475
11.722931 0.000479
11.731683 0.000483
11.740435 0.000487
11.749187 0.000490
11.757939 0.000494
11.766692 0.000498
11.775444 0.000502
11.784196 0.000506
11.792948 0.000510
11.801700 0.000514
11.810453 0.000519
11.819205 0.000523
11.827957 0.000527
11.836709 0.000531
11.845461 0.000536
11.854214 0.000540
11.862966 0.000545
11.871718 0.000550
11.880470 0.000554
11.889222 0.000559
11.897974 0.000564
11.906727 0.000569
11.915479 0.000574
11.924231 0.000579
11.932983 0.000584
11.941735 0.000589
11.950488 0.000594
11.959240 0.000599
11.967992 0.000605
11.976744 0.000610
11.985496 0.000616
11.994249 0.000621
12.003001 0.000627
12.011753 0.000633
12.020505 0.000639
12.029257 0.000645
12.038010 0.000651
12.046762 0.000657
12.055514 0.000663
12.064266 0.000670
12.073018 0.000676
12.081770 0.000683
12.090523 0.000689
12.099275 0.000696
12.108027 0.000703
12.116779 0.000710
12.125531 0.000717
12.134284 0.000724
12.143036 0.000732
12.151788 0.000739
12.160540 0.000747
12.169292 0.000755
12.178045 0.000763
12.186797 0.000770
12.195549 0.000779
12.204301 0.000787
12.213053 0.000795
12.221805 0.000804
12.230558 0.000813
12.239310 0.000821
12.248062 0.000830
12.256814 0.000840
12.265566 0.000849
12.274319 0.000858
12.283071 0.000868
12.291823 0.000878
12.300575 0.000888
12.309327 0.000898
12.318080 0.000909
12.326832 0.000919
12.335584 0.000930
12.344336 0.000941
12.353088 0.000952
12.361840 0.000964
12.370593 0.000975
12.379345 0.000987
12.388097 0.000999
12.396849 0.001012
12.405601 0.001024
12.414354 0.001037
12.423106 0.001050
12.431858 0.001064
12.440610 0.001077
12.449362 0.001091
12.458115 0.001106
12.466867 0.001120
12.475619 0.001135
12.484371 0.001150
12.493123 0.001166
12.501875 0.001181
12.510628 0.001197
12.519380 0.001214
12.528132 0.001231
12.536884 0.001248
12.545636 0.001266
12.554389 0.001284
12.563141 0.001302
12.571893 0.001321
12.580645 0.001341
12.589397 0.001360
12.598150 0.001381
12.606902 0.001401
12.615654 0.001423
12.624406 0.001444
12.633158 0.001467
12.641910 0.001489
12.650663 0.001513
12.659415 0.001537
12.668167 0.001561
12.676919 0.001587
12.685671 0.001613
12.694424 0.001639
12.703176 0.001666
12.711928 0.001694
12.720680 0.001723
12.729432 0.001753
12.738185 0.001783
12.746937 0.001814
12.755689 0.001846
12.764441 0.001879
12.773193 0.001913
12.781945 0.001948
12.790698 0.001984
12.799450 0.002021
12.808202 0.002059
12.816954 0.002098
12.825706 0.002139
12.834459 0.002180
12.843211 0.002223
12.851963 0.002268
12.860715 0.002313
12.869467 0.002360
12.878220 0.002409
12.886972 0.002459
12.895724 0.002511
12.904476 0.002565
12.913228 0.002621
12.921980 0.002678
12.930733 0.002738
12.939485 0.002799
12.948237 0.002863
12.956989 0.002929
12.965741 0.002997
12.974494 0.003068
12.983246 0.003142
12.991998 0.003218
13.000750 0.003298
13.009502 0.003380
13.018255 0.003465
13.027007 0.003554
13.035759 0.003647
13.044511 0.003743
13.053263 0.003843
13.062016 0.003948
13.070768 0.004056
13.079520 0.004170
13.088272 0.004288
13.097024 0.004411
13.105776 0.004540
13.114529 0.004674
13.123281 0.004814
13.132033 0.004960
13.140785 0.005113
13.149537 0.005273
13.158290 0.005440
13.167042 0.005615
13.175794 0.005797
13.184546 0.005988
13.193298 0.006188
13.202051 0.006397
13.210803 0.006616
13.219555 0.006844
13.228307 0.007083
13.237059 0.007333
13.245811 0.007594
13.254564 0.007866
13.263316 0.008150
13.272068 0.008446
13.280820 0.008755
13.289572 0.009076
13.298325 0.009410
13.307077 0.009757
13.315829 0.010117
13.324581 0.010490
13.333333 0.010875
13.342086 0.011272
13.350838 0.011682
13.359590 0.012103
13.368342 0.012534
13.377094 0.012975
13.385846 0.013425
13.394599 0.013883
13.403351 0.014348
13.412103 0.014817
13.420855 0.015289
13.429607 0.015763
13.438360 0.016237
13.447112 0.016708
13.455864 0.017175
13.464616 0.017635
13.473368 0.018086
13.482121 0.018525
13.490873 0.018951
13.499625 0.019360
13.508377 0.019750
13.517129 0.020120
13.525881 0.020467
13.534634 0.020789
13.543386 0.021084
13.552138 0.021350
13.560890 0.021587
13.569642 0.021792
13.578395 0.021966
13.587147 0.022108
13.595899 0.022217
13.604651 0.022294
13.613403 0.022339
13.622156 0.022353
13.630908 0.022336
13.639660 0.022291
13.648412 0.022218
13.657164 0.022121
13.665916 0.022000
13.674669 0.021858
13.683421 0.021698
13.692173 0.021522
13.700925 0.021334
13.709677 0.021136
13.718430 0.020930
13.727182 0.020720
13.735934 0.020509
13.744686 0.020300
13.753438 0.020094
13.762191 0.019896
13.770943 0.019707
13.779695 0.019529
13.788447 0.019366
13.797199 0.019219
13.805951 0.019089
13.814704 0.018980
13.823456 0.018891
13.832208 0.018824
13.840960 0.018781
13.849712 0.018762
13.858465 0.018768
13.867217 0.018799
13.875969 0.018856
13.884721 0.018937
13.893473 0.019044
13.902226 0.019175
13.910978 0.019330
13.919730 0.019507
13.928482 0.019706
13.937234 0.019925
13.945986 0.020163
13.954739 0.020417
13.963491 0.020685
13.972243 0.020966
13.980995 0.021256
13.989747 0.021553
13.998500 0.021854
14.007252 0.022157
14.016004 0.022457
14.024756 0.022753
14.033508 0.023040
14.042261 0.023316
14.051013 0.023578
14.059765 0.023822
14.068517 0.024045
14.077269 0.024244
14.086022 0.024417
14.094774 0.024561
14.103526 0.024674
14.112278 0.024754
14.121030 0.024799
14.129782 0.024807
14.138535 0.024779
14.147287 0.024712
14.156039 0.024607
14.164791 0.024464
14.173543 0.024283
14.182296 0.024065
14.191048 0.023811
14.199800 0.023523
14.208552 0.023202
14.217304 0.022850
14.226057 0.022470
14.234809 0.022064
14.243561 0.021634
14.252313 0.021183
14.261065 0.020714
14.269817 0.020229
14.278570 0.019732
14.287322 0.019225
14.296074 0.018710
14.304826 0.018191
14.313578 0.017670
14.322331 0.017149
14.331083 0.016630
14.339835 0.016116
14.348587 0.015608
14.357339 0.015107
14.366092 0.014616
14.374844 0.014136
14.383596 0.013667
14.392348 0.013211
14.401100 0.012768
14.409852 0.012339
14.418605 0.011925
14.427357 0.011526
14.436109 0.011141
14.444861 0.010772
14.453613 0.010418
14.462366 0.010078
14.471118 0.009754
14.479870 0.009444
14.488622 0.009149
14.497374 0.008868
14.506127 0.008600
14.514879 0.008346
14.523631 0.008105
14.532383 0.007876
14.541135 0.007660
14.549887 0.007455
14.558640 0.007262
14.567392 0.007080
14.576144 0.006908
14.584896 0.006746
14.593648 0.006595
14.602401 0.006453
14.611153 0.006320
14.619905 0.006196
14.628657 0.006081
14.637409 0.005974
14.646162 0.005876
14.654914 0.005785
14.663666 0.005703
14.672418 0.005627
14.681170 0.005560
14.689922 0.005499
14.698675 0.005446
14.707427 0.005399
14.716179 0.005359
14.724931 0.005326
14.733683 0.005300
14.742436 0.005279
14.751188 0.005265
14.759940 0.005258
14.768692 0.005256
14.777444 0.005260
14.786197 0.005270
14.794949 0.005285
14.803701 0.005306
14.812453 0.005332
14.821205 0.005362
14.829957 0.005397
14.838710 0.005436
14.847462 0.005480
14.856214 0.005526
14.864966 0.005576
14.873718 0.005628
14.882471 0.005682
14.891223 0.005738
14.899975 0.005795
14.908727 0.005852
14.917479 0.005909
14.926232 0.005965
14.934984 0.006020
14.943736 0.006072
14.952488 0.006122
14.961240 0.006168
14.969992 0.006210
14.978745 0.006248
14.987497 0.006280
14.996249 0.006306
15.005001 0.006326
15.013753 0.006339
15.022506 0.006345
15.031258 0.006343
15.040010 0.006333
15.048762 0.006316
15.057514 0.006290
15.066267 0.006255
15.075019 0.006213
15.083771 0.006162
15.092523 0.006104
15.101275 0.006038
15.110028 0.005964
15.118780 0.005884
15.127532 0.005797
15.136284 0.005704
15.145036 0.005605
15.153788 0.005501
15.162541 0.005393
15.171293 0.005281
15.180045 0.005166
15.188797 0.005049
15.197549 0.004929
15.206302 0.004808
15.215054 0.004685
15.223806 0.004563
15.232558 0.004440
15.241310 0.004318
15.250063 0.004198
15.258815 0.004078
15.267567 0.003960
15.276319 0.003844
15.285071 0.003731
15.293823 0.003620
15.302576 0.003512
15.311328 0.003406
15.320080 0.003304
15.328832 0.003205
15.337584 0.003109
15.346337 0.003016
15.355089 0.002926
15.363841 0.002840
15.372593 0.002757
15.381345 0.002676
15.390098 0.002599
15.398850 0.002525
15.407602 0.002454
15.416354 0.002386
15.425106 0.002320
15.433858 0.002257
15.442611 0.002197
15.451363 0.002139
15.460115 0.002084
15.468867 0.002031
15.477619 0.001980
15.486372 0.001931
15.495124 0.001884
15.503876 0.001839
15.512628 0.001795
15.521380 0.001754
15.530133 0.001714
15.538885 0.001676
15.547637 0.001639
15.556389 0.001603
15.565141 0.001569
15.573893 0.001536
15.582646 0.001505
15.591398 0.001474
15.600150 0.001445
15.608902 0.001417
15.617654 0.001389
15.626407 0.001363
15.635159 0.001338
15.643911 0.001313
15.652663 0.001289
15.661415 0.001267
15.670168 0.001244
15.678920 0.001223
15.687672 0.001202
15.696424 0.001182
15.705176 0.001163
15.713928 0.001144
15.722681 0.001126
15.731433 0.001108
15.740185 0.001091
15.748937 0.001074
15.757689 0.001058
15.766442 0.001042
15.775194 0.001027
15.783946 0.001012
15.792698 0.000998
15.801450 0.000984
15.810203 0.000970
15.818955 0.000957
15.827707 0.000944
15.836459 0.000932
15.845211 0.000919
15.853963 0.000908
15.862716 0.000896
15.871468 0.000885
15.880220 0.000874
15.888972 0.000863
15.897724 0.000853
15.906477 0.000843
15.915229 0.000833
15.923981 0.000824
15.932733 0.000814
15.941485 0.000805
15.950238 0.000797
15.958990 0.000788
15.967742 0.000780
15.976494 0.000772
15.985246 0.000764
15.993998 0.000756
16.002751 0.000749
16.011503 0.000741
16.020255 0.000734
16.029007 0.000728
16.037759 0.000721
16.046512 0.000714
16.055264 0.000708
16.064016 0.000702
16.072768 0.000696
16.081520 0.000691
16.090273 0.000685
16.099025 0.000680
16.107777 0.000675
16.116529 0.000670
16.125281 0.000665
16.134034 0.000660
16.142786 0.000656
16.151538 0.000652
16.160290 0.000648
16.169042 0.000644
16.177794 0.000640
16.186547 0.000637
16.195299 0.000634
16.204051 0.000631
16.212803 0.000628
16.221555 0.000625
16.230308 0.000623
16.239060 0.000621
16.247812 0.000619
16.256564 0.000617
16.265316 0.000616
16.274069 0.000615
16.282821 0.000614
16.291573 0.000613
16.300325 0.000612
16.309077 0.000612
16.317829 0.000612
16.326582 0.000612
16.335334 0.000613
16.344086 0.000614
16.352838 0.000615
16.361590 0.000616
16.370343 0.000618
16.379095 0.000619
16.387847 0.000621
16.396599 0.000623
16.405351 0.000626
16.414104 0.000628
16.422856 0.000631
16.431608 0.000634
16.440360 0.000637
16.449112 0.000641
16.457864 0.000644
16.466617 0.000647
16.475369 0.000651
16.484121 0.000654
16.492873 0.000657
16.501625 0.000661
16.510378 0.000664
16.519130 0.000667
16.527882 0.000670
16.536634 0.000673
16.545386 0.000675
16.554139 0.000677
16.562891 0.000679
16.571643 0.000681
16.580395 0.000682
16.589147 0.000682
16.597899 0.000683
16.606652 0.000682
16.615404 0.000682
16.624156 0.000681
16.632908 0.000679
16.641660 0.000677
16.650413 0.000674
16.659165 0.000671
16.667917 0.000668
16.676669 0.000664
16.685421 0.000659
16.694174 0.000655
16.702926 0.000650
16.711678 0.000644
16.720430 0.000638
16.729182 0.000632
16.737934 0.000626
16.746687 0.000620
16.755439 0.000613
16.764191 0.000607
16.772943 0.000600
16.781695 0.000593
16.790448 0.000586
16.799200 0.000580
16.807952 0.000573
16.816704 0.000567
16.825456 0.000560
16.834209 0.000554
16.842961 0.000548
16.851713 0.000542
16.860465 0.000537
16.869217 0.000532
16.877969 0.000526
16.886722 0.000522
16.895474 0.000517
16.904226 0.000513
16.912978 0.000509
16.921730 0.000505
16.930483 0.000502
16.939235 0.000498
16.947987 0.000495
16.956739 0.000492
16.965491 0.000490
16.974244 0.000487
16.982996 0.000485
16.991748 0.000483
17.000500 0.000481
17.009252 0.000479
17.018005 0.000477
17.026757 0.000475
17.035509 0.000473
17.044261 0.000472
17.053013 0.000470
17.061765 0.000468
17.070518 0.000466
17.079270 0.000464
17.088022 0.000462
17.096774 0.000460
17.105526 0.000457
17.114279 0.000455
17.123031 0.000452
17.131783 0.000450
17.140535 0.000447
17.149287 0.000444
17.158040 0.000440
17.166792 0.000437
17.175544 0.000434
17.184296 0.000430
17.193048 0.000426
17.201800 0.000422
17.210553 0.000418
17.219305 0.000414
17.228057 0.000410
17.236809 0.000406
17.245561 0.000401
17.254314 0.000397
17.263066 0.000393
17.271818 0.000388
17.280570 0.000384
17.289322 0.000380
17.298075 0.000375
17.306827 0.000371
17.315579 0.000367
17.324331 0.000363
17.333083 0.000359
17.341835 0.000355
17.350588 0.000351
17.359340 0.000347
17.368092 0.000343
17.376844 0.000339
17.385596 0.000336
17.394349 0.000332
17.403101 0.000329
17.411853 0.000325
17.420605 0.000322
17.429357 0.000319
17.438110 0.000316
17.446862 0.000313
17.455614 0.000310
17.464366 0.000307
17.473118 0.000304
17.481870 0.000302
17.490623 0.000299
17.499375 0.000297
17.508127 0.000294
17.516879 0.000292
17.525631 0.000289
17.534384 0.000287
17.543136 0.000285
17.551888 0.000283
17.560640 0.000281
17.569392 0.000279
17.578145 0.000277
17.586897 0.000275
17.595649 0.000274
17.604401 0.000272
17.613153 0.000271
17.621905 0.000269
17.630658 0.000268
17.639410 0.000267
17.648162 0.000265
17.656914 0.000264
17.665666 0.000263
17.674419 0.000262
17.683171 0.000261
17.691923 0.000261
17.700675 0.000260
17.709427 0.000259
17.718180 0.000259
17.726932 0.000258
17.735684 0.000258
17.744436 0.000257
17.753188 0.000257
17.761940 0.000257
17.770693 0.000257
17.779445 0.000256
17.788197 0.000256
17.796949 0.000256
17.805701 0.000256
17.814454 0.000256
17.823206 0.000256
17.831958 0.000256
17.840710 0.000256
17.849462 0.000256
17.858215 0.000256
17.866967 0.000255
17.875719 0.000255
17.884471 0.000255
17.893223 0.000255
17.901975 0.000255
17.910728 0.000254
17.919480 0.000254
17.928232 0.000254
17.936984 0.000254
17.945736 0.000253
17.954489 0.000253
17.963241 0.000252
17.971993 0.000252
17.980745 0.000252
17.989497 0.000251
17.998250 0.000251
18.007002 0.000250
18.015754 0.000250
18.024506 0.000250
18.033258 0.000249
18.042011 0.000249
18.050763 0.000248
18.059515 0.000248
18.068267 0.000248
18.077019 0.000248
18.085771 0.000247
18.094524 0.000247
18.103276 0.000247
18.112028 0.000247
18.120780 0.000246
18.129532 0.000246
18.138285 0.000246
18.147037 0.000246
18.155789 0.000246
18.164541 0.000245
18.173293 0.000245
18.182046 0.000245
18.190798 0.000244
18.199550 0.000244
18.208302 0.000243
18.217054 0.000243
18.225806 0.000242
18.234559 0.000241
18.243311 0.000241
18.252063 0.000240
18.260815 0.000239
18.269567 0.000237
18.278320 0.000236
18.287072 0.000235
18.295824 0.000233
18.304576 0.000232
18.313328 0.000230
18.322081 0.000228
18.330833 0.000226
18.339585 0.000224
18.348337 0.000222
18.357089 0.000220
18.365841 0.000217
18.374594 0.000215
18.383346 0.000213
18.392098 0.000210
18.400850 0.000208
18.409602 0.000205
18.418355 0.000203
18.427107 0.000200
18.435859 0.000198
18.444611 0.000195
18.453363 0.000193
18.462116 0.000190
18.470868 0.000188
18.479620 0.000185
18.488372 0.000183
18.497124 0.000181
18.505876 0.000178
18.514629 0.000176
18.523381 0.000174
18.532133 0.000172
18.540885 0.000170
18.549637 0.000168
18.558390 0.000166
18.567142 0.000164
18.575894 0.000162
18.584646 0.000160
18.593398 0.000158
18.602151 0.000157
18.610903 0.000155
18.619655 0.000153
18.628407 0.000152
18.637159 0.000150
18.645911 0.000149
18.654664 0.000148
18.663416 0.000146
18.672168 0.000145
18.680920 0.000144
18.689672 0.000142
18.698425 0.000141
18.707177 0.000140
18.715929 0.000139
18.724681 0.000138
18.733433 0.000137
18.742186 0.000136
18.750938 0.000135
18.759690 0.000134
18.768442 0.000133
18.777194 0.000132
18.785946 0.000131
18.794699 0.000130
18.803451 0.000129
18.812203 0.000128
18.820955 0.000128
18.829707 0.000127
18.838460 0.000126
18.847212 0.000125
18.855964 0.000125
18.864716 0.000124
18.873468 0.000123
18.882221 0.000122
18.890973 0.000122
18.899725 0.000121
18.908477 0.000120
18.917229 0.000120
18.925981 0.000119
18.934734 0.000119
18.943486 0.000118
18.952238 0.000117
18.960990 0.000117
18.969742 0.000116
18.978495 0.000116
18.987247 0.000115
18.995999 0.000114
19.004751 0.000114
19.013503 0.000113
19.022256 0.000113
19.031008 0.000112
19.039760 0.000112
19.048512 0.000111
19.057264 0.000111
19.066017 0.000110
19.074769 0.000110
19.083521 0.000109
19.092273 0.000109
19.101025 0.000108
19.109777 0.000108
19.118530 0.000107
19.127282 0.000107
19.136034 0.000107
19.144786 0.000106
19.153538 0.000106
19.162291 0.000105
19.171043 0.000105
19.179795 0.000104
19.188547 0.000104
19.197299 0.000104
19.206052 0.000103
19.214804 0.000103
19.223556 0.000102
19.232308 0.000102
19.241060 0.000102
19.249812 0.000101
19.258565 0.000101
19.267317 0.000100
19.276069 0.000100
19.284821 0.000100
19.293573 0.000099
19.302326 0.000099
19.311078 0.000099
19.319830 0.000098
19.328582 0.000098
19.337334 0.000097
19.346087 0.000097
19.354839 0.000097
19.363591 0.000096
19.372343 0.000096
19.381095 0.000096
19.389847 0.000095
19.398600 0.000095
19.407352 0.000095
19.416104 0.000094
19.424856 0.000094
19.433608 0.000094
19.442361 0.000093
19.451113 0.000093
19.459865 0.000093
19.468617 0.000092
19.477369 0.000092
19.486122 0.000092
19.494874 0.000092
19.503626 0.000091
19.512378 0.000091
19.521130 0.000091
19.529882 0.000090
19.538635 0.000090
19.547387 0.000090
19.556139 0.000089
19.564891 0.000089
19.573643 0.000089
19.582396 0.000089
19.591148 0.000088
19.599900 0.000088
19.608652 0.000088
19.617404 0.000087
19.626157 0.000087
19.634909 0.000087
19.643661 0.000087
19.652413 0.000086
19.661165 0.000086
19.669917 0.000086
19.678670 0.000086
19.687422 0.000085
19.696174 0.000085
19.704926 0.000085
19.713678 0.000085
19.722431 0.000084
19.731183 0.000084
19.739935 0.000084
19.748687 0.000084
19.757439 0.000083
19.766192 0.000083
19.774944 0.000083
19.783696 0.000083
19.792448 0.000082
19.801200 0.000082
19.809952 0.000082
19.818705 0.000082
19.827457 0.000081
19.836209 0.000081
19.844961 0.000081
19.853713 0.000081
19.862466 0.000080
19.871218 0.000080
19.879970 0.000080
19.888722 0.000080
19.897474 0.000080
19.906227 0.000079
19.914979 0.000079
19.923731 0.000079
19.932483 0.000079
19.941235 0.000078
19.949987 0.000078
19.958740 0.000078
19.967492 0.000078
19.976244 0.000078
19.984996 0.000077
19.993748 0.000077
20.002501 0.000077
20.011253 0.000077
20.020005 0.000076
20.028757 0.000076
20.037509 0.000076
20.046262 0.000076
20.055014 0.000076
20.063766 0.000075
20.072518 0.000075
20.081270 0.000075
20.090023 0.000075
20.098775 0.000075
20.107527 0.000074
20.116279 0.000074
20.125031 0.000074
20.133783 0.000074
20.142536 0.000074
20.151288 0.000074
20.160040 0.000073
20.168792 0.000073
20.177544 0.000073
20.186297 0.000073
20.195049 0.000073
20.203801 0.000072
20.212553 0.000072
20.221305 0.000072
20.230058 0.000072
20.238810 0.000072
20.247562 0.000071
20.256314 0.000071
20.265066 0.000071
20.273818 0.000071
20.282571 0.000071
20.291323 0.000071
20.300075 0.000070
20.308827 0.000070
20.317579 0.000070
20.326332 0.000070
20.335084 0.000070
20.343836 0.000070
20.352588 0.000069
20.361340 0.000069
20.370093 0.000069
20.378845 0.000069
20.387597 0.000069
20.396349 0.000069
20.405101 0.000068
20.413853 0.000068
20.422606 0.000068
20.431358 0.000068
20.440110 0.000068
20.448862 0.000068
20.457614 0.000067
20.466367 0.000067
20.475119 0.000067
20.483871 0.000067
20.492623 0.000067
20.501375 0.000067
20.510128 0.000067
20.518880 0.000066
20.527632 0.000066
20.536384 0.000066
20.545136 0.000066
20.553888 0.000066
20.562641 0.000066
20.571393 0.000065
20.580145 0.000065
20.588897 0.000065
20.597649 0.000065
20.606402 0.000065
20.615154 0.000065
20.623906 0.000065
20.632658 0.000064
20.641410 0.000064
20.650163 0.000064
20.658915 0.000064
20.667667 0.000064
20.676419 0.000064
20.685171 0.000064
20.693923 0.000064
20.702676 0.000063
20.711428 0.000063
20.720180 0.000063
20.728932 0.000063
20.737684 0.000063
20.746437 0.000063
20.755189 0.000063
20.763941 0.000062
20.772693 0.000062
20.781445 0.000062
20.790198 0.000062
20.798950 0.000062
20.807702 0.000062
20.816454 0.000062
20.825206 0.000062
20.833958 0.000061
20.842711 0.000061
20.851463 0.000061
20.860215 0.000061
20.868967 0.000061
20.877719 0.000061
20.886472 0.000061
20.895224 0.000061
20.903976 0.000060
20.912728 0.000060
20.921480 0.000060
20.930233 0.000060
20.938985 0.000060
20.947737 0.000060
20.956489 0.000060
20.965241 0.000060
20.973993 0.000060
20.982746 0.000059
20.991498 0.000059
21.000250 0.000059
21.009002 0.000059
21.017754 0.000059
21.026507 0.000059
21.035259 0.000059
21.044011 0.000059
21.052763 0.000059
21.061515 0.000058
21.070268 0.000058
21.079020 0.000058
21.087772 0.000058
21.096524 0.000058
21.105276 0.000058
21.114029 0.000058
21.122781 0.000058
21.131533 0.000058
21.140285 0.000058
21.149037 0.000057
21.157789 0.000057
21.166542 0.000057
21.175294 0.000057
21.184046 0.000057
21.192798 0.000057
21.201550 0.000057
21.210303 0.000057
21.219055 0.000057
21.227807 0.000057
21.236559 0.000057
21.245311 0.000056
21.254064 0.000056
21.262816 0.000056
21.271568 0.000056
21.280320 0.000056
21.289072 0.000056
21.297824 0.000056
21.306577 0.000056
21.315329 0.000056
21.324081 0.000056
21.332833 0.000056
21.341585 0.000056
21.350338 0.000055
21.359090 0.000055
21.367842 0.000055
21.376594 0.000055
21.385346 0.000055
21.394099 0.000055
21.402851 0.000055
21.411603 0.000055
21.420355 0.000055
21.429107 0.000055
21.437859 0.000055
21.446612 0.000055
21.455364 0.000055
21.464116 0.000055
21.472868 0.000055
21.481620 0.000055
21.490373 0.000054
21.499125 0.000054
21.507877 0.000054
21.516629 0.000054
21.525381 0.000054
21.534134 0.000054
21.542886 0.000054
21.551638 0.000054
21.560390 0.000054
21.569142 0.000054
21.577894 0.000054
21.586647 0.000054
21.595399 0.000054
21.604151 0.000054
21.612903 0.000054
21.621655 0.000054
21.630408 0.000054
21.639160 0.000054
21.647912 0.000054
21.656664 0.000054
21.665416 0.000054
21.674169 0.000054
21.682921 0.000054
21.691673 0.000054
21.700425 0.000054
21.709177 0.000054
21.717929 0.000054
21.726682 0.000054
21.735434 0.000054
21.744186 0.000054
21.752938 0.000054
21.761690 0.000054
21.770443 0.000054
21.779195 0.000054
21.787947 0.000054
21.796699 0.000054
21.805451 0.000054
21.814204 0.000054
21.822956 0.000054
21.831708 0.000054
21.840460 0.000055
21.849212 0.000055
21.857964 0.000055
21.866717 0.000055
21.875469 0.000055
21.884221 0.000055
21.892973 0.000055
21.901725 0.000055
21.910478 0.000055
21.919230 0.000055
21.927982 0.000055
21.936734 0.000055
21.945486 0.000055
21.954239 0.000055
21.962991 0.000055
21.971743 0.000055
21.980495 0.000055
21.989247 0.000055
21.997999 0.000055
22.006752 0.000055
22.015504 0.000055
22.024256 0.000055
22.033008 0.000055
22.041760 0.000054
22.050513 0.000054
22.059265 0.000054
22.068017 0.000054
22.076769 0.000054
22.085521 0.000054
22.094274 0.000054
22.103026 0.000054
22.111778 0.000054
22.120530 0.000054
22.129282 0.000053
22.138035 0.000053
22.146787 0.000053
22.155539 0.000053
22.164291 0.000053
22.173043 0.000053
22.181795 0.000053
22.190548 0.000053
22.199300 0.000053
22.208052 0.000052
22.216804 0.000052
22.225556 0.000052
22.234309 0.000052
22.243061 0.000052
22.251813 0.000052
22.260565 0.000052
22.269317 0.000052
22.278070 0.000052
22.286822 0.000052
22.295574 0.000052
22.304326 0.000051
22.313078 0.000051
22.321830 0.000051
22.330583 0.000051
22.339335 0.000051
22.348087 0.000051
22.356839 0.000051
22.365591 0.000051
22.374344 0.000051
22.383096 0.000051
22.391848 0.000051
22.400600 0.000051
22.409352 0.000051
22.418105 0.000051
22.426857 0.000051
22.435609 0.000051
22.444361 0.000051
22.453113 0.000051
22.461865 0.000051
22.470618 0.000051
22.479370 0.000051
22.488122 0.000051
22.496874 0.000051
22.505626 0.000051
22.514379 0.000051
22.523131 0.000051
22.531883 0.000051
22.540635 0.000051
22.549387 0.000051
22.558140 0.000051
22.566892 0.000052
22.575644 0.000052
22.584396 0.000052
22.593148 0.000052
22.601900 0.000052
22.610653 0.000052
22.619405 0.000052
22.628157 0.000052
22.636909 0.000052
22.645661 0.000052
22.654414 0.000052
22.663166 0.000052
22.671918 0.000052
22.680670 0.000052
22.689422 0.000052
22.698175 0.000053
22.706927 0.000053
22.715679 0.000053
22.724431 0.000053
22.733183 0.000053
22.741935 0.000053
22.750688 0.000053
22.759440 0.000053
22.768192 0.000053
22.776944 0.000053
22.785696 0.000053
22.794449 0.000054
22.803201 0.000054
22.811953 0.000054
22.820705 0.000054
22.829457 0.000054
22.838210 0.000054
22.846962 0.000054
22.855714 0.000054
22.864466 0.000054
22.873218 0.000055
22.881970 0.000055
22.890723 0.000055
22.899475 0.000055
22.908227 0.000055
22.916979 0.000055
22.925731 0.000055
22.934484 0.000056
22.943236 0.000056
22.951988 0.000056
22.960740 0.000056
22.969492 0.000056
22.978245 0.000056
22.986997 0.000057
22.995749 0.000057
23.004501 0.000057
23.013253 0.000057
23.022006 0.000057
23.030758 0.000058
23.039510 0.000058
23.048262 0.000058
23.057014 0.000058
23.065766 0.000059
23.074519 0.000059
23.083271 0.000059
23.092023 0.000059
23.100775 0.000060
23.109527 0.000060
23.118280 0.000060
23.127032 0.000061
23.135784 0.000061
23.144536 0.000061
23.153288 0.000062
23.162041 0.000062
23.170793 0.000062
23.179545 0.000063
23.188297 0.000063
23.197049 0.000064
23.205801 0.000064
23.214554 0.000064
23.223306 0.000065
23.232058 0.000065
23.240810 0.000066
23.249562 0.000066
23.258315 0.000067
23.267067 0.000067
23.275819 0.000068
23.284571 0.000068
23.293323 0.000069
23.302076 0.000070
23.310828 0.000070
23.319580 0.000071
23.328332 0.000071
23.337084 0.000072
23.345836 0.000073
23.354589 0.000073
23.363341 0.000074
23.372093 0.000075
23.380845 0.000076
23.389597 0.000076
23.398350 0.000077
23.407102 0.000078
23.415854 0.000079
23.424606 0.000080
23.433358 0.000081
23.442111 0.000082
23.450863 0.000083
23.459615 0.000084
23.468367 0.000085
23.477119 0.000086
23.485871 0.000087
23.494624 0.000088
23.503376 0.000090
23.512128 0.000091
23.520880 0.000092
23.529632 0.000094
23.538385 0.000095
23.547137 0.000097
23.555889 0.000098
23.564641 0.000100
23.573393 0.000102
23.582146 0.000103
23.590898 0.000105
23.599650 0.000107
23.608402 0.000109
23.617154 0.000111
23.625906 0.000114
23.634659 0.000116
23.643411 0.000118
23.652163 0.000121
23.660915 0.000123
23.669667 0.000126
23.678420 0.000129
23.687172 0.000132
23.695924 0.000135
23.704676 0.000138
23.713428 0.000142
23.722181 0.000145
23.730933 0.000149
23.739685 0.000153
23.748437 0.000157
23.757189 0.000161
23.765941 0.000166
23.774694 0.000171
23.783446 0.000175
23.792198 0.000181
23.800950 0.000186
23.809702 0.000191
23.818455 0.000197
23.827207 0.000203
23.835959 0.000209
23.844711 0.000216
23.853463 0.000223
23.862216 0.000230
23.870968 0.000237
23.879720 0.000244
23.888472 0.000252
23.897224 0.000260
23.905976 0.000268
23.914729 0.000277
23.923481 0.000285
23.932233 0.000294
23.940985 0.000303
23.949737 0.000313
23.958490 0.000322
23.967242 0.000332
23.975994 0.000342
23.984746 0.000352
23.993498 0.000362
24.002251 0.000372
24.011003 0.000382
24.019755 0.000392
24.028507 0.000402
24.037259 0.000413
24.046012 0.000423
24.054764 0.000433
24.063516 0.000444
24.072268 0.000454
24.081020 0.000464
24.089772 0.000474
24.098525 0.000483
24.107277 0.000493
24.116029 0.000502
24.124781 0.000512
24.133533 0.000520
24.142286 0.000529
24.151038 0.000538
24.159790 0.000546
24.168542 0.000553
24.177294 0.000561
24.186047 0.000568
24.194799 0.000574
24.203551 0.000580
24.212303 0.000586
24.221055 0.000591
24.229807 0.000595
24.238560 0.000599
24.247312 0.000602
24.256064 0.000605
24.264816 0.000606
24.273568 0.000608
24.282321 0.000608
24.291073 0.000608
24.299825 0.000606
24.308577 0.000604
24.317329 0.000602
24.326082 0.000598
24.334834 0.000594
24.343586 0.000589
24.352338 0.000583
24.361090 0.000576
24.369842 0.000569
24.378595 0.000561
24.387347 0.000552
24.396099 0.000543
24.404851 0.000533
24.413603 0.000523
24.422356 0.000512
24.431108 0.000501
24.439860 0.000490
24.448612 0.000478
24.457364 0.000466
24.466117 0.000454
24.474869 0.000441
24.483621 0.000429
24.492373 0.000416
24.501125 0.000404
24.509877 0.000392
24.518630 0.000380
24.527382 0.000368
24.536134 0.000356
24.544886 0.000344
24.553638 0.000333
24.562391 0.000322
24.571143 0.000311
24.579895 0.000301
24.588647 0.000290
24.597399 0.000281
24.606152 0.000271
24.614904 0.000262
24.623656 0.000253
24.632408 0.000245
24.641160 0.000236
24.649912 0.000229
24.658665 0.000221
24.667417 0.000214
24.676169 0.000207
24.684921 0.000200
24.693673 0.000194
24.702426 0.000188
24.711178 0.000182
24.719930 0.000177
24.728682 0.000171
24.737434 0.000166
24.746187 0.000161
24.754939 0.000156
24.763691 0.000152
24.772443 0.000147
24.781195 0.000143
24.789947 0.000139
24.798700 0.000135
24.807452 0.000131
24.816204 0.000127
24.824956 0.000123
24.833708 0.000120
24.842461 0.000116
24.851213 0.000112
24.859965 0.000109
24.868717 0.000105
24.877469 0.000101
24.886222 0.000098
24.894974 0.000094
24.903726 0.000090
24.912478 0.000086
24.921230 0.000082
24.929982 0.000078
24.938735 0.000074
24.947487 0.000070
24.956239 0.000066
24.964991 0.000062
24.973743 0.000058
24.982496 0.000054
24.991248 0.000051

Sticks
-3.715929 0.038502
-3.689672 0.033362
-3.217054 0.006128
-2.796949 0.000056
-2.718180 0.000193
-1.816704 0.006682
-1.134034 0.000055
-0.862716 0.000125
-0.285071 0.000161
-0.066267 0.000314
0.222556 0.000185
0.572643 0.000433
1.421605 0.000027
1.552888 0.000063
4.694924 0.000002
4.782446 0.000013
5.150038 0.000004
5.473868 0.000010
5.613903 0.000043
5.963991 0.000001
6.839210 0.000338
6.847962 0.000403
7.233058 0.000918
13.595899 0.014052
14.147287 0.016123
15.057514 0.003452
16.632908 0.000212
17.131783 0.000099
17.464366 0.000016
17.910728 0.000035
18.269567 0.000056
21.962991 0.000001
21.997999 0.000002
22.033008 0.000001
22.671918 0.000000
22.803201 0.000001
23.319580 0.000001
24.107277 0.000150
24.326082 0.000337
