-10.000000 0.000182
-9.991248 0.000195
-9.982496 0.000207
-9.973743 0.000219
-9.964991 0.000231
-9.956239 0.000243
-9.947487 0.000254
-9.938735 0.000264
-9.929982 0.000275
-9.921230 0.000284
-9.912478 0.000293
-9.903726 0.000301
-9.894974 0.000309
-9.886222 0.000316
-9.877469 0.000323
-9.868717 0.000328
-9.859965 0.000334
-9.851213 0.000339
-9.842461 0.000343
-9.833708 0.000347
-9.824956 0.000350
-9.816204 0.000354
-9.807452 0.000356
-9.798700 0.000359
-9.789947 0.000361
-9.781195 0.000363
-9.772443 0.000365
-9.763691 0.000367
-9.754939 0.000368
-9.746187 0.000370
-9.737434 0.000371
-9.728682 0.000372
-9.719930 0.000374
-9.711178 0.000375
-9.702426 0.000376
-9.693673 0.000377
-9.684921 0.000378
-9.676169 0.000379
-9.667417 0.000380
-9.658665 0.000381
-9.649912 0.000382
-9.641160 0.000383
-9.632408 0.000384
-9.623656 0.000385
-9.614904 0.000386
-9.606152 0.000387
-9.597399 0.000388
-9.588647 0.000390
-9.579895 0.000391
-9.571143 0.000392
-9.562391 0.000393
-9.553638 0.000394
-9.544886 0.000395
-9.536134 0.000396
-9.527382 0.000397
-9.518630 0.000398
-9.509877 0.000399
-9.501125 0.000400
-9.492373 0.000401
-9.483621 0.000402
-9.474869 0.000404
-9.466117 0.000405
-9.457364 0.000406
-9.448612 0.000407
-9.439860 0.000408
-9.431108 0.000409
-9.422356 0.000410
-9.413603 0.000411
-9.404851 0.000413
-9.396099 0.000414
-9.387347 0.000415
-9.378595 0.000416
-9.369842 0.000417
-9.361090 0.000418
-9.352338 0.000419
-9.343586 0.000421
-9.334834 0.000422
-9.326082 0.000423
-9.317329 0.000424
-9.308577 0.000425
-9.299825 0.000427
-9.291073 0.000428
-9.282321 0.000429
-9.273568 0.000430
-9.264816 0.000431
-9.256064 0.000433
-9.247312 0.000434
-9.238560 0.000435
-9.229807 0.000436
-9.221055 0.000438
-9.212303 0.000439
-9.203551 0.000440
-9.194799 0.000441
-9.186047 0.000443
-9.177294 0.000444
-9.168542 0.000445
-9.159790 0.000447
-9.151038 0.000448
-9.142286 0.000449
-9.133533 0.000450
-9.124781 0.000452
-9.116029 0.000453
-9.107277 0.000454
-9.098525 0.000456
-9.089772 0.000457
-9.081020 0.000458
-9.072268 0.000460
-9.063516 0.000461
-9.054764 0.000462
-9.046012 0.000464
-9.037259 0.000465
-9.028507 0.000467
-9.019755 0.000468
-9.011003 0.000469
-9.002251 0.000471
-8.993498 0.000472
-8.984746 0.000474
-8.975994 0.000475
-8.967242 0.000476
-8.958490 0.000478
-8.949737 0.000479
-8.940985 0.000481
-8.932233 0.000482
-8.923481 0.000484
-8.914729 0.000485
-8.905976 0.000487
-8.897224 0.000488
-8.888472 0.000489
-8.879720 0.000491
-8.870968 0.000492
-8.862216 0.000494
-8.853463 0.000495
-8.844711 0.000497
-8.835959 0.000499
-8.827207 0.000500
-8.818455 0.000502
-8.809702 0.000503
-8.800950 0.000505
-8.792198 0.000506
-8.783446 0.000508
-8.774694 0.000509
-8.765941 0.000511
-8.757189 0.000513
-8.748437 0.000514
-8.739685 0.000516
-8.730933 0.000517
-8.722181 0.000519
-8.713428 0.000521
-8.704676 0.000522
-8.695924 0.000524
-8.687172 0.000526
-8.678420 0.000527
-8.669667 0.000529
-8.660915 0.000531
-8.652163 0.000532
-8.643411 0.000534
-8.634659 0.000536
-8.625906 0.000537
-8.617154 0.000539
-8.608402 0.000541
-8.599650 0.000543
-8.590898 0.000544
-8.582146 0.000546
-8.573393 0.000548
-8.564641 0.000550
-8.555889 0.000551
-8.547137 0.000553
-8.538385 0.000555
-8.529632 0.000557
-8.520880 0.000559
-8.512128 0.000560
-8.503376 0.000562
-8.494624 0.000564
-8.485871 0.000566
-8.477119 0.000568
-8.468367 0.000570
-8.459615 0.000572
-8.450863 0.000574
-8.442111 0.000575
-8.433358 0.000577
-8.424606 0.000579
-8.415854 0.000581
-8.407102 0.000583
-8.398350 0.000585
-8.389597 0.000587
-8.380845 0.000589
-8.372093 0.000591
-8.363341 0.000593
-8.354589 0.000595
-8.345836 0.000597
-8.337084 0.000599
-8.328332 0.000601
-8.319580 0.000603
-8.310828 0.000605
-8.302076 0.000607
-8.293323 0.000609
-8.284571 0.000611
-8.275819 0.000614
-8.267067 0.000616
-8.258315 0.000618
-8.249562 0.000620
-8.240810 0.000622
-8.232058 0.000624
-8.223306 0.000626
-8.214554 0.000629
-8.205801 0.000631
-8.197049 0.000633
-8.188297 0.000635
-8.179545 0.000637
-8.170793 0.000640
-8.162041 0.000642
-8.153288 0.000644
-8.144536 0.000646
-8.135784 0.000649
-8.127032 0.000651
-8.118280 0.000653
-8.109527 0.000656
-8.100775 0.000658
-8.092023 0.000660
-8.083271 0.000663
-8.074519 0.000665
-8.065766 0.000668
-8.057014 0.000670
-8.048262 0.000672
-8.039510 0.000675
-8.030758 0.000677
-8.022006 0.000680
-8.013253 0.000682
-8.004501 0.000685
-7.995749 0.000687
-7.986997 0.000690
-7.978245 0.000692
-7.969492 0.000695
-7.960740 0.000697
-7.951988 0.000700
-7.943236 0.000702
-7.934484 0.000705
-7.925731 0.000708
-7.916979 0.000710
-7.908227 0.000713
-7.899475 0.000716
-7.890723 0.000718
-7.881970 0.000721
-7.873218 0.000724
-7.864466 0.000726
-7.855714 0.000729
-7.846962 0.000732
-7.838210 0.000735
-7.829457 0.000737
-7.820705 0.000740
-7.811953 0.000743
-7.803201 0.000746
-7.794449 0.000749
-7.785696 0.000752
-7.776944 0.000755
-7.768192 0.000757
-7.759440 0.000760
-7.750688 0.000763
-7.741935 0.000766
-7.733183 0.000769
-7.724431 0.000772
-7.715679 0.000775
-7.706927 0.000778
-7.698175 0.000781
-7.689422 0.000784
-7.680670 0.000788
-7.671918 0.000791
-7.663166 0.000794
-7.654414 0.000797
-7.645661 0.000800
-7.636909 0.000803
-7.628157 0.000806
-7.619405 0.000810
-7.610653 0.000813
-7.601900 0.000816
-7.593148 0.000819
-7.584396 0.000823
-7.575644 0.000826
-7.566892 0.000829
-7.558140 0.000833
-7.549387 0.000836
-7.540635 0.000840
-7.531883 0.000843
-7.523131 0.000846
-7.514379 0.000850
-7.505626 0.000853
-7.496874 0.000857
-7.488122 0.000860
-7.479370 0.000864
-7.470618 0.000868
-7.461865 0.000871
-7.453113 0.000875
-7.444361 0.000879
-7.435609 0.000882
-7.426857 0.000886
-7.418105 0.000890
-7.409352 0.000893
-7.400600 0.000897
-7.391848 0.000901
-7.383096 0.000905
-7.374344 0.000909
-7.365591 0.000912
-7.356839 0.000916
-7.348087 0.000920
-7.339335 0.000924
-7.330583 0.000928
-7.321830 0.000932
-7.313078 0.000936
-7.304326 0.000940
-7.295574 0.000944
-7.286822 0.000949
-7.278070 0.000953
-7.269317 0.000957
-7.260565 0.000961
-7.251813 0.000965
-7.243061 0.000970
-7.234309 0.000974
-7.225556 0.000978
-7.216804 0.000982
-7.208052 0.000987
-7.199300 0.000991
-7.190548 0.000996
-7.181795 0.001000
-7.173043 0.001005
-7.164291 0.001009
-7.155539 0.001014
-7.146787 0.001018
-7.138035 0.001023
-7.129282 0.001028
-7.120530 0.001032
-7.111778 0.001037
-7.103026 0.001042
-7.094274 0.001047
-7.085521 0.001051
-7.076769 0.001056
-7.068017 0.001061
-7.059265 0.001066
-7.050513 0.001071
-7.041760 0.001076
-7.033008 0.001081
-7.024256 0.001086
-7.015504 0.001091
-7.006752 0.001096
-6.997999 0.001102
-6.989247 0.001107
-6.980495 0.001112
-6.971743 0.001117
-6.962991 0.001123
-6.954239 0.001128
-6.945486 0.001133
-6.936734 0.001139
-6.927982 0.001144
-6.919230 0.001150
-6.910478 0.001155
-6.901725 0.001161
-6.892973 0.001167
-6.884221 0.001172
-6.875469 0.001178
-6.866717 0.001184
-6.857964 0.001190
-6.849212 0.001196
-6.840460 0.001202
-6.831708 0.001208
-6.822956 0.001214
-6.814204 0.001220
-6.805451 0.001226
-6.796699 0.001232
-6.787947 0.001238
-6.779195 0.001244
-6.770443 0.001251
-6.761690 0.001257
-6.752938 0.001264
-6.744186 0.001270
-6.735434 0.001276
-6.726682 0.001283
-6.717929 0.001290
-6.709177 0.001296
-6.700425 0.001303
-6.691673 0.001310
-6.682921 0.001317
-6.674169 0.001324
-6.665416 0.001330
-6.656664 0.001337
-6.647912 0.001345
-6.639160 0.001352
-6.630408 0.001359
-6.621655 0.001366
-6.612903 0.001373
-6.604151 0.001381
-6.595399 0.001388
-6.586647 0.001396
-6.577894 0.001403
-6.569142 0.001411
-6.560390 0.001418
-6.551638 0.001426
-6.542886 0.001434
-6.534134 0.001442
-6.525381 0.001450
-6.516629 0.001458
-6.507877 0.001466
-6.499125 0.001474
-6.490373 0.001482
-6.481620 0.001490
-6.472868 0.001499
-6.464116 0.001507
-6.455364 0.001516
-6.446612 0.001524
-6.437859 0.001533
-6.429107 0.001541
-6.420355 0.001550
-6.411603 0.001559
-6.402851 0.001568
-6.394099 0.001577
-6.385346 0.001586
-6.376594 0.001595
-6.367842 0.001605
-6.359090 0.001614
-6.350338 0.001623
-6.341585 0.001633
-6.332833 0.001643
-6.324081 0.001652
-6.315329 0.001662
-6.306577 0.001672
-6.297824 0.001682
-6.289072 0.001692
-6.280320 0.001702
-6.271568 0.001712
-6.262816 0.001723
-6.254064 0.001733
-6.245311 0.001744
-6.236559 0.001755
-6.227807 0.001765
-6.219055 0.001776
-6.210303 0.001787
-6.201550 0.001798
-6.192798 0.001809
-6.184046 0.001821
-6.175294 0.001832
-6.166542 0.001844
-6.157789 0.001855
-6.149037 0.001867
-6.140285 0.001879
-6.131533 0.001891
-6.122781 0.001903
-6.114029 0.001915
-6.105276 0.001927
-6.096524 0.001940
-6.087772 0.001952
-6.079020 0.001965
-6.070268 0.001978
-6.061515 0.001991
-6.052763 0.002004
-6.044011 0.002017
-6.035259 0.002031
-6.026507 0.002044
-6.017754 0.002058
-6.009002 0.002071
-6.000250 0.002085
-5.991498 0.002099
-5.982746 0.002114
-5.973993 0.002128
-5.965241 0.002143
-5.956489 0.002157
-5.947737 0.002172
-5.938985 0.002187
-5.930233 0.002202
-5.921480 0.002218
-5.912728 0.002233
-5.903976 0.002249
-5.895224 0.002265
-5.886472 0.002281
-5.877719 0.002297
-5.868967 0.002313
-5.860215 0.002330
-5.851463 0.002347
-5.842711 0.002364
-5.833958 0.002381
-5.825206 0.002398
-5.816454 0.002415
-5.807702 0.002433
-5.798950 0.002451
-5.790198 0.002469
-5.781445 0.002488
-5.772693 0.002506
-5.763941 0.002525
-5.755189 0.002544
-5.746437 0.002563
-5.737684 0.002583
-5.728932 0.002602
-5.720180 0.002622
-5.711428 0.002642
-5.702676 0.002663
-5.693923 0.002683
-5.685171 0.002704
-5.676419 0.002725
-5.667667 0.002747
-5.658915 0.002768
-5.650163 0.002790
-5.641410 0.002813
-5.632658 0.002835
-5.623906 0.002858
-5.615154 0.002881
-5.606402 0.002904
-5.597649 0.002928
-5.588897 0.002952
-5.580145 0.002976
-5.571393 0.003001
-5.562641 0.003026
-5.553888 0.003051
-5.545136 0.003076
-5.536384 0.003102
-5.527632 0.003128
-5.518880 0.003155
-5.510128 0.003182
-5.501375 0.003209
-5.492623 0.003237
-5.483871 0.003265
-5.475119 0.003293
-5.466367 0.003322
-5.457614 0.003351
-5.448862 0.003381
-5.440110 0.003411
-5.431358 0.003441
-5.422606 0.003472
-5.413853 0.003504
-5.405101 0.003535
-5.396349 0.003568
-5.387597 0.003600
-5.378845 0.003633
-5.370093 0.003667
-5.361340 0.003701
-5.352588 0.003736
-5.343836 0.003771
-5.335084 0.003806
-5.326332 0.003843
-5.317579 0.003879
-5.308827 0.003917
-5.300075 0.003955
-5.291323 0.003993
-5.282571 0.004032
-5.273818 0.004072
-5.265066 0.004112
-5.256314 0.004153
-5.247562 0.004194
-5.238810 0.004236
-5.230058 0.004279
-5.221305 0.004323
-5.212553 0.004367
-5.203801 0.004412
-5.195049 0.004458
-5.186297 0.004504
-5.177544 0.004551
-5.168792 0.004599
-5.160040 0.004648
-5.151288 0.004697
-5.142536 0.004748
-5.133783 0.004799
-5.125031 0.004851
-5.116279 0.004904
-5.107527 0.004958
-5.098775 0.005013
-5.090023 0.005069
-5.081270 0.005126
-5.072518 0.005184
-5.063766 0.005243
-5.055014 0.005303
-5.046262 0.005364
-5.037509 0.005426
-5.028757 0.005489
-5.020005 0.005554
-5.011253 0.005620
-5.002501 0.005687
-4.993748 0.005755
-4.984996 0.005824
-4.976244 0.005895
-4.967492 0.005968
-4.958740 0.006041
-4.949987 0.006116
-4.941235 0.006193
-4.932483 0.006271
-4.923731 0.006351
-4.914979 0.006432
-4.906227 0.006515
-4.897474 0.006599
-4.888722 0.006686
-4.879970 0.006774
-4.871218 0.006864
-4.862466 0.006956
-4.853713 0.007050
-4.844961 0.007146
-4.836209 0.007244
-4.827457 0.007344
-4.818705 0.007446
-4.809952 0.007551
-4.801200 0.007658
-4.792448 0.007767
-4.783696 0.007879
-4.774944 0.007994
-4.766192 0.008111
-4.757439 0.008230
-4.748687 0.008353
-4.739935 0.008479
-4.731183 0.008607
-4.722431 0.008739
-4.713678 0.008874
-4.704926 0.009012
-4.696174 0.009154
-4.687422 0.009299
-4.678670 0.009448
-4.669917 0.009600
-4.661165 0.009757
-4.652413 0.009918
-4.643661 0.010083
-4.634909 0.010252
-4.626157 0.010426
-4.617404 0.010604
-4.608652 0.010788
-4.599900 0.010976
-4.591148 0.011170
-4.582396 0.011369
-4.573643 0.011574
-4.564891 0.011784
-4.556139 0.012001
-4.547387 0.012224
-4.538635 0.012454
-4.529882 0.012691
-4.521130 0.012934
-4.512378 0.013186
-4.503626 0.013445
-4.494874 0.013712
-4.486122 0.013987
-4.477369 0.014271
-4.468617 0.014565
-4.459865 0.014868
-4.451113 0.015181
-4.442361 0.015504
-4.433608 0.015839
-4.424856 0.016185
-4.416104 0.016543
-4.407352 0.016913
-4.398600 0.017296
-4.389847 0.017693
-4.381095 0.018105
-4.372343 0.018531
-4.363591 0.018973
-4.354839 0.019432
-4.346087 0.019908
-4.337334 0.020403
-4.328582 0.020916
-4.319830 0.021450
-4.311078 0.022005
-4.302326 0.022582
-4.293573 0.023183
-4.284821 0.023808
-4.276069 0.024460
-4.267317 0.025138
-4.258565 0.025846
-4.249812 0.026583
-4.241060 0.027353
-4.232308 0.028156
-4.223556 0.028994
-4.214804 0.029870
-4.206052 0.030785
-4.197299 0.031742
-4.188547 0.032742
-4.179795 0.033787
-4.171043 0.034881
-4.162291 0.036026
-4.153538 0.037223
-4.144786 0.038477
-4.136034 0.039789
-4.127282 0.041162
-4.118530 0.042599
-4.109777 0.044103
-4.101025 0.045676
-4.092273 0.047322
-4.083521 0.049044
-4.074769 0.050843
-4.066017 0.052722
-4.057264 0.054684
-4.048512 0.056730
-4.039760 0.058864
-4.031008 0.061085
-4.022256 0.063395
-4.013503 0.065796
-4.004751 0.068286
-3.995999 0.070866
-3.987247 0.073533
-3.978495 0.076287
-3.969742 0.079125
-3.960990 0.082041
-3.952238 0.085033
-3.943486 0.088094
-3.934734 0.091218
-3.925981 0.094396
-3.917229 0.097620
-3.908477 0.100879
-3.899725 0.104162
-3.890973 0.107456
-3.882221 0.110749
-3.873468 0.114025
-3.864716 0.117269
-3.855964 0.120465
-3.847212 0.123595
-3.838460 0.126644
-3.829707 0.129593
-3.820955 0.132424
-3.812203 0.135119
-3.803451 0.137662
-3.794699 0.140034
-3.785946 0.142221
-3.777194 0.144207
-3.768442 0.145978
-3.759690 0.147522
-3.750938 0.148827
-3.742186 0.149886
-3.733433 0.150689
-3.724681 0.151234
-3.715929 0.151515
-3.707177 0.151534
-3.698425 0.151290
-3.689672 0.150789
-3.680920 0.150035
-3.672168 0.149036
-3.663416 0.147803
-3.654664 0.146347
-3.645911 0.144680
-3.637159 0.142819
-3.628407 0.140778
-3.619655 0.138574
-3.610903 0.136225
-3.602151 0.133749
-3.593398 0.131164
-3.584646 0.128490
-3.575894 0.125743
-3.567142 0.122943
-3.558390 0.120106
-3.549637 0.117249
-3.540885 0.114389
-3.532133 0.111540
-3.523381 0.108717
-3.514629 0.105931
-3.505876 0.103195
-3.497124 0.100520
-3.488372 0.097915
-3.479620 0.095387
-3.470868 0.092944
-3.462116 0.090591
-3.453363 0.088334
-3.444611 0.086176
-3.435859 0.084120
-3.427107 0.082168
-3.418355 0.080321
-3.409602 0.078579
-3.400850 0.076942
-3.392098 0.075409
-3.383346 0.073980
-3.374594 0.072652
-3.365841 0.071422
-3.357089 0.070290
-3.348337 0.069252
-3.339585 0.068305
-3.330833 0.067448
-3.322081 0.066676
-3.313328 0.065988
-3.304576 0.065380
-3.295824 0.064850
-3.287072 0.064395
-3.278320 0.064014
-3.269567 0.063703
-3.260815 0.063462
-3.252063 0.063289
-3.243311 0.063182
-3.234559 0.063141
-3.225806 0.063164
-3.217054 0.063253
-3.208302 0.063406
-3.199550 0.063624
-3.190798 0.063907
-3.182046 0.064258
-3.173293 0.064675
-3.164541 0.065163
-3.155789 0.065721
-3.147037 0.066351
-3.138285 0.067057
-3.129532 0.067839
-3.120780 0.068700
-3.112028 0.069643
-3.103276 0.070669
-3.094524 0.071780
-3.085771 0.072978
-3.077019 0.074264
-3.068267 0.075641
-3.059515 0.077108
-3.050763 0.078666
-3.042011 0.080314
-3.033258 0.082053
-3.024506 0.083881
-3.015754 0.085795
-3.007002 0.087792
-2.998250 0.089868
-2.989497 0.092020
-2.980745 0.094240
-2.971993 0.096522
-2.963241 0.098859
-2.954489 0.101241
-2.945736 0.103659
-2.936984 0.106102
-2.928232 0.108559
-2.919480 0.111017
-2.910728 0.113462
-2.901975 0.115880
-2.893223 0.118258
-2.884471 0.120579
-2.875719 0.122828
-2.866967 0.124990
-2.858215 0.127049
-2.849462 0.128989
-2.840710 0.130796
-2.831958 0.132455
-2.823206 0.133952
-2.814454 0.135274
-2.805701 0.136411
-2.796949 0.137350
-2.788197 0.138084
-2.779445 0.138605
-2.770693 0.138906
-2.761940 0.138985
-2.753188 0.138838
-2.744436 0.138465
-2.735684 0.137868
-2.726932 0.137049
-2.718180 0.136014
-2.709427 0.134770
-2.700675 0.133323
-2.691923 0.131686
-2.683171 0.129867
-2.674419 0.127880
-2.665666 0.125737
-2.656914 0.123453
-2.648162 0.121041
-2.639410 0.118518
-2.630658 0.115898
-2.621905 0.113197
-2.613153 0.110429
-2.604401 0.107610
-2.595649 0.104754
-2.586897 0.101875
-2.578145 0.098987
-2.569392 0.096101
-2.560640 0.093230
-2.551888 0.090383
-2.543136 0.087572
-2.534384 0.084805
-2.525631 0.082089
-2.516879 0.079432
-2.508127 0.076840
-2.499375 0.074318
-2.490623 0.071869
-2.481870 0.069497
-2.473118 0.067205
-2.464366 0.064995
-2.455614 0.062867
-2.446862 0.060823
-2.438110 0.058862
-2.429357 0.056985
-2.420605 0.055189
-2.411853 0.053475
-2.403101 0.051841
-2.394349 0.050284
-2.385596 0.048804
-2.376844 0.047398
-2.368092 0.046065
-2.359340 0.044801
-2.350588 0.043606
-2.341835 0.042476
-2.333083 0.041410
-2.324331 0.040405
-2.315579 0.039460
-2.306827 0.038573
-2.298075 0.037741
-2.289322 0.036963
-2.280570 0.036237
-2.271818 0.035562
-2.263066 0.034936
-2.254314 0.034357
-2.245561 0.033824
-2.236809 0.033337
-2.228057 0.032894
-2.219305 0.032493
-2.210553 0.032135
-2.201800 0.031818
-2.193048 0.031542
-2.184296 0.031305
-2.175544 0.031107
-2.166792 0.030949
-2.158040 0.030828
-2.149287 0.030745
-2.140535 0.030699
-2.131783 0.030689
-2.123031 0.030715
-2.114279 0.030777
-2.105526 0.030873
-2.096774 0.031003
-2.088022 0.031166
-2.079270 0.031361
-2.070518 0.031587
-2.061765 0.031843
-2.053013 0.032127
-2.044261 0.032437
-2.035509 0.032772
-2.026757 0.033130
-2.018005 0.033508
-2.009252 0.033903
-2.000500 0.034314
-1.991748 0.034737
-1.982996 0.035169
-1.974244 0.035606
-1.965491 0.036045
-1.956739 0.036481
-1.947987 0.036912
-1.939235 0.037334
-1.930483 0.037741
-1.921730 0.038129
-1.912978 0.038496
-1.904226 0.038836
-1.895474 0.039147
-1.886722 0.039423
-1.877969 0.039662
-1.869217 0.039860
-1.860465 0.040015
-1.851713 0.040123
-1.842961 0.040183
-1.834209 0.040194
-1.825456 0.040153
-1.816704 0.040060
-1.807952 0.039915
-1.799200 0.039718
-1.790448 0.039470
-1.781695 0.039172
-1.772943 0.038825
-1.764191 0.038432
-1.755439 0.037995
-1.746687 0.037517
-1.737934 0.037001
-1.729182 0.036451
-1.720430 0.035870
-1.711678 0.035262
-1.702926 0.034631
-1.694174 0.033980
-1.685421 0.033315
-1.676669 0.032638
-1.667917 0.031953
-1.659165 0.031264
-1.650413 0.030575
-1.641660 0.029890
-1.632908 0.029210
-1.624156 0.028540
-1.615404 0.027882
-1.606652 0.027238
-1.597899 0.026610
-1.589147 0.026002
-1.580395 0.025413
-1.571643 0.024847
-1.562891 0.024303
-1.554139 0.023784
-1.545386 0.023290
-1.536634 0.022822
-1.527882 0.022380
-1.519130 0.021965
-1.510378 0.021577
-1.501625 0.021216
-1.492873 0.020882
-1.484121 0.020575
-1.475369 0.020294
-1.466617 0.020040
-1.457864 0.019813
-1.449112 0.019611
-1.440360 0.019434
-1.431608 0.019281
-1.422856 0.019153
-1.414104 0.019048
-1.405351 0.018965
-1.396599 0.018904
-1.387847 0.018863
-1.379095 0.018843
-1.370343 0.018841
-1.361590 0.018856
-1.352838 0.018888
-1.344086 0.018935
-1.335334 0.018995
-1.326582 0.019068
-1.317829 0.019151
-1.309077 0.019242
-1.300325 0.019341
-1.291573 0.019445
-1.282821 0.019552
-1.274069 0.019660
-1.265316 0.019769
-1.256564 0.019875
-1.247812 0.019976
-1.239060 0.020071
-1.230308 0.020158
-1.221555 0.020235
-1.212803 0.020301
-1.204051 0.020353
-1.195299 0.020391
-1.186547 0.020412
-1.177794 0.020416
-1.169042 0.020402
-1.160290 0.020369
-1.151538 0.020317
-1.142786 0.020244
-1.134034 0.020152
-1.125281 0.020039
-1.116529 0.019906
-1.107777 0.019754
-1.099025 0.019583
-1.090273 0.019394
-1.081520 0.019188
-1.072768 0.018966
-1.064016 0.018729
-1.055264 0.018479
-1.046512 0.018216
-1.037759 0.017943
-1.029007 0.017661
-1.020255 0.017370
-1.011503 0.017074
-1.002751 0.016773
-0.993998 0.016468
-0.985246 0.016161
-0.976494 0.015853
-0.967742 0.015546
-0.958990 0.015240
-0.950238 0.014936
-0.941485 0.014635
-0.932733 0.014339
-0.923981 0.014047
-0.915229 0.013760
-0.906477 0.013479
-0.897724 0.013204
-0.888972 0.012936
-0.880220 0.012675
-0.871468 0.012420
-0.862716 0.012173
-0.853963 0.011932
-0.845211 0.011699
-0.836459 0.011473
-0.827707 0.011254
-0.818955 0.011042
-0.810203 0.010836
-0.801450 0.010637
-0.792698 0.010445
-0.783946 0.010259
-0.775194 0.010079
-0.766442 0.009905
-0.757689 0.009737
-0.748937 0.009574
-0.740185 0.009416
-0.731433 0.009263
-0.722681 0.009115
-0.713928 0.008972
-0.705176 0.008833
-0.696424 0.008698
-0.687672 0.008567
-0.678920 0.008439
-0.670168 0.008315
-0.661415 0.008194
-0.652663 0.008077
-0.643911 0.007962
-0.635159 0.007850
-0.626407 0.007741
-0.617654 0.007634
-0.608902 0.007529
-0.600150 0.007426
-0.591398 0.007326
-0.582646 0.007227
-0.573893 0.007131
-0.565141 0.007036
-0.556389 0.006943
-0.547637 0.006852
-0.538885 0.006763
-0.530133 0.006675
-0.521380 0.006590
-0.512628 0.006506
-0.503876 0.006423
-0.495124 0.006343
-0.486372 0.006264
-0.477619 0.006188
-0.468867 0.006113
-0.460115 0.006040
-0.451363 0.005969
-0.442611 0.005900
-0.433858 0.005834
-0.425106 0.005769
-0.416354 0.005706
-0.407602 0.005646
-0.398850 0.005588
-0.390098 0.005531
-0.381345 0.005477
-0.372593 0.005426
-0.363841 0.005376
-0.355089 0.005328
-0.346337 0.005282
-0.337584 0.005239
-0.328832 0.005197
-0.320080 0.005158
-0.311328 0.005120
-0.302576 0.005084
-0.293823 0.005050
-0.285071 0.005018
-0.276319 0.004987
-0.267567 0.004958
-0.258815 0.004931
-0.250063 0.004905
-0.241310 0.004880
-0.232558 0.004857
-0.223806 0.004835
-0.215054 0.004814
-0.206302 0.004795
-0.197549 0.004776
-0.188797 0.004758
-0.180045 0.004741
-0.171293 0.004725
-0.162541 0.004710
-0.153788 0.004695
-0.145036 0.004681
-0.136284 0.004667
-0.127532 0.004653
-0.118780 0.004640
-0.110028 0.004627
-0.101275 0.004614
-0.092523 0.004602
-0.083771 0.004589
-0.075019 0.004577
-0.066267 0.004564
-0.057514 0.004552
-0.048762 0.004539
-0.040010 0.004526
-0.031258 0.004513
-0.022506 0.004501
-0.013753 0.004488
-0.005001 0.004475
0.003751 0.004462
0.012503 0.004449
0.021255 0.004436
0.030008 0.004424
0.038760 0.004411
0.047512 0.004399
0.056264 0.004387
0.065016 0.004375
0.073768 0.004364
0.082521 0.004353
0.091273 0.004343
0.100025 0.004333
0.108777 0.004324
0.117529 0.004316
0.126282 0.004308
0.135034 0.004301
0.143786 0.004296
0.152538 0.004291
0.161290 0.004287
0.170043 0.004284
0.178795 0.004283
0.187547 0.004283
0.196299 0.004284
0.205051 0.004286
0.213803 0.004289
0.222556 0.004294
0.231308 0.004301
0.240060 0.004309
0.248812 0.004318
0.257564 0.004328
0.266317 0.004340
0.275069 0.004353
0.283821 0.004368
0.292573 0.004384
0.301325 0.004401
0.310078 0.004419
0.318830 0.004438
0.327582 0.004457
0.336334 0.004477
0.345086 0.004498
0.353838 0.004519
0.362591 0.004541
0.371343 0.004562
0.380095 0.004582
0.388847 0.004603
0.397599 0.004622
0.406352 0.004640
0.415104 0.004658
0.423856 0.004673
0.432608 0.004687
0.441360 0.004699
0.450113 0.004708
0.458865 0.004716
0.467617 0.004720
0.476369 0.004722
0.485121 0.004720
0.493873 0.004716
0.502626 0.004708
0.511378 0.004697
0.520130 0.004683
0.528882 0.004665
0.537634 0.004644
0.546387 0.004619
0.555139 0.004590
0.563891 0.004559
0.572643 0.004524
0.581395 0.004486
0.590148 0.004445
0.598900 0.004402
0.607652 0.004356
0.616404 0.004307
0.625156 0.004257
0.633908 0.004204
0.642661 0.004150
0.651413 0.004095
0.660165 0.004039
0.668917 0.003982
0.677669 0.003924
0.686422 0.003866
0.695174 0.003809
0.703926 0.003751
0.712678 0.003695
0.721430 0.003639
0.730183 0.003584
0.738935 0.003530
0.747687 0.003478
0.756439 0.003427
0.765191 0.003378
0.773943 0.003331
0.782696 0.003286
0.791448 0.003243
0.800200 0.003202
0.808952 0.003164
0.817704 0.003127
0.826457 0.003093
0.835209 0.003062
0.843961 0.003032
0.852713 0.003005
0.861465 0.002980
0.870218 0.002958
0.878970 0.002937
0.887722 0.002918
0.896474 0.002901
0.905226 0.002886
0.913978 0.002873
0.922731 0.002861
0.931483 0.002850
0.940235 0.002841
0.948987 0.002832
0.957739 0.002825
0.966492 0.002818
0.975244 0.002812
0.983996 0.002806
0.992748 0.002801
1.001500 0.002795
1.010253 0.002789
1.019005 0.002784
1.027757 0.002777
1.036509 0.002771
1.045261 0.002763
1.054014 0.002755
1.062766 0.002746
1.071518 0.002736
1.080270 0.002726
1.089022 0.002714
1.097774 0.002701
1.106527 0.002688
1.115279 0.002673
1.124031 0.002658
1.132783 0.002641
1.141535 0.002624
1.150288 0.002606
1.159040 0.002587
1.167792 0.002568
1.176544 0.002548
1.185296 0.002528
1.194049 0.002507
1.202801 0.002487
1.211553 0.002466
1.220305 0.002446
1.229057 0.002425
1.237809 0.002405
1.246562 0.002385
1.255314 0.002366
1.264066 0.002347
1.272818 0.002329
1.281570 0.002312
1.290323 0.002295
1.299075 0.002279
1.307827 0.002264
1.316579 0.002250
1.325331 0.002236
1.334084 0.002223
1.342836 0.002211
1.351588 0.002200
1.360340 0.002189
1.369092 0.002179
1.377844 0.002169
1.386597 0.002160
1.395349 0.002151
1.404101 0.002143
1.412853 0.002135
1.421605 0.002126
1.430358 0.002118
1.439110 0.002110
1.447862 0.002102
1.456614 0.002094
1.465366 0.002085
1.474119 0.002076
1.482871 0.002066
1.491623 0.002056
1.500375 0.002045
1.509127 0.002034
1.517879 0.002021
1.526632 0.002008
1.535384 0.001995
1.544136 0.001980
1.552888 0.001964
1.561640 0.001948
1.570393 0.001931
1.579145 0.001913
1.587897 0.001894
1.596649 0.001875
1.605401 0.001854
1.614154 0.001834
1.622906 0.001812
1.631658 0.001790
1.640410 0.001767
1.649162 0.001744
1.657914 0.001721
1.666667 0.001697
1.675419 0.001674
1.684171 0.001650
1.692923 0.001626
1.701675 0.001602
1.710428 0.001578
1.719180 0.001554
1.727932 0.001531
1.736684 0.001507
1.745436 0.001484
1.754189 0.001462
1.762941 0.001439
1.771693 0.001417
1.780445 0.001396
1.789197 0.001375
1.797949 0.001355
1.806702 0.001335
1.815454 0.001316
1.824206 0.001297
1.832958 0.001278
1.841710 0.001261
1.850463 0.001244
1.859215 0.001227
1.867967 0.001211
1.876719 0.001195
1.885471 0.001180
1.894224 0.001165
1.902976 0.001151
1.911728 0.001138
1.920480 0.001124
1.929232 0.001112
1.937984 0.001099
1.946737 0.001087
1.955489 0.001076
1.964241 0.001064
1.972993 0.001054
1.981745 0.001043
1.990498 0.001033
1.999250 0.001023
2.008002 0.001014
2.016754 0.001004
2.025506 0.000995
2.034259 0.000987
2.043011 0.000978
2.051763 0.000970
2.060515 0.000962
2.069267 0.000954
2.078020 0.000947
2.086772 0.000939
2.095524 0.000932
2.104276 0.000925
2.113028 0.000918
2.121780 0.000912
2.130533 0.000905
2.139285 0.000899
2.148037 0.000893
2.156789 0.000887
2.165541 0.000881
2.174294 0.000875
2.183046 0.000870
2.191798 0.000864
2.200550 0.000859
2.209302 0.000853
2.218055 0.000848
2.226807 0.000843
2.235559 0.000838
2.244311 0.000833
2.253063 0.000829
2.261815 0.000824
2.270568 0.000819
2.279320 0.000815
2.288072 0.000810
2.296824 0.000806
2.305576 0.000802
2.314329 0.000798
2.323081 0.000793
2.331833 0.000789
2.340585 0.000785
2.349337 0.000782
2.358090 0.000778
2.366842 0.000774
2.375594 0.000770
2.384346 0.000766
2.393098 0.000763
2.401850 0.000759
2.410603 0.000756
2.419355 0.000752
2.428107 0.000749
2.436859 0.000745
2.445611 0.000742
2.454364 0.000739
2.463116 0.000736
2.471868 0.000732
2.480620 0.000729
2.489372 0.000726
2.498125 0.000723
2.506877 0.000720
2.515629 0.000717
2.524381 0.000714
2.533133 0.000711
2.541885 0.000708
2.550638 0.000705
2.559390 0.000703
2.568142 0.000700
2.576894 0.000697
2.585646 0.000694
2.594399 0.000692
2.603151 0.000689
2.611903 0.000686
2.620655 0.000684
2.629407 0.000681
2.638160 0.000679
2.646912 0.000676
2.655664 0.000674
2.664416 0.000671
2.673168 0.000669
2.681920 0.000666
2.690673 0.000664
2.699425 0.000662
2.708177 0.000659
2.716929 0.000657
2.725681 0.000655
2.734434 0.000653
2.743186 0.000650
2.751938 0.000648
2.760690 0.000646
2.769442 0.000644
2.778195 0.000642
2.786947 0.000640
2.795699 0.000637
2.804451 0.000635
2.813203 0.000633
2.821955 0.000631
2.830708 0.000629
2.839460 0.000627
2.848212 0.000625
2.856964 0.000623
2.865716 0.000621
2.874469 0.000619
2.883221 0.000618
2.891973 0.000616
2.900725 0.000614
2.909477 0.000612
2.918230 0.000610
2.926982 0.000608
2.935734 0.000607
2.944486 0.000605
2.953238 0.000603
2.961990 0.000601
2.970743 0.000600
2.979495 0.000598
2.988247 0.000596
2.996999 0.000594
3.005751 0.000593
3.014504 0.000591
3.023256 0.000590
3.032008 0.000588
3.040760 0.000586
3.049512 0.000585
3.058265 0.000583
3.067017 0.000582
3.075769 0.000580
3.084521 0.000579
3.093273 0.000577
3.102026 0.000576
3.110778 0.000574
3.119530 0.000573
3.128282 0.000571
3.137034 0.000570
3.145786 0.000568
3.154539 0.000567
3.163291 0.000565
3.172043 0.000564
3.180795 0.000563
3.189547 0.000561
3.198300 0.000560
3.207052 0.000559
3.215804 0.000557
3.224556 0.000556
3.233308 0.000555
3.242061 0.000553
3.250813 0.000552
3.259565 0.000551
3.268317 0.000549
3.277069 0.000548
3.285821 0.000547
3.294574 0.000546
3.303326 0.000545
3.312078 0.000543
3.320830 0.000542
3.329582 0.000541
3.338335 0.000540
3.347087 0.000539
3.355839 0.000538
3.364591 0.000536
3.373343 0.000535
3.382096 0.000534
3.390848 0.000533
3.399600 0.000532
3.408352 0.000531
3.417104 0.000530
3.425856 0.000529
3.434609 0.000528
3.443361 0.000527
3.452113 0.000526
3.460865 0.000525
3.469617 0.000524
3.478370 0.000523
3.487122 0.000522
3.495874 0.000521
3.504626 0.000520
3.513378 0.000519
3.522131 0.000518
3.530883 0.000517
3.539635 0.000516
3.548387 0.000515
3.557139 0.000515
3.565891 0.000514
3.574644 0.000513
3.583396 0.000512
3.592148 0.000511
3.600900 0.000510
3.609652 0.000510
3.618405 0.000509
3.627157 0.000508
3.635909 0.000507
3.644661 0.000506
3.653413 0.000506
3.662166 0.000505
3.670918 0.000504
3.679670 0.000503
3.688422 0.000503
3.697174 0.000502
3.705926 0.000501
3.714679 0.000501
3.723431 0.000500
3.732183 0.000499
3.740935 0.000499
3.749687 0.000498
3.758440 0.000497
3.767192 0.000497
3.775944 0.000496
3.784696 0.000496
3.793448 0.000495
3.802201 0.000495
3.810953 0.000494
3.819705 0.000494
3.828457 0.000493
3.837209 0.000493
3.845961 0.000492
3.854714 0.000492
3.863466 0.000491
3.872218 0.000491
3.880970 0.000490
3.889722 0.000490
3.898475 0.000489
3.907227 0.000489
3.915979 0.000489
3.924731 0.000488
3.933483 0.000488
3.942236 0.000488
3.950988 0.000487
3.959740 0.000487
3.968492 0.000487
3.977244 0.000486
3.985996 0.000486
3.994749 0.000486
4.003501 0.000486
4.012253 0.000485
4.021005 0.000485
4.029757 0.000485
4.038510 0.000485
4.047262 0.000485
4.056014 0.000485
4.064766 0.000485
4.073518 0.000484
4.082271 0.000484
4.091023 0.000484
4.099775 0.000484
4.108527 0.000484
4.117279 0.000484
4.126032 0.000484
4.134784 0.000485
4.143536 0.000485
4.152288 0.000485
4.161040 0.000485
4.169792 0.000485
4.178545 0.000485
4.187297 0.000486
4.196049 0.000486
4.204801 0.000486
4.213553 0.000487
4.222306 0.000487
4.231058 0.000487
4.239810 0.000488
4.248562 0.000488
4.257314 0.000489
4.266067 0.000489
4.274819 0.000490
4.283571 0.000491
4.292323 0.000491
4.301075 0.000492
4.309827 0.000493
4.318580 0.000494
4.327332 0.000495
4.336084 0.000496
4.344836 0.000497
4.353588 0.000498
4.362341 0.000499
4.371093 0.000500
4.379845 0.000501
4.388597 0.000503
4.397349 0.000504
4.406102 0.000505
4.414854 0.000507
4.423606 0.000509
4.432358 0.000510
4.441110 0.000512
4.449862 0.000514
4.458615 0.000516
4.467367 0.000518
4.476119 0.000520
4.484871 0.000522
4.493623 0.000525
4.502376 0.000527
4.511128 0.000530
4.519880 0.000532
4.528632 0.000535
4.537384 0.000538
4.546137 0.000541
4.554889 0.000543
4.563641 0.000546
4.572393 0.000549
4.581145 0.000552
4.589897 0.000556
4.598650 0.000559
4.607402 0.000562
4.616154 0.000565
4.624906 0.000568
4.633658 0.000572
4.642411 0.000575
4.651163 0.000578
4.659915 0.000581
4.668667 0.000584
4.677419 0.000587
4.686172 0.000590
4.694924 0.000593
4.703676 0.000596
4.712428 0.000599
4.721180 0.000601
4.729932 0.000603
4.738685 0.000606
4.747437 0.000608
4.756189 0.000610
4.764941 0.000612
4.773693 0.000613
4.782446 0.000615
4.791198 0.000616
4.799950 0.000617
4.808702 0.000618
4.817454 0.000619
4.826207 0.000619
4.834959 0.000620
4.843711 0.000620
4.852463 0.000621
4.861215 0.000621
4.869967 0.000621
4.878720 0.000621
4.887472 0.000621
4.896224 0.000621
4.904976 0.000620
4.913728 0.000620
4.922481 0.000620
4.931233 0.000620
4.939985 0.000620
4.948737 0.000620
4.957489 0.000620
4.966242 0.000620
4.974994 0.000620
4.983746 0.000620
4.992498 0.000621
5.001250 0.000621
5.010003 0.000622
5.018755 0.000622
5.027507 0.000623
5.036259 0.000624
5.045011 0.000625
5.053763 0.000627
5.062516 0.000628
5.071268 0.000630
5.080020 0.000632
5.088772 0.000634
5.097524 0.000636
5.106277 0.000639
5.115029 0.000641
5.123781 0.000644
5.132533 0.000647
5.141285 0.000650
5.150038 0.000654
5.158790 0.000657
5.167542 0.000661
5.176294 0.000665
5.185046 0.000669
5.193798 0.000674
5.202551 0.000679
5.211303 0.000684
5.220055 0.000689
5.228807 0.000694
5.237559 0.000700
5.246312 0.000706
5.255064 0.000712
5.263816 0.000719
5.272568 0.000725
5.281320 0.000732
5.290073 0.000740
5.298825 0.000747
5.307577 0.000755
5.316329 0.000763
5.325081 0.000772
5.333833 0.000781
5.342586 0.000790
5.351338 0.000799
5.360090 0.000809
5.368842 0.000819
5.377594 0.000830
5.386347 0.000841
5.395099 0.000853
5.403851 0.000864
5.412603 0.000877
5.421355 0.000889
5.430108 0.000903
5.438860 0.000916
5.447612 0.000931
5.456364 0.000945
5.465116 0.000961
5.473868 0.000977
5.482621 0.000993
5.491373 0.001010
5.500125 0.001028
5.508877 0.001046
5.517629 0.001065
5.526382 0.001085
5.535134 0.001106
5.543886 0.001128
5.552638 0.001150
5.561390 0.001173
5.570143 0.001198
5.578895 0.001223
5.587647 0.001249
5.596399 0.001277
5.605151 0.001305
5.613903 0.001335
5.622656 0.001366
5.631408 0.001399
5.640160 0.001433
5.648912 0.001468
5.657664 0.001505
5.666417 0.001543
5.675169 0.001583
5.683921 0.001625
5.692673 0.001668
5.701425 0.001713
5.710178 0.001759
5.718930 0.001808
5.727682 0.001858
5.736434 0.001910
5.745186 0.001963
5.753938 0.002018
5.762691 0.002075
5.771443 0.002133
5.780195 0.002192
5.788947 0.002253
5.797699 0.002315
5.806452 0.002378
5.815204 0.002442
5.823956 0.002506
5.832708 0.002571
5.841460 0.002636
5.850213 0.002701
5.858965 0.002766
5.867717 0.002830
5.876469 0.002894
5.885221 0.002956
5.893973 0.003017
5.902726 0.003077
5.911478 0.003134
5.920230 0.003190
5.928982 0.003242
5.937734 0.003293
5.946487 0.003340
5.955239 0.003385
5.963991 0.003426
5.972743 0.003464
5.981495 0.003498
5.990248 0.003529
5.999000 0.003556
6.007752 0.003580
6.016504 0.003600
6.025256 0.003617
6.034009 0.003629
6.042761 0.003639
6.051513 0.003645
6.060265 0.003648
6.069017 0.003647
6.077769 0.003644
6.086522 0.003638
6.095274 0.003630
6.104026 0.003619
6.112778 0.003606
6.121530 0.003592
6.130283 0.003575
6.139035 0.003557
6.147787 0.003538
6.156539 0.003518
6.165291 0.003497
6.174044 0.003475
6.182796 0.003452
6.191548 0.003429
6.200300 0.003405
6.209052 0.003382
6.217804 0.003358
6.226557 0.003334
6.235309 0.003309
6.244061 0.003285
6.252813 0.003261
6.261565 0.003236
6.270318 0.003212
6.279070 0.003187
6.287822 0.003163
6.296574 0.003138
6.305326 0.003113
6.314079 0.003088
6.322831 0.003063
6.331583 0.003037
6.340335 0.003012
6.349087 0.002985
6.357839 0.002959
6.366592 0.002932
6.375344 0.002905
6.384096 0.002878
6.392848 0.002850
6.401600 0.002823
6.410353 0.002795
6.419105 0.002767
6.427857 0.002739
6.436609 0.002712
6.445361 0.002685
6.454114 0.002658
6.462866 0.002632
6.471618 0.002606
6.480370 0.002582
6.489122 0.002558
6.497874 0.002536
6.506627 0.002515
6.515379 0.002495
6.524131 0.002477
6.532883 0.002460
6.541635 0.002446
6.550388 0.002433
6.559140 0.002423
6.567892 0.002414
6.576644 0.002408
6.585396 0.002404
6.594149 0.002402
6.602901 0.002402
6.611653 0.002404
6.620405 0.002409
6.629157 0.002416
6.637909 0.002425
6.646662 0.002436
6.655414 0.002449
6.664166 0.002464
6.672918 0.002481
6.681670 0.002499
6.690423 0.002519
6.699175 0.002540
6.707927 0.002561
6.716679 0.002584
6.725431 0.002607
6.734184 0.002631
6.742936 0.002655
6.751688 0.002680
6.760440 0.002703
6.769192 0.002727
6.777944 0.002750
6.786697 0.002773
6.795449 0.002794
6.804201 0.002815
6.812953 0.002834
6.821705 0.002852
6.830458 0.002869
6.839210 0.002885
6.847962 0.002899
6.856714 0.002911
6.865466 0.002923
6.874219 0.002933
6.882971 0.002941
6.891723 0.002949
6.900475 0.002955
6.909227 0.002961
6.917979 0.002965
6.926732 0.002970
6.935484 0.002973
6.944236 0.002976
6.952988 0.002980
6.961740 0.002983
6.970493 0.002986
6.979245 0.002990
6.987997 0.002994
6.996749 0.002999
7.005501 0.003005
7.014254 0.003011
7.023006 0.003018
7.031758 0.003026
7.040510 0.003035
7.049262 0.003045
7.058015 0.003055
7.066767 0.003066
7.075519 0.003077
7.084271 0.003089
7.093023 0.003101
7.101775 0.003113
7.110528 0.003124
7.119280 0.003135
7.128032 0.003145
7.136784 0.003154
7.145536 0.003162
7.154289 0.003168
7.163041 0.003172
7.171793 0.003174
7.180545 0.003174
7.189297 0.003171
7.198050 0.003165
7.206802 0.003156
7.215554 0.003144
7.224306 0.003128
7.233058 0.003110
7.241810 0.003087
7.250563 0.003062
7.259315 0.003033
7.268067 0.003001
7.276819 0.002965
7.285571 0.002926
7.294324 0.002885
7.303076 0.002840
7.311828 0.002793
7.320580 0.002744
7.329332 0.002692
7.338085 0.002639
7.346837 0.002584
7.355589 0.002528
7.364341 0.002470
7.373093 0.002412
7.381845 0.002354
7.390598 0.002295
7.399350 0.002236
7.408102 0.002177
7.416854 0.002118
7.425606 0.002060
7.434359 0.002003
7.443111 0.001947
7.451863 0.001892
7.460615 0.001838
7.469367 0.001785
7.478120 0.001734
7.486872 0.001684
7.495624 0.001636
7.504376 0.001589
7.513128 0.001543
7.521880 0.001500
7.530633 0.001458
7.539385 0.001417
7.548137 0.001378
7.556889 0.001341
7.565641 0.001305
7.574394 0.001270
7.583146 0.001237
7.591898 0.001206
7.600650 0.001175
7.609402 0.001146
7.618155 0.001119
7.626907 0.001092
7.635659 0.001067
7.644411 0.001043
7.653163 0.001019
7.661915 0.000997
7.670668 0.000976
7.679420 0.000956
7.688172 0.000936
7.696924 0.000918
7.705676 0.000900
7.714429 0.000883
7.723181 0.000866
7.731933 0.000851
7.740685 0.000836
7.749437 0.000821
7.758190 0.000807
7.766942 0.000794
7.775694 0.000781
7.784446 0.000769
7.793198 0.000757
7.801950 0.000746
7.810703 0.000735
7.819455 0.000724
7.828207 0.000714
7.836959 0.000705
7.845711 0.000695
7.854464 0.000686
7.863216 0.000677
7.871968 0.000669
7.880720 0.000661
7.889472 0.000653
7.898225 0.000646
7.906977 0.000638
7.915729 0.000631
7.924481 0.000624
7.933233 0.000618
7.941985 0.000611
7.950738 0.000605
7.959490 0.000599
7.968242 0.000594
7.976994 0.000588
7.985746 0.000583
7.994499 0.000577
8.003251 0.000572
8.012003 0.000567
8.020755 0.000562
8.029507 0.000558
8.038260 0.000553
8.047012 0.000549
8.055764 0.000545
8.064516 0.000541
8.073268 0.000537
8.082021 0.000533
8.090773 0.000529
8.099525 0.000525
8.108277 0.000522
8.117029 0.000518
8.125781 0.000515
8.134534 0.000511
8.143286 0.000508
8.152038 0.000505
8.160790 0.000502
8.169542 0.000499
8.178295 0.000496
8.187047 0.000494
8.195799 0.000491
8.204551 0.000488
8.213303 0.000486
8.222056 0.000483
8.230808 0.000481
8.239560 0.000478
8.248312 0.000476
8.257064 0.000474
8.265816 0.000471
8.274569 0.000469
8.283321 0.000467
8.292073 0.000465
8.300825 0.000463
8.309577 0.000461
8.318330 0.000459
8.327082 0.000458
8.335834 0.000456
8.344586 0.000454
8.353338 0.000452
8.362091 0.000451
8.370843 0.000449
8.379595 0.000447
8.388347 0.000446
8.397099 0.000444
8.405851 0.000443
8.414604 0.000441
8.423356 0.000440
8.432108 0.000439
8.440860 0.000437
8.449612 0.000436
8.458365 0.000435
8.467117 0.000434
8.475869 0.000432
8.484621 0.000431
8.493373 0.000430
8.502126 0.000429
8.510878 0.000428
8.519630 0.000427
8.528382 0.000426
8.537134 0.000425
8.545886 0.000424
8.554639 0.000423
8.563391 0.000422
8.572143 0.000421
8.580895 0.000420
8.589647 0.000419
8.598400 0.000419
8.607152 0.000418
8.615904 0.000417
8.624656 0.000416
8.633408 0.000416
8.642161 0.000415
8.650913 0.000414
8.659665 0.000413
8.668417 0.000413
8.677169 0.000412
8.685921 0.000412
8.694674 0.000411
8.703426 0.000410
8.712178 0.000410
8.720930 0.000409
8.729682 0.000409
8.738435 0.000408
8.747187 0.000408
8.755939 0.000407
8.764691 0.000407
8.773443 0.000406
8.782196 0.000406
8.790948 0.000406
8.799700 0.000405
8.808452 0.000405
8.817204 0.000405
8.825956 0.000404
8.834709 0.000404
8.843461 0.000404
8.852213 0.000403
8.860965 0.000403
8.869717 0.000403
8.878470 0.000402
8.887222 0.000402
8.895974 0.000402
8.904726 0.000402
8.913478 0.000402
8.922231 0.000401
8.930983 0.000401
8.939735 0.000401
8.948487 0.000401
8.957239 0.000401
8.965991 0.000401
8.974744 0.000400
8.983496 0.000400
8.992248 0.000400
9.001000 0.000400
9.009752 0.000400
9.018505 0.000400
9.027257 0.000400
9.036009 0.000400
9.044761 0.000400
9.053513 0.000400
9.062266 0.000400
9.071018 0.000400
9.079770 0.000400
9.088522 0.000400
9.097274 0.000400
9.106027 0.000400
9.114779 0.000400
9.123531 0.000400
9.132283 0.000400
9.141035 0.000400
9.149787 0.000401
9.158540 0.000401
9.167292 0.000401
9.176044 0.000401
9.184796 0.000401
9.193548 0.000401
9.202301 0.000401
9.211053 0.000402
9.219805 0.000402
9.228557 0.000402
9.237309 0.000402
9.246062 0.000402
9.254814 0.000403
9.263566 0.000403
9.272318 0.000403
9.281070 0.000403
9.289822 0.000404
9.298575 0.000404
9.307327 0.000404
9.316079 0.000404
9.324831 0.000405
9.333583 0.000405
9.342336 0.000405
9.351088 0.000406
9.359840 0.000406
9.368592 0.000406
9.377344 0.000407
9.386097 0.000407
9.394849 0.000408
9.403601 0.000408
9.412353 0.000408
9.421105 0.000409
9.429857 0.000409
9.438610 0.000410
9.447362 0.000410
9.456114 0.000410
9.464866 0.000411
9.473618 0.000411
9.482371 0.000412
9.491123 0.000412
9.499875 0.000413
9.508627 0.000413
9.517379 0.000414
9.526132 0.000414
9.534884 0.000415
9.543636 0.000415
9.552388 0.000416
9.561140 0.000416
9.569892 0.000417
9.578645 0.000417
9.587397 0.000418
9.596149 0.000419
9.604901 0.000419
9.613653 0.000420
9.622406 0.000420
9.631158 0.000421
9.639910 0.000422
9.648662 0.000422
9.657414 0.000423
9.666167 0.000424
9.674919 0.000424
9.683671 0.000425
9.692423 0.000426
9.701175 0.000426
9.709927 0.000427
9.718680 0.000428
9.727432 0.000428
9.736184 0.000429
9.744936 0.000430
9.753688 0.000431
9.762441 0.000431
9.771193 0.000432
9.779945 0.000433
9.788697 0.000434
9.797449 0.000434
9.806202 0.000435
9.814954 0.000436
9.823706 0.000437
9.832458 0.000438
9.841210 0.000438
9.849962 0.000439
9.858715 0.000440
9.867467 0.000441
9.876219 0.000442
9.884971 0.000443
9.893723 0.000444
9.902476 0.000445
9.911228 0.000445
9.919980 0.000446
9.928732 0.000447
9.937484 0.000448
9.946237 0.000449
9.954989 0.000450
9.963741 0.000451
9.972493 0.000452
9.981245 0.000453
9.989997 0.000454
9.998750 0.000455
10.007502 0.000456
10.016254 0.000457
10.025006 0.000458
10.033758 0.000459
10.042511 0.000460
10.051263 0.000461
10.060015 0.000463
10.068767 0.000464
10.077519 0.000465
10.086272 0.000466
10.095024 0.000467
10.103776 0.000468
10.112528 0.000469
10.121280 0.000470
10.130033 0.000472
10.138785 0.000473
10.147537 0.000474
10.156289 0.000475
10.165041 0.000476
10.173793 0.000478
10.182546 0.000479
10.191298 0.000480
10.200050 0.000481
10.208802 0.000483
10.217554 0.000484
10.226307 0.000485
10.235059 0.000487
10.243811 0.000488
10.252563 0.000489
10.261315 0.000491
10.270068 0.000492
10.278820 0.000493
10.287572 0.000495
10.296324 0.000496
10.305076 0.000498
10.313828 0.000499
10.322581 0.000500
10.331333 0.000502
10.340085 0.000503
10.348837 0.000505
10.357589 0.000506
10.366342 0.000508
10.375094 0.000509
10.383846 0.000511
10.392598 0.000512
10.401350 0.000514
10.410103 0.000516
10.418855 0.000517
10.427607 0.000519
10.436359 0.000520
10.445111 0.000522
10.453863 0.000524
10.462616 0.000525
10.471368 0.000527
10.480120 0.000529
10.488872 0.000530
10.497624 0.000532
10.506377 0.000534
10.515129 0.000536
10.523881 0.000537
10.532633 0.000539
10.541385 0.000541
10.550138 0.000543
10.558890 0.000545
10.567642 0.000546
10.576394 0.000548
10.585146 0.000550
10.593898 0.000552
10.602651 0.000554
10.611403 0.000556
10.620155 0.000558
10.628907 0.000560
10.637659 0.000562
10.646412 0.000564
10.655164 0.000566
10.663916 0.000568
10.672668 0.000570
10.681420 0.000572
10.690173 0.000574
10.698925 0.000576
10.707677 0.000578
10.716429 0.000581
10.725181 0.000583
10.733933 0.000585
10.742686 0.000587
10.751438 0.000589
10.760190 0.000592
10.768942 0.000594
10.777694 0.000596
10.786447 0.000598
10.795199 0.000601
10.803951 0.000603
10.812703 0.000606
10.821455 0.000608
10.830208 0.000610
10.838960 0.000613
10.847712 0.000615
10.856464 0.000618
10.865216 0.000620
10.873968 0.000623
10.882721 0.000625
10.891473 0.000628
10.900225 0.000631
10.908977 0.000633
10.917729 0.000636
10.926482 0.000638
10.935234 0.000641
10.943986 0.000644
10.952738 0.000647
10.961490 0.000649
10.970243 0.000652
10.978995 0.000655
10.987747 0.000658
10.996499 0.000661
11.005251 0.000664
11.014004 0.000667
11.022756 0.000670
11.031508 0.000673
11.040260 0.000676
11.049012 0.000679
11.057764 0.000682
11.066517 0.000685
11.075269 0.000688
11.084021 0.000691
11.092773 0.000694
11.101525 0.000698
11.110278 0.000701
11.119030 0.000704
11.127782 0.000708
11.136534 0.000711
11.145286 0.000714
11.154039 0.000718
11.162791 0.000721
11.171543 0.000725
11.180295 0.000728
11.189047 0.000732
11.197799 0.000736
11.206552 0.000739
11.215304 0.000743
11.224056 0.000747
11.232808 0.000750
11.241560 0.000754
11.250313 0.000758
11.259065 0.000762
11.267817 0.000766
11.276569 0.000770
11.285321 0.000774
11.294074 0.000778
11.302826 0.000782
11.311578 0.000786
11.320330 0.000790
11.329082 0.000794
11.337834 0.000798
11.346587 0.000803
11.355339 0.000807
11.364091 0.000811
11.372843 0.000816
11.381595 0.000820
11.390348 0.000825
11.399100 0.000829
11.407852 0.000834
11.416604 0.000839
11.425356 0.000843
11.434109 0.000848
11.442861 0.000853
11.451613 0.000858
11.460365 0.000863
11.469117 0.000868
11.477869 0.000873
11.486622 0.000878
11.495374 0.000883
11.504126 0.000888
11.512878 0.000893
11.521630 0.000899
11.530383 0.000904
11.539135 0.000909
11.547887 0.000915
11.556639 0.000920
11.565391 0.000926
11.574144 0.000932
11.582896 0.000937
11.591648 0.000943
11.600400 0.000949
11.609152 0.000955
11.617904 0.000961
11.626657 0.000967
11.635409 0.000973
11.644161 0.000980
11.652913 0.000986
11.661665 0.000992
11.670418 0.000999
11.679170 0.001005
11.687922 0.001012
11.696674 0.001018
11.705426 0.001025
11.714179 0.001032
11.722931 0.001039
11.731683 0.001046
11.740435 0.001053
11.749187 0.001060
11.757939 0.001068
11.766692 0.001075
11.775444 0.001082
11.784196 0.001090
11.792948 0.001098
11.801700 0.001105
11.810453 0.001113
11.819205 0.001121
11.827957 0.001129
11.836709 0.001137
11.845461 0.001146
11.854214 0.001154
11.862966 0.001162
11.871718 0.001171
11.880470 0.001180
11.889222 0.001188
11.897974 0.001197
11.906727 0.001206
11.915479 0.001216
11.924231 0.001225
11.932983 0.001234
11.941735 0.001244
11.950488 0.001254
11.959240 0.001263
11.967992 0.001273
11.976744 0.001283
11.985496 0.001294
11.994249 0.001304
12.003001 0.001314
12.011753 0.001325
12.020505 0.001336
12.029257 0.001347
12.038010 0.001358
12.046762 0.001369
12.055514 0.001381
12.064266 0.001392
12.073018 0.001404
12.081770 0.001416
12.090523 0.001428
12.099275 0.001441
12.108027 0.001453
12.116779 0.001466
12.125531 0.001479
12.134284 0.001492
12.143036 0.001505
12.151788 0.001519
12.160540 0.001532
12.169292 0.001546
12.178045 0.001561
12.186797 0.001575
12.195549 0.001590
12.204301 0.001604
12.213053 0.001619
12.221805 0.001635
12.230558 0.001650
12.239310 0.001666
12.248062 0.001682
12.256814 0.001699
12.265566 0.001715
12.274319 0.001732
12.283071 0.001750
12.291823 0.001767
12.300575 0.001785
12.309327 0.001803
12.318080 0.001821
12.326832 0.001840
12.335584 0.001859
12.344336 0.001879
12.353088 0.001899
12.361840 0.001919
12.370593 0.001939
12.379345 0.001960
12.388097 0.001982
12.396849 0.002003
12.405601 0.002025
12.414354 0.002048
12.423106 0.002071
12.431858 0.002094
12.440610 0.002118
12.449362 0.002142
12.458115 0.002167
12.466867 0.002192
12.475619 0.002218
12.484371 0.002245
12.493123 0.002271
12.501875 0.002299
12.510628 0.002327
12.519380 0.002355
12.528132 0.002384
12.536884 0.002414
12.545636 0.002445
12.554389 0.002476
12.563141 0.002507
12.571893 0.002540
12.580645 0.002573
12.589397 0.002607
12.598150 0.002641
12.606902 0.002677
12.615654 0.002713
12.624406 0.002750
12.633158 0.002788
12.641910 0.002827
12.650663 0.002867
12.659415 0.002907
12.668167 0.002949
12.676919 0.002992
12.685671 0.003036
12.694424 0.003080
12.703176 0.003126
12.711928 0.003174
12.720680 0.003222
12.729432 0.003272
12.738185 0.003322
12.746937 0.003375
12.755689 0.003428
12.764441 0.003483
12.773193 0.003540
12.781945 0.003598
12.790698 0.003658
12.799450 0.003720
12.808202 0.003783
12.816954 0.003848
12.825706 0.003915
12.834459 0.003984
12.843211 0.004055
12.851963 0.004128
12.860715 0.004203
12.869467 0.004281
12.878220 0.004361
12.886972 0.004443
12.895724 0.004529
12.904476 0.004617
12.913228 0.004708
12.921980 0.004801
12.930733 0.004898
12.939485 0.004999
12.948237 0.005102
12.956989 0.005210
12.965741 0.005321
12.974494 0.005436
12.983246 0.005555
12.991998 0.005679
13.000750 0.005807
13.009502 0.005940
13.018255 0.006078
13.027007 0.006221
13.035759 0.006370
13.044511 0.006524
13.053263 0.006685
13.062016 0.006852
13.070768 0.007026
13.079520 0.007207
13.088272 0.007395
13.097024 0.007592
13.105776 0.007796
13.114529 0.008010
13.123281 0.008233
13.132033 0.008465
13.140785 0.008707
13.149537 0.008961
13.158290 0.009225
13.167042 0.009501
13.175794 0.009790
13.184546 0.010092
13.193298 0.010407
13.202051 0.010736
13.210803 0.011081
13.219555 0.011441
13.228307 0.011817
13.237059 0.012210
13.245811 0.012620
13.254564 0.013048
13.263316 0.013495
13.272068 0.013961
13.280820 0.014447
13.289572 0.014953
13.298325 0.015479
13.307077 0.016026
13.315829 0.016594
13.324581 0.017183
13.333333 0.017792
13.342086 0.018421
13.350838 0.019071
13.359590 0.019740
13.368342 0.020428
13.377094 0.021133
13.385846 0.021854
13.394599 0.022590
13.403351 0.023339
13.412103 0.024100
13.420855 0.024869
13.429607 0.025644
13.438360 0.026423
13.447112 0.027203
13.455864 0.027981
13.464616 0.028753
13.473368 0.029516
13.482121 0.030266
13.490873 0.031001
13.499625 0.031715
13.508377 0.032407
13.517129 0.033071
13.525881 0.033704
13.534634 0.034304
13.543386 0.034867
13.552138 0.035389
13.560890 0.035868
13.569642 0.036303
13.578395 0.036690
13.587147 0.037028
13.595899 0.037316
13.604651 0.037552
13.613403 0.037738
13.622156 0.037872
13.630908 0.037955
13.639660 0.037988
13.648412 0.037972
13.657164 0.037910
13.665916 0.037803
13.674669 0.037653
13.683421 0.037464
13.692173 0.037239
13.700925 0.036982
13.709677 0.036695
13.718430 0.036382
13.727182 0.036048
13.735934 0.035696
13.744686 0.035331
13.753438 0.034956
13.762191 0.034575
13.770943 0.034193
13.779695 0.033812
13.788447 0.033438
13.797199 0.033073
13.805951 0.032720
13.814704 0.032383
13.823456 0.032064
13.832208 0.031767
13.840960 0.031493
13.849712 0.031245
13.858465 0.031025
13.867217 0.030833
13.875969 0.030671
13.884721 0.030540
13.893473 0.030441
13.902226 0.030374
13.910978 0.030339
13.919730 0.030335
13.928482 0.030362
13.937234 0.030419
13.945986 0.030505
13.954739 0.030617
13.963491 0.030755
13.972243 0.030916
13.980995 0.031099
13.989747 0.031299
13.998500 0.031515
14.007252 0.031745
14.016004 0.031984
14.024756 0.032229
14.033508 0.032479
14.042261 0.032728
14.051013 0.032975
14.059765 0.033216
14.068517 0.033449
14.077269 0.033669
14.086022 0.033875
14.094774 0.034064
14.103526 0.034234
14.112278 0.034384
14.121030 0.034510
14.129782 0.034613
14.138535 0.034691
14.147287 0.034744
14.156039 0.034772
14.164791 0.034775
14.173543 0.034754
14.182296 0.034709
14.191048 0.034643
14.199800 0.034557
14.208552 0.034453
14.217304 0.034333
14.226057 0.034200
14.234809 0.034056
14.243561 0.033905
14.252313 0.033749
14.261065 0.033590
14.269817 0.033433
14.278570 0.033280
14.287322 0.033133
14.296074 0.032996
14.304826 0.032870
14.313578 0.032758
14.322331 0.032661
14.331083 0.032582
14.339835 0.032522
14.348587 0.032481
14.357339 0.032461
14.366092 0.032462
14.374844 0.032483
14.383596 0.032525
14.392348 0.032586
14.401100 0.032666
14.409852 0.032763
14.418605 0.032876
14.427357 0.033003
14.436109 0.033142
14.444861 0.033290
14.453613 0.033445
14.462366 0.033605
14.471118 0.033767
14.479870 0.033927
14.488622 0.034085
14.497374 0.034237
14.506127 0.034381
14.514879 0.034514
14.523631 0.034635
14.532383 0.034742
14.541135 0.034833
14.549887 0.034907
14.558640 0.034963
14.567392 0.035001
14.576144 0.035020
14.584896 0.035021
14.593648 0.035004
14.602401 0.034971
14.611153 0.034922
14.619905 0.034859
14.628657 0.034785
14.637409 0.034701
14.646162 0.034609
14.654914 0.034513
14.663666 0.034416
14.672418 0.034320
14.681170 0.034228
14.689922 0.034144
14.698675 0.034070
14.707427 0.034011
14.716179 0.033968
14.724931 0.033945
14.733683 0.033945
14.742436 0.033970
14.751188 0.034022
14.759940 0.034104
14.768692 0.034217
14.777444 0.034363
14.786197 0.034543
14.794949 0.034758
14.803701 0.035008
14.812453 0.035293
14.821205 0.035612
14.829957 0.035965
14.838710 0.036351
14.847462 0.036767
14.856214 0.037212
14.864966 0.037682
14.873718 0.038176
14.882471 0.038690
14.891223 0.039219
14.899975 0.039761
14.908727 0.040309
14.917479 0.040861
14.926232 0.041411
14.934984 0.041953
14.943736 0.042484
14.952488 0.042997
14.961240 0.043487
14.969992 0.043950
14.978745 0.044380
14.987497 0.044774
14.996249 0.045125
15.005001 0.045431
15.013753 0.045687
15.022506 0.045891
15.031258 0.046040
15.040010 0.046131
15.048762 0.046164
15.057514 0.046137
15.066267 0.046050
15.075019 0.045904
15.083771 0.045700
15.092523 0.045438
15.101275 0.045122
15.110028 0.044754
15.118780 0.044338
15.127532 0.043877
15.136284 0.043375
15.145036 0.042837
15.153788 0.042268
15.162541 0.041671
15.171293 0.041053
15.180045 0.040419
15.188797 0.039772
15.197549 0.039120
15.206302 0.038465
15.215054 0.037813
15.223806 0.037169
15.232558 0.036535
15.241310 0.035917
15.250063 0.035318
15.258815 0.034740
15.267567 0.034187
15.276319 0.033660
15.285071 0.033161
15.293823 0.032693
15.302576 0.032255
15.311328 0.031849
15.320080 0.031475
15.328832 0.031132
15.337584 0.030820
15.346337 0.030537
15.355089 0.030283
15.363841 0.030056
15.372593 0.029854
15.381345 0.029674
15.390098 0.029515
15.398850 0.029373
15.407602 0.029246
15.416354 0.029131
15.425106 0.029025
15.433858 0.028924
15.442611 0.028826
15.451363 0.028727
15.460115 0.028625
15.468867 0.028516
15.477619 0.028397
15.486372 0.028266
15.495124 0.028121
15.503876 0.027959
15.512628 0.027778
15.521380 0.027576
15.530133 0.027353
15.538885 0.027106
15.547637 0.026836
15.556389 0.026542
15.565141 0.026223
15.573893 0.025881
15.582646 0.025515
15.591398 0.025126
15.600150 0.024716
15.608902 0.024285
15.617654 0.023836
15.626407 0.023369
15.635159 0.022887
15.643911 0.022391
15.652663 0.021884
15.661415 0.021368
15.670168 0.020845
15.678920 0.020317
15.687672 0.019785
15.696424 0.019253
15.705176 0.018721
15.713928 0.018192
15.722681 0.017668
15.731433 0.017149
15.740185 0.016638
15.748937 0.016135
15.757689 0.015642
15.766442 0.015160
15.775194 0.014689
15.783946 0.014231
15.792698 0.013785
15.801450 0.013353
15.810203 0.012934
15.818955 0.012529
15.827707 0.012137
15.836459 0.011760
15.845211 0.011396
15.853963 0.011046
15.862716 0.010709
15.871468 0.010385
15.880220 0.010075
15.888972 0.009776
15.897724 0.009490
15.906477 0.009216
15.915229 0.008953
15.923981 0.008701
15.932733 0.008459
15.941485 0.008228
15.950238 0.008006
15.958990 0.007794
15.967742 0.007590
15.976494 0.007395
15.985246 0.007208
15.993998 0.007029
16.002751 0.006857
16.011503 0.006692
16.020255 0.006534
16.029007 0.006382
16.037759 0.006237
16.046512 0.006097
16.055264 0.005963
16.064016 0.005834
16.072768 0.005710
16.081520 0.005591
16.090273 0.005477
16.099025 0.005367
16.107777 0.005261
16.116529 0.005159
16.125281 0.005061
16.134034 0.004967
16.142786 0.004877
16.151538 0.004789
16.160290 0.004705
16.169042 0.004625
16.177794 0.004547
16.186547 0.004472
16.195299 0.004400
16.204051 0.004331
16.212803 0.004265
16.221555 0.004201
16.230308 0.004139
16.239060 0.004080
16.247812 0.004023
16.256564 0.003969
16.265316 0.003917
16.274069 0.003866
16.282821 0.003818
16.291573 0.003772
16.300325 0.003728
16.309077 0.003686
16.317829 0.003646
16.326582 0.003608
16.335334 0.003571
16.344086 0.003537
16.352838 0.003504
16.361590 0.003472
16.370343 0.003442
16.379095 0.003414
16.387847 0.003387
16.396599 0.003362
16.405351 0.003338
16.414104 0.003315
16.422856 0.003294
16.431608 0.003274
16.440360 0.003255
16.449112 0.003237
16.457864 0.003219
16.466617 0.003203
16.475369 0.003188
16.484121 0.003173
16.492873 0.003158
16.501625 0.003145
16.510378 0.003131
16.519130 0.003118
16.527882 0.003105
16.536634 0.003093
16.545386 0.003080
16.554139 0.003068
16.562891 0.003055
16.571643 0.003042
16.580395 0.003029
16.589147 0.003016
16.597899 0.003002
16.606652 0.002988
16.615404 0.002974
16.624156 0.002959
16.632908 0.002944
16.641660 0.002929
16.650413 0.002914
16.659165 0.002898
16.667917 0.002882
16.676669 0.002866
16.685421 0.002850
16.694174 0.002834
16.702926 0.002818
16.711678 0.002802
16.720430 0.002786
16.729182 0.002771
16.737934 0.002757
16.746687 0.002743
16.755439 0.002730
16.764191 0.002717
16.772943 0.002706
16.781695 0.002695
16.790448 0.002686
16.799200 0.002678
16.807952 0.002671
16.816704 0.002666
16.825456 0.002662
16.834209 0.002659
16.842961 0.002658
16.851713 0.002659
16.860465 0.002661
16.869217 0.002665
16.877969 0.002671
16.886722 0.002678
16.895474 0.002686
16.904226 0.002697
16.912978 0.002709
16.921730 0.002722
16.930483 0.002736
16.939235 0.002752
16.947987 0.002769
16.956739 0.002787
16.965491 0.002806
16.974244 0.002825
16.982996 0.002845
16.991748 0.002865
17.000500 0.002885
17.009252 0.002905
17.018005 0.002925
17.026757 0.002944
17.035509 0.002962
17.044261 0.002979
17.053013 0.002995
17.061765 0.003009
17.070518 0.003022
17.079270 0.003032
17.088022 0.003041
17.096774 0.003047
17.105526 0.003051
17.114279 0.003052
17.123031 0.003050
17.131783 0.003046
17.140535 0.003038
17.149287 0.003028
17.158040 0.003014
17.166792 0.002998
17.175544 0.002978
17.184296 0.002956
17.193048 0.002931
17.201800 0.002903
17.210553 0.002873
17.219305 0.002841
17.228057 0.002806
17.236809 0.002769
17.245561 0.002730
17.254314 0.002689
17.263066 0.002647
17.271818 0.002604
17.280570 0.002560
17.289322 0.002515
17.298075 0.002469
17.306827 0.002423
17.315579 0.002377
17.324331 0.002330
17.333083 0.002284
17.341835 0.002238
17.350588 0.002193
17.359340 0.002148
17.368092 0.002103
17.376844 0.002060
17.385596 0.002017
17.394349 0.001975
17.403101 0.001934
17.411853 0.001895
17.420605 0.001856
17.429357 0.001819
17.438110 0.001783
17.446862 0.001747
17.455614 0.001714
17.464366 0.001681
17.473118 0.001649
17.481870 0.001619
17.490623 0.001590
17.499375 0.001562
17.508127 0.001535
17.516879 0.001509
17.525631 0.001484
17.534384 0.001460
17.543136 0.001437
17.551888 0.001415
17.560640 0.001394
17.569392 0.001374
17.578145 0.001355
17.586897 0.001337
17.595649 0.001319
17.604401 0.001302
17.613153 0.001286
17.621905 0.001271
17.630658 0.001256
17.639410 0.001242
17.648162 0.001229
17.656914 0.001216
17.665666 0.001204
17.674419 0.001192
17.683171 0.001181
17.691923 0.001170
17.700675 0.001160
17.709427 0.001150
17.718180 0.001140
17.726932 0.001131
17.735684 0.001122
17.744436 0.001113
17.753188 0.001105
17.761940 0.001096
17.770693 0.001088
17.779445 0.001081
17.788197 0.001073
17.796949 0.001065
17.805701 0.001058
17.814454 0.001051
17.823206 0.001043
17.831958 0.001036
17.840710 0.001029
17.849462 0.001022
17.858215 0.001014
17.866967 0.001007
17.875719 0.001000
17.884471 0.000993
17.893223 0.000986
17.901975 0.000979
17.910728 0.000972
17.919480 0.000964
17.928232 0.000957
17.936984 0.000950
17.945736 0.000943
17.954489 0.000936
17.963241 0.000929
17.971993 0.000922
17.980745 0.000915
17.989497 0.000908
17.998250 0.000902
18.007002 0.000895
18.015754 0.000889
18.024506 0.000882
18.033258 0.000876
18.042011 0.000870
18.050763 0.000864
18.059515 0.000858
18.068267 0.000853
18.077019 0.000847
18.085771 0.000842
18.094524 0.000837
18.103276 0.000832
18.112028 0.000827
18.120780 0.000822
18.129532 0.000818
18.138285 0.000813
18.147037 0.000809
18.155789 0.000805
18.164541 0.000801
18.173293 0.000797
18.182046 0.000793
18.190798 0.000790
18.199550 0.000786
18.208302 0.000782
18.217054 0.000779
18.225806 0.000775
18.234559 0.000772
18.243311 0.000768
18.252063 0.000765
18.260815 0.000761
18.269567 0.000758
18.278320 0.000754
18.287072 0.000751
18.295824 0.000747
18.304576 0.000744
18.313328 0.000740
18.322081 0.000736
18.330833 0.000733
18.339585 0.000729
18.348337 0.000725
18.357089 0.000721
18.365841 0.000717
18.374594 0.000713
18.383346 0.000709
18.392098 0.000705
18.400850 0.000701
18.409602 0.000697
18.418355 0.000693
18.427107 0.000689
18.435859 0.000684
18.444611 0.000680
18.453363 0.000675
18.462116 0.000671
18.470868 0.000666
18.479620 0.000662
18.488372 0.000657
18.497124 0.000652
18.505876 0.000648
18.514629 0.000643
18.523381 0.000638
18.532133 0.000633
18.540885 0.000628
18.549637 0.000623
18.558390 0.000618
18.567142 0.000613
18.575894 0.000608
18.584646 0.000603
18.593398 0.000598
18.602151 0.000593
18.610903 0.000588
18.619655 0.000583
18.628407 0.000578
18.637159 0.000573
18.645911 0.000568
18.654664 0.000563
18.663416 0.000558
18.672168 0.000553
18.680920 0.000549
18.689672 0.000544
18.698425 0.000539
18.707177 0.000535
18.715929 0.000530
18.724681 0.000526
18.733433 0.000521
18.742186 0.000517
18.750938 0.000513
18.759690 0.000509
18.768442 0.000505
18.777194 0.000501
18.785946 0.000497
18.794699 0.000494
18.803451 0.000490
18.812203 0.000486
18.820955 0.000483
18.829707 0.000479
18.838460 0.000476
18.847212 0.000473
18.855964 0.000470
18.864716 0.000466
18.873468 0.000463
18.882221 0.000460
18.890973 0.000457
18.899725 0.000455
18.908477 0.000452
18.917229 0.000449
18.925981 0.000446
18.934734 0.000444
18.943486 0.000441
18.952238 0.000438
18.960990 0.000436
18.969742 0.000433
18.978495 0.000431
18.987247 0.000429
18.995999 0.000426
19.004751 0.000424
19.013503 0.000422
19.022256 0.000420
19.031008 0.000417
19.039760 0.000415
19.048512 0.000413
19.057264 0.000411
19.066017 0.000409
19.074769 0.000407
19.083521 0.000405
19.092273 0.000403
19.101025 0.000401
19.109777 0.000399
19.118530 0.000397
19.127282 0.000395
19.136034 0.000393
19.144786 0.000392
19.153538 0.000390
19.162291 0.000388
19.171043 0.000386
19.179795 0.000384
19.188547 0.000383
19.197299 0.000381
19.206052 0.000379
19.214804 0.000378
19.223556 0.000376
19.232308 0.000374
19.241060 0.000373
19.249812 0.000371
19.258565 0.000370
19.267317 0.000368
19.276069 0.000367
19.284821 0.000365
19.293573 0.000363
19.302326 0.000362
19.311078 0.000360
19.319830 0.000359
19.328582 0.000358
19.337334 0.000356
19.346087 0.000355
19.354839 0.000353
19.363591 0.000352
19.372343 0.000350
19.381095 0.000349
19.389847 0.000348
19.398600 0.000346
19.407352 0.000345
19.416104 0.000344
19.424856 0.000342
19.433608 0.000341
19.442361 0.000340
19.451113 0.000338
19.459865 0.000337
19.468617 0.000336
19.477369 0.000335
19.486122 0.000333
19.494874 0.000332
19.503626 0.000331
19.512378 0.000330
19.521130 0.000328
19.529882 0.000327
19.538635 0.000326
19.547387 0.000325
19.556139 0.000324
19.564891 0.000322
19.573643 0.000321
19.582396 0.000320
19.591148 0.000319
19.599900 0.000318
19.608652 0.000317
19.617404 0.000316
19.626157 0.000315
19.634909 0.000313
19.643661 0.000312
19.652413 0.000311
19.661165 0.000310
19.669917 0.000309
19.678670 0.000308
19.687422 0.000307
19.696174 0.000306
19.704926 0.000305
19.713678 0.000304
19.722431 0.000303
19.731183 0.000302
19.739935 0.000301
19.748687 0.000300
19.757439 0.000299
19.766192 0.000298
19.774944 0.000297
19.783696 0.000296
19.792448 0.000295
19.801200 0.000294
19.809952 0.000293
19.818705 0.000292
19.827457 0.000291
19.836209 0.000290
19.844961 0.000289
19.853713 0.000288
19.862466 0.000288
19.871218 0.000287
19.879970 0.000286
19.888722 0.000285
19.897474 0.000284
19.906227 0.000283
19.914979 0.000282
19.923731 0.000281
19.932483 0.000280
19.941235 0.000280
19.949987 0.000279
19.958740 0.000278
19.967492 0.000277
19.976244 0.000276
19.984996 0.000275
19.993748 0.000275
20.002501 0.000274
20.011253 0.000273
20.020005 0.000272
20.028757 0.000271
20.037509 0.000271
20.046262 0.000270
20.055014 0.000269
20.063766 0.000268
20.072518 0.000267
20.081270 0.000267
20.090023 0.000266
20.098775 0.000265
20.107527 0.000264
20.116279 0.000264
20.125031 0.000263
20.133783 0.000262
20.142536 0.000261
20.151288 0.000261
20.160040 0.000260
20.168792 0.000259
20.177544 0.000258
20.186297 0.000258
20.195049 0.000257
20.203801 0.000256
20.212553 0.000256
20.221305 0.000255
20.230058 0.000254
20.238810 0.000253
20.247562 0.000253
20.256314 0.000252
20.265066 0.000251
20.273818 0.000251
20.282571 0.000250
20.291323 0.000249
20.300075 0.000249
20.308827 0.000248
20.317579 0.000247
20.326332 0.000247
20.335084 0.000246
20.343836 0.000246
20.352588 0.000245
20.361340 0.000244
20.370093 0.000244
20.378845 0.000243
20.387597 0.000242
20.396349 0.000242
20.405101 0.000241
20.413853 0.000241
20.422606 0.000240
20.431358 0.000239
20.440110 0.000239
20.448862 0.000238
20.457614 0.000238
20.466367 0.000237
20.475119 0.000236
20.483871 0.000236
20.492623 0.000235
20.501375 0.000235
20.510128 0.000234
20.518880 0.000234
20.527632 0.000233
20.536384 0.000232
20.545136 0.000232
20.553888 0.000231
20.562641 0.000231
20.571393 0.000230
20.580145 0.000230
20.588897 0.000229
20.597649 0.000229
20.606402 0.000228
20.615154 0.000228
20.623906 0.000227
20.632658 0.000227
20.641410 0.000226
20.650163 0.000226
20.658915 0.000225
20.667667 0.000225
20.676419 0.000224
20.685171 0.000224
20.693923 0.000223
20.702676 0.000223
20.711428 0.000222
20.720180 0.000222
20.728932 0.000221
20.737684 0.000221
20.746437 0.000220
20.755189 0.000220
20.763941 0.000219
20.772693 0.000219
20.781445 0.000218
20.790198 0.000218
20.798950 0.000218
20.807702 0.000217
20.816454 0.000217
20.825206 0.000216
20.833958 0.000216
20.842711 0.000215
20.851463 0.000215
20.860215 0.000215
20.868967 0.000214
20.877719 0.000214
20.886472 0.000213
20.895224 0.000213
20.903976 0.000213
20.912728 0.000212
20.921480 0.000212
20.930233 0.000211
20.938985 0.000211
20.947737 0.000211
20.956489 0.000210
20.965241 0.000210
20.973993 0.000209
20.982746 0.000209
20.991498 0.000209
21.000250 0.000208
21.009002 0.000208
21.017754 0.000208
21.026507 0.000207
21.035259 0.000207
21.044011 0.000207
21.052763 0.000206
21.061515 0.000206
21.070268 0.000206
21.079020 0.000205
21.087772 0.000205
21.096524 0.000205
21.105276 0.000204
21.114029 0.000204
21.122781 0.000204
21.131533 0.000203
21.140285 0.000203
21.149037 0.000203
21.157789 0.000202
21.166542 0.000202
21.175294 0.000202
21.184046 0.000202
21.192798 0.000201
21.201550 0.000201
21.210303 0.000201
21.219055 0.000201
21.227807 0.000200
21.236559 0.000200
21.245311 0.000200
21.254064 0.000200
21.262816 0.000199
21.271568 0.000199
21.280320 0.000199
21.289072 0.000199
21.297824 0.000198
21.306577 0.000198
21.315329 0.000198
21.324081 0.000198
21.332833 0.000198
21.341585 0.000197
21.350338 0.000197
21.359090 0.000197
21.367842 0.000197
21.376594 0.000197
21.385346 0.000196
21.394099 0.000196
21.402851 0.000196
21.411603 0.000196
21.420355 0.000196
21.429107 0.000196
21.437859 0.000195
21.446612 0.000195
21.455364 0.000195
21.464116 0.000195
21.472868 0.000195
21.481620 0.000195
21.490373 0.000195
21.499125 0.000195
21.507877 0.000195
21.516629 0.000195
21.525381 0.000195
21.534134 0.000194
21.542886 0.000194
21.551638 0.000194
21.560390 0.000194
21.569142 0.000194
21.577894 0.000194
21.586647 0.000194
21.595399 0.000194
21.604151 0.000194
21.612903 0.000194
21.621655 0.000194
21.630408 0.000195
21.639160 0.000195
21.647912 0.000195
21.656664 0.000195
21.665416 0.000195
21.674169 0.000195
21.682921 0.000195
21.691673 0.000195
21.700425 0.000195
21.709177 0.000196
21.717929 0.000196
21.726682 0.000196
21.735434 0.000196
21.744186 0.000196
21.752938 0.000197
21.761690 0.000197
21.770443 0.000197
21.779195 0.000197
21.787947 0.000198
21.796699 0.000198
21.805451 0.000198
21.814204 0.000199
21.822956 0.000199
21.831708 0.000199
21.840460 0.000200
21.849212 0.000200
21.857964 0.000200
21.866717 0.000201
21.875469 0.000201
21.884221 0.000201
21.892973 0.000201
21.901725 0.000202
21.910478 0.000202
21.919230 0.000202
21.927982 0.000203
21.936734 0.000203
21.945486 0.000203
21.954239 0.000204
21.962991 0.000204
21.971743 0.000204
21.980495 0.000204
21.989247 0.000204
21.997999 0.000205
22.006752 0.000205
22.015504 0.000205
22.024256 0.000205
22.033008 0.000206
22.041760 0.000206
22.050513 0.000206
22.059265 0.000206
22.068017 0.000206
22.076769 0.000207
22.085521 0.000207
22.094274 0.000207
22.103026 0.000207
22.111778 0.000207
22.120530 0.000208
22.129282 0.000208
22.138035 0.000208
22.146787 0.000208
22.155539 0.000209
22.164291 0.000209
22.173043 0.000209
22.181795 0.000210
22.190548 0.000210
22.199300 0.000210
22.208052 0.000211
22.216804 0.000211
22.225556 0.000212
22.234309 0.000212
22.243061 0.000213
22.251813 0.000214
22.260565 0.000214
22.269317 0.000215
22.278070 0.000215
22.286822 0.000216
22.295574 0.000217
22.304326 0.000218
22.313078 0.000219
22.321830 0.000219
22.330583 0.000220
22.339335 0.000221
22.348087 0.000222
22.356839 0.000223
22.365591 0.000224
22.374344 0.000226
22.383096 0.000227
22.391848 0.000228
22.400600 0.000229
22.409352 0.000231
22.418105 0.000232
22.426857 0.000233
22.435609 0.000235
22.444361 0.000236
22.453113 0.000238
22.461865 0.000240
22.470618 0.000241
22.479370 0.000243
22.488122 0.000245
22.496874 0.000247
22.505626 0.000249
22.514379 0.000251
22.523131 0.000253
22.531883 0.000255
22.540635 0.000258
22.549387 0.000260
22.558140 0.000262
22.566892 0.000265
22.575644 0.000267
22.584396 0.000270
22.593148 0.000273
22.601900 0.000276
22.610653 0.000279
22.619405 0.000282
22.628157 0.000285
22.636909 0.000288
22.645661 0.000292
22.654414 0.000295
22.663166 0.000299
22.671918 0.000303
22.680670 0.000307
22.689422 0.000311
22.698175 0.000315
22.706927 0.000319
22.715679 0.000324
22.724431 0.000329
22.733183 0.000334
22.741935 0.000339
22.750688 0.000344
22.759440 0.000350
22.768192 0.000356
22.776944 0.000362
22.785696 0.000368
22.794449 0.000375
22.803201 0.000382
22.811953 0.000389
22.820705 0.000397
22.829457 0.000405
22.838210 0.000413
22.846962 0.000422
22.855714 0.000431
22.864466 0.000441
22.873218 0.000451
22.881970 0.000461
22.890723 0.000472
22.899475 0.000484
22.908227 0.000496
22.916979 0.000508
22.925731 0.000522
22.934484 0.000535
22.943236 0.000550
22.951988 0.000565
22.960740 0.000581
22.969492 0.000597
22.978245 0.000614
22.986997 0.000632
22.995749 0.000650
23.004501 0.000670
23.013253 0.000689
23.022006 0.000710
23.030758 0.000731
23.039510 0.000753
23.048262 0.000776
23.057014 0.000800
23.065766 0.000824
23.074519 0.000848
23.083271 0.000873
23.092023 0.000899
23.100775 0.000925
23.109527 0.000952
23.118280 0.000979
23.127032 0.001006
23.135784 0.001033
23.144536 0.001060
23.153288 0.001088
23.162041 0.001115
23.170793 0.001142
23.179545 0.001169
23.188297 0.001195
23.197049 0.001221
23.205801 0.001247
23.214554 0.001271
23.223306 0.001295
23.232058 0.001318
23.240810 0.001339
23.249562 0.001360
23.258315 0.001379
23.267067 0.001397
23.275819 0.001414
23.284571 0.001429
23.293323 0.001443
23.302076 0.001455
23.310828 0.001465
23.319580 0.001474
23.328332 0.001481
23.337084 0.001486
23.345836 0.001490
23.354589 0.001491
23.363341 0.001491
23.372093 0.001489
23.380845 0.001486
23.389597 0.001481
23.398350 0.001474
23.407102 0.001466
23.415854 0.001456
23.424606 0.001444
23.433358 0.001431
23.442111 0.001417
23.450863 0.001401
23.459615 0.001384
23.468367 0.001366
23.477119 0.001347
23.485871 0.001328
23.494624 0.001307
23.503376 0.001285
23.512128 0.001263
23.520880 0.001241
23.529632 0.001218
23.538385 0.001194
23.547137 0.001171
23.555889 0.001147
23.564641 0.001123
23.573393 0.001099
23.582146 0.001076
23.590898 0.001053
23.599650 0.001030
23.608402 0.001007
23.617154 0.000985
23.625906 0.000963
23.634659 0.000943
23.643411 0.000922
23.652163 0.000903
23.660915 0.000884
23.669667 0.000866
23.678420 0.000849
23.687172 0.000832
23.695924 0.000817
23.704676 0.000802
23.713428 0.000789
23.722181 0.000776
23.730933 0.000765
23.739685 0.000754
23.748437 0.000744
23.757189 0.000735
23.765941 0.000727
23.774694 0.000721
23.783446 0.000715
23.792198 0.000710
23.800950 0.000706
23.809702 0.000703
23.818455 0.000700
23.827207 0.000699
23.835959 0.000699
23.844711 0.000699
23.853463 0.000701
23.862216 0.000703
23.870968 0.000706
23.879720 0.000710
23.888472 0.000715
23.897224 0.000720
23.905976 0.000727
23.914729 0.000734
23.923481 0.000741
23.932233 0.000750
23.940985 0.000759
23.949737 0.000768
23.958490 0.000778
23.967242 0.000789
23.975994 0.000800
23.984746 0.000812
23.993498 0.000824
24.002251 0.000836
24.011003 0.000849
24.019755 0.000862
24.028507 0.000875
24.037259 0.000888
24.046012 0.000902
24.054764 0.000915
24.063516 0.000929
24.072268 0.000942
24.081020 0.000955
24.089772 0.000968
24.098525 0.000981
24.107277 0.000994
24.116029 0.001007
24.124781 0.001019
24.133533 0.001030
24.142286 0.001042
24.151038 0.001053
24.159790 0.001063
24.168542 0.001073
24.177294 0.001082
24.186047 0.001090
24.194799 0.001098
24.203551 0.001105
24.212303 0.001111
24.221055 0.001116
24.229807 0.001121
24.238560 0.001124
24.247312 0.001126
24.256064 0.001128
24.264816 0.001128
24.273568 0.001127
24.282321 0.001125
24.291073 0.001121
24.299825 0.001117
24.308577 0.001111
24.317329 0.001104
24.326082 0.001096
24.334834 0.001087
24.343586 0.001076
24.352338 0.001064
24.361090 0.001051
24.369842 0.001037
24.378595 0.001022
24.387347 0.001007
24.396099 0.000990
24.404851 0.000972
24.413603 0.000954
24.422356 0.000935
24.431108 0.000915
24.439860 0.000895
24.448612 0.000875
24.457364 0.000854
24.466117 0.000833
24.474869 0.000812
24.483621 0.000791
24.492373 0.000770
24.501125 0.000749
24.509877 0.000728
24.518630 0.000707
24.527382 0.000687
24.536134 0.000667
24.544886 0.000648
24.553638 0.000629
24.562391 0.000610
24.571143 0.000592
24.579895 0.000574
24.588647 0.000557
24.597399 0.000540
24.606152 0.000524
24.614904 0.000509
24.623656 0.000494
24.632408 0.000480
24.641160 0.000466
24.649912 0.000453
24.658665 0.000440
24.667417 0.000428
24.676169 0.000416
24.684921 0.000405
24.693673 0.000394
24.702426 0.000383
24.711178 0.000374
24.719930 0.000364
24.728682 0.000355
24.737434 0.000346
24.746187 0.000337
24.754939 0.000329
24.763691 0.000321
24.772443 0.000313
24.781195 0.000306
24.789947 0.000298
24.798700 0.000291
24.807452 0.000284
24.816204 0.000277
24.824956 0.000270
24.833708 0.000263
24.842461 0.000256
24.851213 0.000249
24.859965 0.000242
24.868717 0.000234
24.877469 0.000227
24.886222 0.000219
24.894974 0.000211
24.903726 0.000204
24.912478 0.000195
24.921230 0.000187
24.929982 0.000179
24.938735 0.000170
24.947487 0.000161
24.956239 0.000153
24.964991 0.000144
24.973743 0.000135
24.982496 0.000126
24.991248 0.000117

Sticks
-3.768442 0.017172
-3.750938 0.003418
-3.715929 0.050514
-3.689672 0.036256
-3.217054 0.006595
-2.814454 0.008658
-2.796949 0.034807
-2.726932 0.025923
-2.718180 0.027667
-1.816704 0.022008
-1.142786 0.009392
-1.134034 0.000065
-0.915229 0.000238
-0.862716 0.000801
-0.748937 0.000061
-0.652663 0.000501
-0.547637 0.000491
-0.285071 0.000282
-0.066267 0.000595
0.108777 0.000270
0.213803 0.000052
0.222556 0.000185
0.301325 0.000001
0.450113 0.000741
0.476369 0.000096
0.572643 0.001162
1.089022 0.000712
1.421605 0.000136
1.552888 0.000434
1.797949 0.000003
4.651163 0.000001
4.677419 0.000003
4.694924 0.000003
4.764941 0.000033
4.782446 0.000013
4.808702 0.000032
4.878720 0.000002
5.150038 0.000004
5.377594 0.000005
5.412603 0.000001
5.421355 0.000001
5.473868 0.000010
5.613903 0.000043
5.963991 0.000001
5.972743 0.000873
5.990248 0.000579
5.999000 0.000146
6.147787 0.000563
6.366592 0.000855
6.839210 0.000367
6.847962 0.000541
6.874219 0.000182
6.917979 0.000083
7.233058 0.001644
13.595899 0.019367
13.709677 0.005252
14.147287 0.016235
14.567392 0.014988
15.057514 0.027475
15.538885 0.013430
16.597899 0.000148
16.632908 0.000315
17.131783 0.000878
17.193048 0.000438
17.464366 0.000017
17.831958 0.000057
17.910728 0.000037
18.269567 0.000059
18.505876 0.000051
21.954239 0.000002
21.962991 0.000003
21.997999 0.000003
22.033008 0.000001
22.645661 0.000001
22.671918 0.000002
22.803201 0.000001
23.240810 0.000261
23.319580 0.000412
23.459615 0.000408
24.107277 0.000208
24.151038 0.000067
24.326082 0.000337
24.334834 0.000190
