-10.000000 -0.000001
-9.991248 -0.000001
-9.982496 -0.000001
-9.973743 -0.000001
-9.964991 -0.000001
-9.956239 -0.000001
-9.947487 -0.000001
-9.938735 -0.000001
-9.929982 -0.000001
-9.921230 -0.000001
-9.912478 -0.000002
-9.903726 -0.000002
-9.894974 -0.000002
-9.886222 -0.000002
-9.877469 -0.000002
-9.868717 -0.000002
-9.859965 -0.000002
-9.851213 -0.000002
-9.842461 -0.000002
-9.833708 -0.000002
-9.824956 -0.000002
-9.816204 -0.000002
-9.807452 -0.000002
-9.798700 -0.000002
-9.789947 -0.000002
-9.781195 -0.000002
-9.772443 -0.000002
-9.763691 -0.000002
-9.754939 -0.000002
-9.746187 -0.000002
-9.737434 -0.000002
-9.728682 -0.000002
-9.719930 -0.000002
-9.711178 -0.000002
-9.702426 -0.000002
-9.693673 -0.000002
-9.684921 -0.000002
-9.676169 -0.000002
-9.667417 -0.000002
-9.658665 -0.000002
-9.649912 -0.000002
-9.641160 -0.000002
-9.632408 -0.000002
-9.623656 -0.000002
-9.614904 -0.000002
-9.606152 -0.000002
-9.597399 -0.000002
-9.588647 -0.000002
-9.579895 -0.000002
-9.571143 -0.000002
-9.562391 -0.000002
-9.553638 -0.000002
-9.544886 -0.000002
-9.536134 -0.000002
-9.527382 -0.000002
-9.518630 -0.000002
-9.509877 -0.000002
-9.501125 -0.000002
-9.492373 -0.000002
-9.483621 -0.000002
-9.474869 -0.000002
-9.466117 -0.000002
-9.457364 -0.000002
-9.448612 -0.000002
-9.439860 -0.000002
-9.431108 -0.000002
-9.422356 -0.000002
-9.413603 -0.000002
-9.404851 -0.000002
-9.396099 -0.000002
-9.387347 -0.000002
-9.378595 -0.000002
-9.369842 -0.000002
-9.361090 -0.000002
-9.352338 -0.000002
-9.343586 -0.000002
-9.334834 -0.000002
-9.326082 -0.000002
-9.317329 -0.000002
-9.308577 -0.000002
-9.299825 -0.000002
-9.291073 -0.000002
-9.282321 -0.000002
-9.273568 -0.000003
-9.264816 -0.000003
-9.256064 -0.000003
-9.247312 -0.000003
-9.238560 -0.000003
-9.229807 -0.000003
-9.221055 -0.000003
-9.212303 -0.000003
-9.203551 -0.000003
-9.194799 -0.000003
-9.186047 -0.000003
-9.177294 -0.000003
-9.168542 -0.000003
-9.159790 -0.000003
-9.151038 -0.000003
-9.142286 -0.000003
-9.133533 -0.000003
-9.124781 -0.000003
-9.116029 -0.000003
-9.107277 -0.000003
-9.098525 -0.000003
-9.089772 -0.000003
-9.081020 -0.000003
-9.072268 -0.000003
-9.063516 -0.000003
-9.054764 -0.000003
-9.046012 -0.000003
-9.037259 -0.000003
-9.028507 -0.000003
-9.019755 -0.000003
-9.011003 -0.000003
-9.002251 -0.000003
-8.993498 -0.000003
-8.984746 -0.000003
-8.975994 -0.000003
-8.967242 -0.000003
-8.958490 -0.000003
-8.949737 -0.000003
-8.940985 -0.000003
-8.932233 -0.000003
-8.923481 -0.000003
-8.914729 -0.000003
-8.905976 -0.000003
-8.897224 -0.000003
-8.888472 -0.000003
-8.879720 -0.000003
-8.870968 -0.000003
-8.862216 -0.000003
-8.853463 -0.000003
-8.844711 -0.000003
-8.835959 -0.000003
-8.827207 -0.000003
-8.818455 -0.000003
-8.809702 -0.000003
-8.800950 -0.000003
-8.792198 -0.000003
-8.783446 -0.000003
-8.774694 -0.000003
-8.765941 -0.000003
-8.757189 -0.000003
-8.748437 -0.000003
-8.739685 -0.000003
-8.730933 -0.000003
-8.722181 -0.000003
-8.713428 -0.000003
-8.704676 -0.000003
-8.695924 -0.000003
-8.687172 -0.000003
-8.678420 -0.000003
-8.669667 -0.000003
-8.660915 -0.000003
-8.652163 -0.000004
-8.643411 -0.000004
-8.634659 -0.000004
-8.625906 -0.000004
-8.617154 -0.000004
-8.608402 -0.000004
-8.599650 -0.000004
-8.590898 -0.000004
-8.582146 -0.000004
-8.573393 -0.000004
-8.564641 -0.000004
-8.555889 -0.000004
-8.547137 -0.000004
-8.538385 -0.000004
-8.529632 -0.000004
-8.520880 -0.000004
-8.512128 -0.000004
-8.503376 -0.000004
-8.494624 -0.000004
-8.485871 -0.000004
-8.477119 -0.000004
-8.468367 -0.000004
-8.459615 -0.000004
-8.450863 -0.000004
-8.442111 -0.000004
-8.433358 -0.000004
-8.424606 -0.000004
-8.415854 -0.000004
-8.407102 -0.000004
-8.398350 -0.000004
-8.389597 -0.000004
-8.380845 -0.000004
-8.372093 -0.000004
-8.363341 -0.000004
-8.354589 -0.000004
-8.345836 -0.000004
-8.337084 -0.000004
-8.328332 -0.000004
-8.319580 -0.000004
-8.310828 -0.000004
-8.302076 -0.000004
-8.293323 -0.000004
-8.284571 -0.000004
-8.275819 -0.000004
-8.267067 -0.000004
-8.258315 -0.000004
-8.249562 -0.000004
-8.240810 -0.000004
-8.232058 -0.000004
-8.223306 -0.000005
-8.214554 -0.000005
-8.205801 -0.000005
-8.197049 -0.000005
-8.188297 -0.000005
-8.179545 -0.000005
-8.170793 -0.000005
-8.162041 -0.000005
-8.153288 -0.000005
-8.144536 -0.000005
-8.135784 -0.000005
-8.127032 -0.000005
-8.118280 -0.000005
-8.109527 -0.000005
-8.100775 -0.000005
-8.092023 -0.000005
-8.083271 -0.000005
-8.074519 -0.000005
-8.065766 -0.000005
-8.057014 -0.000005
-8.048262 -0.000005
-8.039510 -0.000005
-8.030758 -0.000005
-8.022006 -0.000005
-8.013253 -0.000005
-8.004501 -0.000005
-7.995749 -0.000005
-7.986997 -0.000005
-7.978245 -0.000005
-7.969492 -0.000005
-7.960740 -0.000005
-7.951988 -0.000005
-7.943236 -0.000005
-7.934484 -0.000005
-7.925731 -0.000005
-7.916979 -0.000005
-7.908227 -0.000006
-7.899475 -0.000006
-7.890723 -0.000006
-7.881970 -0.000006
-7.873218 -0.000006
-7.864466 -0.000006
-7.855714 -0.000006
-7.846962 -0.000006
-7.838210 -0.000006
-7.829457 -0.000006
-7.820705 -0.000006
-7.811953 -0.000006
-7.803201 -0.000006
-7.794449 -0.000006
-7.785696 -0.000006
-7.776944 -0.000006
-7.768192 -0.000006
-7.759440 -0.000006
-7.750688 -0.000006
-7.741935 -0.000006
-7.733183 -0.000006
-7.724431 -0.000006
-7.715679 -0.000006
-7.706927 -0.000006
-7.698175 -0.000006
-7.689422 -0.000006
-7.680670 -0.000006
-7.671918 -0.000006
-7.663166 -0.000007
-7.654414 -0.000007
-7.645661 -0.000007
-7.636909 -0.000007
-7.628157 -0.000007
-7.619405 -0.000007
-7.610653 -0.000007
-7.601900 -0.000007
-7.593148 -0.000007
-7.584396 -0.000007
-7.575644 -0.000007
-7.566892 -0.000007
-7.558140 -0.000007
-7.549387 -0.000007
-7.540635 -0.000007
-7.531883 -0.000007
-7.523131 -0.000007
-7.514379 -0.000007
-7.505626 -0.000007
-7.496874 -0.000007
-7.488122 -0.000007
-7.479370 -0.000007
-7.470618 -0.000007
-7.461865 -0.000007
-7.453113 -0.000008
-7.444361 -0.000008
-7.435609 -0.000008
-7.426857 -0.000008
-7.418105 -0.000008
-7.409352 -0.000008
-7.400600 -0.000008
-7.391848 -0.000008
-7.383096 -0.000008
-7.374344 -0.000008
-7.365591 -0.000008
-7.356839 -0.000008
-7.348087 -0.000008
-7.339335 -0.000008
-7.330583 -0.000008
-7.321830 -0.000008
-7.313078 -0.000008
-7.304326 -0.000008
-7.295574 -0.000008
-7.286822 -0.000009
-7.278070 -0.000009
-7.269317 -0.000009
-7.260565 -0.000009
-7.251813 -0.000009
-7.243061 -0.000009
-7.234309 -0.000009
-7.225556 -0.000009
-7.216804 -0.000009
-7.208052 -0.000009
-7.199300 -0.000009
-7.190548 -0.000009
-7.181795 -0.000009
-7.173043 -0.000009
-7.164291 -0.000009
-7.155539 -0.000009
-7.146787 -0.000010
-7.138035 -0.000010
-7.129282 -0.000010
-7.120530 -0.000010
-7.111778 -0.000010
-7.103026 -0.000010
-7.094274 -0.000010
-7.085521 -0.000010
-7.076769 -0.000010
-7.068017 -0.000010
-7.059265 -0.000010
-7.050513 -0.000010
-7.041760 -0.000010
-7.033008 -0.000010
-7.024256 -0.000010
-7.015504 -0.000011
-7.006752 -0.000011
-6.997999 -0.000011
-6.989247 -0.000011
-6.980495 -0.000011
-6.971743 -0.000011
-6.962991 -0.000011
-6.954239 -0.000011
-6.945486 -0.000011
-6.936734 -0.000011
-6.927982 -0.000011
-6.919230 -0.000011
-6.910478 -0.000011
-6.901725 -0.000012
-6.892973 -0.000012
-6.884221 -0.000012
-6.875469 -0.000012
-6.866717 -0.000012
-6.857964 -0.000012
-6.849212 -0.000012
-6.840460 -0.000012
-6.831708 -0.000012
-6.822956 -0.000012
-6.814204 -0.000012
-6.805451 -0.000013
-6.796699 -0.000013
-6.787947 -0.000013
-6.779195 -0.000013
-6.770443 -0.000013
-6.761690 -0.000013
-6.752938 -0.000013
-6.744186 -0.000013
-6.735434 -0.000013
-6.726682 -0.000013
-6.717929 -0.000014
-6.709177 -0.000014
-6.700425 -0.000014
-6.691673 -0.000014
-6.682921 -0.000014
-6.674169 -0.000014
-6.665416 -0.000014
-6.656664 -0.000014
-6.647912 -0.000014
-6.639160 -0.000015
-6.630408 -0.000015
-6.621655 -0.000015
-6.612903 -0.000015
-6.604151 -0.000015
-6.595399 -0.000015
-6.586647 -0.000015
-6.577894 -0.000015
-6.569142 -0.000015
-6.560390 -0.000016
-6.551638 -0.000016
-6.542886 -0.000016
-6.534134 -0.000016
-6.525381 -0.000016
-6.516629 -0.000016
-6.507877 -0.000016
-6.499125 -0.000017
-6.490373 -0.000017
-6.481620 -0.000017
-6.472868 -0.000017
-6.464116 -0.000017
-6.455364 -0.000017
-6.446612 -0.000017
-6.437859 -0.000018
-6.429107 -0.000018
-6.420355 -0.000018
-6.411603 -0.000018
-6.402851 -0.000018
-6.394099 -0.000018
-6.385346 -0.000018
-6.376594 -0.000019
-6.367842 -0.000019
-6.359090 -0.000019
-6.350338 -0.000019
-6.341585 -0.000019
-6.332833 -0.000019
-6.324081 -0.000020
-6.315329 -0.000020
-6.306577 -0.000020
-6.297824 -0.000020
-6.289072 -0.000020
-6.280320 -0.000020
-6.271568 -0.000021
-6.262816 -0.000021
-6.254064 -0.000021
-6.245311 -0.000021
-6.236559 -0.000021
-6.227807 -0.000022
-6.219055 -0.000022
-6.210303 -0.000022
-6.201550 -0.000022
-6.192798 -0.000022
-6.184046 -0.000023
-6.175294 -0.000023
-6.166542 -0.000023
-6.157789 -0.000023
-6.149037 -0.000023
-6.140285 -0.000024
-6.131533 -0.000024
-6.122781 -0.000024
-6.114029 -0.000024
-6.105276 -0.000025
-6.096524 -0.000025
-6.087772 -0.000025
-6.079020 -0.000025
-6.070268 -0.000025
-6.061515 -0.000026
-6.052763 -0.000026
-6.044011 -0.000026
-6.035259 -0.000026
-6.026507 -0.000027
-6.017754 -0.000027
-6.009002 -0.000027
-6.000250 -0.000028
-5.991498 -0.000028
-5.982746 -0.000028
-5.973993 -0.000028
-5.965241 -0.000029
-5.956489 -0.000029
-5.947737 -0.000029
-5.938985 -0.000029
-5.930233 -0.000030
-5.921480 -0.000030
-5.912728 -0.000030
-5.903976 -0.000031
-5.895224 -0.000031
-5.886472 -0.000031
-5.877719 -0.000032
-5.868967 -0.000032
-5.860215 -0.000032
-5.851463 -0.000033
-5.842711 -0.000033
-5.833958 -0.000033
-5.825206 -0.000034
-5.816454 -0.000034
-5.807702 -0.000034
-5.798950 -0.000035
-5.790198 -0.000035
-5.781445 -0.000036
-5.772693 -0.000036
-5.763941 -0.000036
-5.755189 -0.000037
-5.746437 -0.000037
-5.737684 -0.000038
-5.728932 -0.000038
-5.720180 -0.000038
-5.711428 -0.000039
-5.702676 -0.000039
-5.693923 -0.000040
-5.685171 -0.000040
-5.676419 -0.000041
-5.667667 -0.000041
-5.658915 -0.000041
-5.650163 -0.000042
-5.641410 -0.000042
-5.632658 -0.000043
-5.623906 -0.000043
-5.615154 -0.000044
-5.606402 -0.000044
-5.597649 -0.000045
-5.588897 -0.000045
-5.580145 -0.000046
-5.571393 -0.000047
-5.562641 -0.000047
-5.553888 -0.000048
-5.545136 -0.000048
-5.536384 -0.000049
-5.527632 -0.000049
-5.518880 -0.000050
-5.510128 -0.000051
-5.501375 -0.000051
-5.492623 -0.000052
-5.483871 -0.000053
-5.475119 -0.000053
-5.466367 -0.000054
-5.457614 -0.000055
-5.448862 -0.000055
-5.440110 -0.000056
-5.431358 -0.000057
-5.422606 -0.000057
-5.413853 -0.000058
-5.405101 -0.000059
-5.396349 -0.000060
-5.387597 -0.000060
-5.378845 -0.000061
-5.370093 -0.000062
-5.361340 -0.000063
-5.352588 -0.000064
-5.343836 -0.000065
-5.335084 -0.000065
-5.326332 -0.000066
-5.317579 -0.000067
-5.308827 -0.000068
-5.300075 -0.000069
-5.291323 -0.000070
-5.282571 -0.000071
-5.273818 -0.000072
-5.265066 -0.000073
-5.256314 -0.000074
-5.247562 -0.000075
-5.238810 -0.000076
-5.230058 -0.000077
-5.221305 -0.000078
-5.212553 -0.000079
-5.203801 -0.000081
-5.195049 -0.000082
-5.186297 -0.000083
-5.177544 -0.000084
-5.168792 -0.000086
-5.160040 -0.000087
-5.151288 -0.000088
-5.142536 -0.000089
-5.133783 -0.000091
-5.125031 -0.000092
-5.116279 -0.000094
-5.107527 -0.000095
-5.098775 -0.000097
-5.090023 -0.000098
-5.081270 -0.000100
-5.072518 -0.000101
-5.063766 -0.000103
-5.055014 -0.000105
-5.046262 -0.000106
-5.037509 -0.000108
-5.028757 -0.000110
-5.020005 -0.000112
-5.011253 -0.000114
-5.002501 -0.000115
-4.993748 -0.000117
-4.984996 -0.000119
-4.976244 -0.000121
-4.967492 -0.000124
-4.958740 -0.000126
-4.949987 -0.000128
-4.941235 -0.000130
-4.932483 -0.000132
-4.923731 -0.000135
-4.914979 -0.000137
-4.906227 -0.000140
-4.897474 -0.000142
-4.888722 -0.000145
-4.879970 -0.000148
-4.871218 -0.000150
-4.862466 -0.000153
-4.853713 -0.000156
-4.844961 -0.000159
-4.836209 -0.000162
-4.827457 -0.000165
-4.818705 -0.000168
-4.809952 -0.000172
-4.801200 -0.000175
-4.792448 -0.000179
-4.783696 -0.000182
-4.774944 -0.000186
-4.766192 -0.000190
-4.757439 -0.000194
-4.748687 -0.000198
-4.739935 -0.000202
-4.731183 -0.000206
-4.722431 -0.000211
-4.713678 -0.000215
-4.704926 -0.000220
-4.696174 -0.000225
-4.687422 -0.000230
-4.678670 -0.000235
-4.669917 -0.000240
-4.661165 -0.000246
-4.652413 -0.000251
-4.643661 -0.000257
-4.634909 -0.000263
-4.626157 -0.000269
-4.617404 -0.000276
-4.608652 -0.000283
-4.599900 -0.000289
-4.591148 -0.000297
-4.582396 -0.000304
-4.573643 -0.000312
-4.564891 -0.000320
-4.556139 -0.000328
-4.547387 -0.000336
-4.538635 -0.000345
-4.529882 -0.000354
-4.521130 -0.000364
-4.512378 -0.000373
-4.503626 -0.000384
-4.494874 -0.000394
-4.486122 -0.000405
-4.477369 -0.000417
-4.468617 -0.000429
-4.459865 -0.000441
-4.451113 -0.000454
-4.442361 -0.000467
-4.433608 -0.000481
-4.424856 -0.000496
-4.416104 -0.000511
-4.407352 -0.000527
-4.398600 -0.000543
-4.389847 -0.000561
-4.381095 -0.000579
-4.372343 -0.000597
-4.363591 -0.000617
-4.354839 -0.000638
-4.346087 -0.000659
-4.337334 -0.000682
-4.328582 -0.000705
-4.319830 -0.000730
-4.311078 -0.000756
-4.302326 -0.000783
-4.293573 -0.000811
-4.284821 -0.000841
-4.276069 -0.000872
-4.267317 -0.000905
-4.258565 -0.000940
-4.249812 -0.000976
-4.241060 -0.001014
-4.232308 -0.001054
-4.223556 -0.001096
-4.214804 -0.001140
-4.206052 -0.001186
-4.197299 -0.001234
-4.188547 -0.001285
-4.179795 -0.001339
-4.171043 -0.001395
-4.162291 -0.001454
-4.153538 -0.001516
-4.144786 -0.001580
-4.136034 -0.001648
-4.127282 -0.001719
-4.118530 -0.001793
-4.109777 -0.001870
-4.101025 -0.001950
-4.092273 -0.002033
-4.083521 -0.002120
-4.074769 -0.002209
-4.066017 -0.002302
-4.057264 -0.002397
-4.048512 -0.002495
-4.039760 -0.002596
-4.031008 -0.002699
-4.022256 -0.002803
-4.013503 -0.002909
-4.004751 -0.003016
-3.995999 -0.003123
-3.987247 -0.003230
-3.978495 -0.003337
-3.969742 -0.003442
-3.960990 -0.003545
-3.952238 -0.003645
-3.943486 -0.003741
-3.934734 -0.003832
-3.925981 -0.003918
-3.917229 -0.003998
-3.908477 -0.004070
-3.899725 -0.004135
-3.890973 -0.004190
-3.882221 -0.004236
-3.873468 -0.004271
-3.864716 -0.004295
-3.855964 -0.004307
-3.847212 -0.004307
-3.838460 -0.004294
-3.829707 -0.004269
-3.820955 -0.004231
-3.812203 -0.004180
-3.803451 -0.004116
-3.794699 -0.004040
-3.785946 -0.003953
-3.777194 -0.003854
-3.768442 -0.003744
-3.759690 -0.003625
-3.750938 -0.003497
-3.742186 -0.003362
-3.733433 -0.003220
-3.724681 -0.003072
-3.715929 -0.002921
-3.707177 -0.002766
-3.698425 -0.002609
-3.689672 -0.002452
-3.680920 -0.002295
-3.672168 -0.002139
-3.663416 -0.001986
-3.654664 -0.001836
-3.645911 -0.001690
-3.637159 -0.001549
-3.628407 -0.001414
-3.619655 -0.001284
-3.610903 -0.001161
-3.602151 -0.001044
-3.593398 -0.000933
-3.584646 -0.000829
-3.575894 -0.000732
-3.567142 -0.000642
-3.558390 -0.000558
-3.549637 -0.000480
-3.540885 -0.000408
-3.532133 -0.000341
-3.523381 -0.000280
-3.514629 -0.000223
-3.505876 -0.000170
-3.497124 -0.000122
-3.488372 -0.000077
-3.479620 -0.000035
-3.470868 0.000004
-3.462116 0.000041
-3.453363 0.000076
-3.444611 0.000109
-3.435859 0.000141
-3.427107 0.000172
-3.418355 0.000201
-3.409602 0.000231
-3.400850 0.000259
-3.392098 0.000288
-3.383346 0.000316
-3.374594 0.000345
-3.365841 0.000373
-3.357089 0.000402
-3.348337 0.000432
-3.339585 0.000461
-3.330833 0.000491
-3.322081 0.000522
-3.313328 0.000554
-3.304576 0.000585
-3.295824 0.000618
-3.287072 0.000651
-3.278320 0.000686
-3.269567 0.000720
-3.260815 0.000756
-3.252063 0.000793
-3.243311 0.000830
-3.234559 0.000869
-3.225806 0.000909
-3.217054 0.000949
-3.208302 0.000991
-3.199550 0.001034
-3.190798 0.001079
-3.182046 0.001125
-3.173293 0.001172
-3.164541 0.001220
-3.155789 0.001270
-3.147037 0.001321
-3.138285 0.001373
-3.129532 0.001427
-3.120780 0.001481
-3.112028 0.001536
-3.103276 0.001592
-3.094524 0.001648
-3.085771 0.001703
-3.077019 0.001757
-3.068267 0.001810
-3.059515 0.001861
-3.050763 0.001909
-3.042011 0.001953
-3.033258 0.001992
-3.024506 0.002024
-3.015754 0.002050
-3.007002 0.002066
-2.998250 0.002072
-2.989497 0.002067
-2.980745 0.002049
-2.971993 0.002015
-2.963241 0.001965
-2.954489 0.001897
-2.945736 0.001809
-2.936984 0.001700
-2.928232 0.001568
-2.919480 0.001413
-2.910728 0.001232
-2.901975 0.001026
-2.893223 0.000794
-2.884471 0.000534
-2.875719 0.000249
-2.866967 -0.000064
-2.858215 -0.000401
-2.849462 -0.000763
-2.840710 -0.001148
-2.831958 -0.001553
-2.823206 -0.001977
-2.814454 -0.002418
-2.805701 -0.002871
-2.796949 -0.003334
-2.788197 -0.003803
-2.779445 -0.004275
-2.770693 -0.004746
-2.761940 -0.005211
-2.753188 -0.005667
-2.744436 -0.006109
-2.735684 -0.006535
-2.726932 -0.006940
-2.718180 -0.007321
-2.709427 -0.007675
-2.700675 -0.007999
-2.691923 -0.008290
-2.683171 -0.008547
-2.674419 -0.008769
-2.665666 -0.008953
-2.656914 -0.009099
-2.648162 -0.009207
-2.639410 -0.009278
-2.630658 -0.009311
-2.621905 -0.009308
-2.613153 -0.009270
-2.604401 -0.009199
-2.595649 -0.009096
-2.586897 -0.008964
-2.578145 -0.008805
-2.569392 -0.008622
-2.560640 -0.008415
-2.551888 -0.008189
-2.543136 -0.007946
-2.534384 -0.007688
-2.525631 -0.007418
-2.516879 -0.007137
-2.508127 -0.006848
-2.499375 -0.006553
-2.490623 -0.006254
-2.481870 -0.005952
-2.473118 -0.005649
-2.464366 -0.005347
-2.455614 -0.005046
-2.446862 -0.004747
-2.438110 -0.004452
-2.429357 -0.004160
-2.420605 -0.003874
-2.411853 -0.003592
-2.403101 -0.003315
-2.394349 -0.003043
-2.385596 -0.002777
-2.376844 -0.002516
-2.368092 -0.002260
-2.359340 -0.002009
-2.350588 -0.001763
-2.341835 -0.001522
-2.333083 -0.001284
-2.324331 -0.001050
-2.315579 -0.000820
-2.306827 -0.000592
-2.298075 -0.000366
-2.289322 -0.000143
-2.280570 0.000079
-2.271818 0.000301
-2.263066 0.000522
-2.254314 0.000744
-2.245561 0.000966
-2.236809 0.001189
-2.228057 0.001415
-2.219305 0.001643
-2.210553 0.001874
-2.201800 0.002108
-2.193048 0.002346
-2.184296 0.002589
-2.175544 0.002837
-2.166792 0.003090
-2.158040 0.003349
-2.149287 0.003615
-2.140535 0.003887
-2.131783 0.004166
-2.123031 0.004452
-2.114279 0.004746
-2.105526 0.005048
-2.096774 0.005357
-2.088022 0.005674
-2.079270 0.005999
-2.070518 0.006331
-2.061765 0.006670
-2.053013 0.007017
-2.044261 0.007369
-2.035509 0.007727
-2.026757 0.008090
-2.018005 0.008457
-2.009252 0.008826
-2.000500 0.009197
-1.991748 0.009569
-1.982996 0.009939
-1.974244 0.010306
-1.965491 0.010669
-1.956739 0.011026
-1.947987 0.011374
-1.939235 0.011712
-1.930483 0.012038
-1.921730 0.012350
-1.912978 0.012645
-1.904226 0.012922
-1.895474 0.013179
-1.886722 0.013414
-1.877969 0.013625
-1.869217 0.013810
-1.860465 0.013969
-1.851713 0.014099
-1.842961 0.014200
-1.834209 0.014271
-1.825456 0.014312
-1.816704 0.014321
-1.807952 0.014299
-1.799200 0.014246
-1.790448 0.014162
-1.781695 0.014048
-1.772943 0.013905
-1.764191 0.013734
-1.755439 0.013536
-1.746687 0.013313
-1.737934 0.013066
-1.729182 0.012798
-1.720430 0.012509
-1.711678 0.012202
-1.702926 0.011879
-1.694174 0.011542
-1.685421 0.011193
-1.676669 0.010833
-1.667917 0.010465
-1.659165 0.010091
-1.650413 0.009712
-1.641660 0.009330
-1.632908 0.008947
-1.624156 0.008564
-1.615404 0.008182
-1.606652 0.007802
-1.597899 0.007425
-1.589147 0.007053
-1.580395 0.006685
-1.571643 0.006323
-1.562891 0.005967
-1.554139 0.005617
-1.545386 0.005274
-1.536634 0.004937
-1.527882 0.004607
-1.519130 0.004284
-1.510378 0.003967
-1.501625 0.003657
-1.492873 0.003352
-1.484121 0.003054
-1.475369 0.002761
-1.466617 0.002473
-1.457864 0.002190
-1.449112 0.001911
-1.440360 0.001637
-1.431608 0.001367
-1.422856 0.001100
-1.414104 0.000837
-1.405351 0.000577
-1.396599 0.000320
-1.387847 0.000065
-1.379095 -0.000186
-1.370343 -0.000435
-1.361590 -0.000682
-1.352838 -0.000925
-1.344086 -0.001166
-1.335334 -0.001403
-1.326582 -0.001637
-1.317829 -0.001866
-1.309077 -0.002092
-1.300325 -0.002313
-1.291573 -0.002529
-1.282821 -0.002739
-1.274069 -0.002942
-1.265316 -0.003138
-1.256564 -0.003327
-1.247812 -0.003507
-1.239060 -0.003678
-1.230308 -0.003839
-1.221555 -0.003989
-1.212803 -0.004128
-1.204051 -0.004256
-1.195299 -0.004371
-1.186547 -0.004474
-1.177794 -0.004563
-1.169042 -0.004639
-1.160290 -0.004701
-1.151538 -0.004749
-1.142786 -0.004783
-1.134034 -0.004803
-1.125281 -0.004810
-1.116529 -0.004803
-1.107777 -0.004783
-1.099025 -0.004751
-1.090273 -0.004707
-1.081520 -0.004651
-1.072768 -0.004584
-1.064016 -0.004508
-1.055264 -0.004422
-1.046512 -0.004329
-1.037759 -0.004228
-1.029007 -0.004120
-1.020255 -0.004007
-1.011503 -0.003890
-1.002751 -0.003769
-0.993998 -0.003645
-0.985246 -0.003519
-0.976494 -0.003393
-0.967742 -0.003266
-0.958990 -0.003140
-0.950238 -0.003014
-0.941485 -0.002891
-0.932733 -0.002770
-0.923981 -0.002652
-0.915229 -0.002538
-0.906477 -0.002427
-0.897724 -0.002321
-0.888972 -0.002218
-0.880220 -0.002121
-0.871468 -0.002028
-0.862716 -0.001940
-0.853963 -0.001857
-0.845211 -0.001779
-0.836459 -0.001706
-0.827707 -0.001638
-0.818955 -0.001575
-0.810203 -0.001516
-0.801450 -0.001462
-0.792698 -0.001412
-0.783946 -0.001366
-0.775194 -0.001323
-0.766442 -0.001285
-0.757689 -0.001250
-0.748937 -0.001218
-0.740185 -0.001188
-0.731433 -0.001161
-0.722681 -0.001137
-0.713928 -0.001115
-0.705176 -0.001094
-0.696424 -0.001075
-0.687672 -0.001057
-0.678920 -0.001041
-0.670168 -0.001025
-0.661415 -0.001010
-0.652663 -0.000995
-0.643911 -0.000981
-0.635159 -0.000967
-0.626407 -0.000953
-0.617654 -0.000938
-0.608902 -0.000924
-0.600150 -0.000909
-0.591398 -0.000894
-0.582646 -0.000879
-0.573893 -0.000863
-0.565141 -0.000846
-0.556389 -0.000830
-0.547637 -0.000812
-0.538885 -0.000794
-0.530133 -0.000776
-0.521380 -0.000757
-0.512628 -0.000737
-0.503876 -0.000718
-0.495124 -0.000697
-0.486372 -0.000677
-0.477619 -0.000657
-0.468867 -0.000636
-0.460115 -0.000615
-0.451363 -0.000594
-0.442611 -0.000573
-0.433858 -0.000553
-0.425106 -0.000533
-0.416354 -0.000512
-0.407602 -0.000493
-0.398850 -0.000473
-0.390098 -0.000454
-0.381345 -0.000436
-0.372593 -0.000418
-0.363841 -0.000401
-0.355089 -0.000385
-0.346337 -0.000369
-0.337584 -0.000354
-0.328832 -0.000340
-0.320080 -0.000326
-0.311328 -0.000314
-0.302576 -0.000302
-0.293823 -0.000291
-0.285071 -0.000280
-0.276319 -0.000271
-0.267567 -0.000262
-0.258815 -0.000254
-0.250063 -0.000247
-0.241310 -0.000241
-0.232558 -0.000235
-0.223806 -0.000230
-0.215054 -0.000225
-0.206302 -0.000221
-0.197549 -0.000217
-0.188797 -0.000214
-0.180045 -0.000211
-0.171293 -0.000209
-0.162541 -0.000206
-0.153788 -0.000204
-0.145036 -0.000202
-0.136284 -0.000200
-0.127532 -0.000198
-0.118780 -0.000195
-0.110028 -0.000193
-0.101275 -0.000190
-0.092523 -0.000187
-0.083771 -0.000184
-0.075019 -0.000180
-0.066267 -0.000176
-0.057514 -0.000171
-0.048762 -0.000166
-0.040010 -0.000160
-0.031258 -0.000154
-0.022506 -0.000147
-0.013753 -0.000139
-0.005001 -0.000131
0.003751 -0.000121
0.012503 -0.000111
0.021255 -0.000101
0.030008 -0.000089
0.038760 -0.000076
0.047512 -0.000063
0.056264 -0.000049
0.065016 -0.000033
0.073768 -0.000017
0.082521 -0.000000
0.091273 0.000018
0.100025 0.000037
0.108777 0.000057
0.117529 0.000077
0.126282 0.000099
0.135034 0.000122
0.143786 0.000145
0.152538 0.000169
0.161290 0.000195
0.170043 0.000221
0.178795 0.000248
0.187547 0.000276
0.196299 0.000304
0.205051 0.000333
0.213803 0.000364
0.222556 0.000394
0.231308 0.000426
0.240060 0.000458
0.248812 0.000490
0.257564 0.000523
0.266317 0.000557
0.275069 0.000590
0.283821 0.000624
0.292573 0.000658
0.301325 0.000693
0.310078 0.000727
0.318830 0.000761
0.327582 0.000795
0.336334 0.000828
0.345086 0.000861
0.353838 0.000894
0.362591 0.000925
0.371343 0.000956
0.380095 0.000986
0.388847 0.001015
0.397599 0.001042
0.406352 0.001069
0.415104 0.001093
0.423856 0.001116
0.432608 0.001138
0.441360 0.001157
0.450113 0.001175
0.458865 0.001190
0.467617 0.001203
0.476369 0.001214
0.485121 0.001223
0.493873 0.001230
0.502626 0.001234
0.511378 0.001236
0.520130 0.001235
0.528882 0.001232
0.537634 0.001227
0.546387 0.001219
0.555139 0.001209
0.563891 0.001197
0.572643 0.001183
0.581395 0.001167
0.590148 0.001149
0.598900 0.001128
0.607652 0.001107
0.616404 0.001083
0.625156 0.001058
0.633908 0.001032
0.642661 0.001004
0.651413 0.000975
0.660165 0.000945
0.668917 0.000915
0.677669 0.000883
0.686422 0.000851
0.695174 0.000819
0.703926 0.000786
0.712678 0.000753
0.721430 0.000719
0.730183 0.000686
0.738935 0.000653
0.747687 0.000619
0.756439 0.000586
0.765191 0.000553
0.773943 0.000521
0.782696 0.000488
0.791448 0.000456
0.800200 0.000425
0.808952 0.000394
0.817704 0.000363
0.826457 0.000333
0.835209 0.000303
0.843961 0.000274
0.852713 0.000245
0.861465 0.000217
0.870218 0.000189
0.878970 0.000162
0.887722 0.000136
0.896474 0.000110
0.905226 0.000085
0.913978 0.000060
0.922731 0.000036
0.931483 0.000013
0.940235 -0.000009
0.948987 -0.000031
0.957739 -0.000052
0.966492 -0.000072
0.975244 -0.000091
0.983996 -0.000109
0.992748 -0.000127
1.001500 -0.000143
1.010253 -0.000158
1.019005 -0.000172
1.027757 -0.000185
1.036509 -0.000197
1.045261 -0.000208
1.054014 -0.000217
1.062766 -0.000225
1.071518 -0.000232
1.080270 -0.000238
1.089022 -0.000242
1.097774 -0.000246
1.106527 -0.000248
1.115279 -0.000248
1.124031 -0.000248
1.132783 -0.000246
1.141535 -0.000244
1.150288 -0.000240
1.159040 -0.000235
1.167792 -0.000229
1.176544 -0.000223
1.185296 -0.000215
1.194049 -0.000207
1.202801 -0.000198
1.211553 -0.000188
1.220305 -0.000177
1.229057 -0.000166
1.237809 -0.000155
1.246562 -0.000143
1.255314 -0.000130
1.264066 -0.000118
1.272818 -0.000105
1.281570 -0.000091
1.290323 -0.000078
1.299075 -0.000064
1.307827 -0.000050
1.316579 -0.000036
1.325331 -0.000021
1.334084 -0.000007
1.342836 0.000007
1.351588 0.000022
1.360340 0.000036
1.369092 0.000051
1.377844 0.000065
1.386597 0.000079
1.395349 0.000093
1.404101 0.000107
1.412853 0.000121
1.421605 0.000134
1.430358 0.000147
1.439110 0.000160
1.447862 0.000172
1.456614 0.000184
1.465366 0.000196
1.474119 0.000206
1.482871 0.000217
1.491623 0.000227
1.500375 0.000236
1.509127 0.000244
1.517879 0.000252
1.526632 0.000259
1.535384 0.000265
1.544136 0.000270
1.552888 0.000275
1.561640 0.000279
1.570393 0.000281
1.579145 0.000284
1.587897 0.000285
1.596649 0.000285
1.605401 0.000285
1.614154 0.000284
1.622906 0.000282
1.631658 0.000280
1.640410 0.000277
1.649162 0.000274
1.657914 0.000270
1.666667 0.000265
1.675419 0.000260
1.684171 0.000255
1.692923 0.000249
1.701675 0.000243
1.710428 0.000237
1.719180 0.000230
1.727932 0.000224
1.736684 0.000217
1.745436 0.000210
1.754189 0.000204
1.762941 0.000197
1.771693 0.000190
1.780445 0.000184
1.789197 0.000177
1.797949 0.000171
1.806702 0.000165
1.815454 0.000159
1.824206 0.000153
1.832958 0.000147
1.841710 0.000141
1.850463 0.000136
1.859215 0.000131
1.867967 0.000126
1.876719 0.000121
1.885471 0.000117
1.894224 0.000112
1.902976 0.000108
1.911728 0.000104
1.920480 0.000101
1.929232 0.000097
1.937984 0.000093
1.946737 0.000090
1.955489 0.000087
1.964241 0.000084
1.972993 0.000081
1.981745 0.000078
1.990498 0.000076
1.999250 0.000073
2.008002 0.000071
2.016754 0.000069
2.025506 0.000067
2.034259 0.000065
2.043011 0.000063
2.051763 0.000061
2.060515 0.000059
2.069267 0.000057
2.078020 0.000056
2.086772 0.000054
2.095524 0.000053
2.104276 0.000051
2.113028 0.000050
2.121780 0.000049
2.130533 0.000047
2.139285 0.000046
2.148037 0.000045
2.156789 0.000044
2.165541 0.000043
2.174294 0.000042
2.183046 0.000041
2.191798 0.000040
2.200550 0.000039
2.209302 0.000038
2.218055 0.000037
2.226807 0.000037
2.235559 0.000036
2.244311 0.000035
2.253063 0.000034
2.261815 0.000034
2.270568 0.000033
2.279320 0.000032
2.288072 0.000032
2.296824 0.000031
2.305576 0.000031
2.314329 0.000030
2.323081 0.000029
2.331833 0.000029
2.340585 0.000028
2.349337 0.000028
2.358090 0.000027
2.366842 0.000027
2.375594 0.000027
2.384346 0.000026
2.393098 0.000026
2.401850 0.000025
2.410603 0.000025
2.419355 0.000024
2.428107 0.000024
2.436859 0.000024
2.445611 0.000023
2.454364 0.000023
2.463116 0.000023
2.471868 0.000022
2.480620 0.000022
2.489372 0.000022
2.498125 0.000021
2.506877 0.000021
2.515629 0.000021
2.524381 0.000021
2.533133 0.000020
2.541885 0.000020
2.550638 0.000020
2.559390 0.000019
2.568142 0.000019
2.576894 0.000019
2.585646 0.000019
2.594399 0.000018
2.603151 0.000018
2.611903 0.000018
2.620655 0.000018
2.629407 0.000018
2.638160 0.000017
2.646912 0.000017
2.655664 0.000017
2.664416 0.000017
2.673168 0.000017
2.681920 0.000016
2.690673 0.000016
2.699425 0.000016
2.708177 0.000016
2.716929 0.000016
2.725681 0.000016
2.734434 0.000015
2.743186 0.000015
2.751938 0.000015
2.760690 0.000015
2.769442 0.000015
2.778195 0.000015
2.786947 0.000014
2.795699 0.000014
2.804451 0.000014
2.813203 0.000014
2.821955 0.000014
2.830708 0.000014
2.839460 0.000014
2.848212 0.000014
2.856964 0.000013
2.865716 0.000013
2.874469 0.000013
2.883221 0.000013
2.891973 0.000013
2.900725 0.000013
2.909477 0.000013
2.918230 0.000013
2.926982 0.000012
2.935734 0.000012
2.944486 0.000012
2.953238 0.000012
2.961990 0.000012
2.970743 0.000012
2.979495 0.000012
2.988247 0.000012
2.996999 0.000012
3.005751 0.000012
3.014504 0.000011
3.023256 0.000011
3.032008 0.000011
3.040760 0.000011
3.049512 0.000011
3.058265 0.000011
3.067017 0.000011
3.075769 0.000011
3.084521 0.000011
3.093273 0.000011
3.102026 0.000011
3.110778 0.000011
3.119530 0.000011
3.128282 0.000010
3.137034 0.000010
3.145786 0.000010
3.154539 0.000010
3.163291 0.000010
3.172043 0.000010
3.180795 0.000010
3.189547 0.000010
3.198300 0.000010
3.207052 0.000010
3.215804 0.000010
3.224556 0.000010
3.233308 0.000010
3.242061 0.000010
3.250813 0.000010
3.259565 0.000009
3.268317 0.000009
3.277069 0.000009
3.285821 0.000009
3.294574 0.000009
3.303326 0.000009
3.312078 0.000009
3.320830 0.000009
3.329582 0.000009
3.338335 0.000009
3.347087 0.000009
3.355839 0.000009
3.364591 0.000009
3.373343 0.000009
3.382096 0.000009
3.390848 0.000009
3.399600 0.000009
3.408352 0.000009
3.417104 0.000009
3.425856 0.000008
3.434609 0.000008
3.443361 0.000008
3.452113 0.000008
3.460865 0.000008
3.469617 0.000008
3.478370 0.000008
3.487122 0.000008
3.495874 0.000008
3.504626 0.000008
3.513378 0.000008
3.522131 0.000008
3.530883 0.000008
3.539635 0.000008
3.548387 0.000008
3.557139 0.000008
3.565891 0.000008
3.574644 0.000008
3.583396 0.000008
3.592148 0.000008
3.600900 0.000008
3.609652 0.000008
3.618405 0.000008
3.627157 0.000008
3.635909 0.000008
3.644661 0.000008
3.653413 0.000008
3.662166 0.000008
3.670918 0.000008
3.679670 0.000007
3.688422 0.000007
3.697174 0.000007
3.705926 0.000007
3.714679 0.000007
3.723431 0.000007
3.732183 0.000007
3.740935 0.000007
3.749687 0.000007
3.758440 0.000007
3.767192 0.000007
3.775944 0.000007
3.784696 0.000007
3.793448 0.000007
3.802201 0.000007
3.810953 0.000007
3.819705 0.000007
3.828457 0.000007
3.837209 0.000007
3.845961 0.000007
3.854714 0.000007
3.863466 0.000007
3.872218 0.000007
3.880970 0.000007
3.889722 0.000007
3.898475 0.000007
3.907227 0.000007
3.915979 0.000007
3.924731 0.000007
3.933483 0.000007
3.942236 0.000007
3.950988 0.000007
3.959740 0.000007
3.968492 0.000007
3.977244 0.000007
3.985996 0.000007
3.994749 0.000007
4.003501 0.000007
4.012253 0.000007
4.021005 0.000007
4.029757 0.000007
4.038510 0.000007
4.047262 0.000007
4.056014 0.000007
4.064766 0.000007
4.073518 0.000007
4.082271 0.000007
4.091023 0.000007
4.099775 0.000007
4.108527 0.000007
4.117279 0.000007
4.126032 0.000007
4.134784 0.000007
4.143536 0.000007
4.152288 0.000007
4.161040 0.000007
4.169792 0.000007
4.178545 0.000007
4.187297 0.000007
4.196049 0.000007
4.204801 0.000007
4.213553 0.000007
4.222306 0.000007
4.231058 0.000007
4.239810 0.000007
4.248562 0.000007
4.257314 0.000007
4.266067 0.000007
4.274819 0.000007
4.283571 0.000007
4.292323 0.000007
4.301075 0.000007
4.309827 0.000007
4.318580 0.000007
4.327332 0.000007
4.336084 0.000007
4.344836 0.000007
4.353588 0.000007
4.362341 0.000007
4.371093 0.000007
4.379845 0.000007
4.388597 0.000007
4.397349 0.000007
4.406102 0.000007
4.414854 0.000007
4.423606 0.000007
4.432358 0.000007
4.441110 0.000007
4.449862 0.000007
4.458615 0.000007
4.467367 0.000007
4.476119 0.000007
4.484871 0.000007
4.493623 0.000007
4.502376 0.000007
4.511128 0.000007
4.519880 0.000007
4.528632 0.000007
4.537384 0.000007
4.546137 0.000007
4.554889 0.000007
4.563641 0.000007
4.572393 0.000007
4.581145 0.000008
4.589897 0.000008
4.598650 0.000008
4.607402 0.000008
4.616154 0.000008
4.624906 0.000008
4.633658 0.000009
4.642411 0.000009
4.651163 0.000009
4.659915 0.000009
4.668667 0.000010
4.677419 0.000010
4.686172 0.000010
4.694924 0.000010
4.703676 0.000011
4.712428 0.000011
4.721180 0.000011
4.729932 0.000012
4.738685 0.000012
4.747437 0.000012
4.756189 0.000013
4.764941 0.000013
4.773693 0.000013
4.782446 0.000014
4.791198 0.000014
4.799950 0.000014
4.808702 0.000014
4.817454 0.000015
4.826207 0.000015
4.834959 0.000015
4.843711 0.000015
4.852463 0.000015
4.861215 0.000016
4.869967 0.000016
4.878720 0.000016
4.887472 0.000016
4.896224 0.000016
4.904976 0.000016
4.913728 0.000016
4.922481 0.000016
4.931233 0.000016
4.939985 0.000015
4.948737 0.000015
4.957489 0.000015
4.966242 0.000015
4.974994 0.000015
4.983746 0.000015
4.992498 0.000015
5.001250 0.000014
5.010003 0.000014
5.018755 0.000014
5.027507 0.000014
5.036259 0.000014
5.045011 0.000013
5.053763 0.000013
5.062516 0.000013
5.071268 0.000013
5.080020 0.000013
5.088772 0.000012
5.097524 0.000012
5.106277 0.000012
5.115029 0.000012
5.123781 0.000012
5.132533 0.000012
5.141285 0.000012
5.150038 0.000011
5.158790 0.000011
5.167542 0.000011
5.176294 0.000011
5.185046 0.000011
5.193798 0.000011
5.202551 0.000011
5.211303 0.000011
5.220055 0.000011
5.228807 0.000010
5.237559 0.000010
5.246312 0.000010
5.255064 0.000010
5.263816 0.000010
5.272568 0.000010
5.281320 0.000010
5.290073 0.000010
5.298825 0.000010
5.307577 0.000010
5.316329 0.000010
5.325081 0.000010
5.333833 0.000010
5.342586 0.000010
5.351338 0.000010
5.360090 0.000011
5.368842 0.000011
5.377594 0.000011
5.386347 0.000011
5.395099 0.000011
5.403851 0.000011
5.412603 0.000011
5.421355 0.000011
5.430108 0.000011
5.438860 0.000012
5.447612 0.000012
5.456364 0.000012
5.465116 0.000012
5.473868 0.000012
5.482621 0.000013
5.491373 0.000013
5.500125 0.000013
5.508877 0.000013
5.517629 0.000013
5.526382 0.000014
5.535134 0.000014
5.543886 0.000014
5.552638 0.000014
5.561390 0.000014
5.570143 0.000015
5.578895 0.000015
5.587647 0.000015
5.596399 0.000015
5.605151 0.000016
5.613903 0.000016
5.622656 0.000016
5.631408 0.000017
5.640160 0.000017
5.648912 0.000018
5.657664 0.000018
5.666417 0.000018
5.675169 0.000019
5.683921 0.000020
5.692673 0.000020
5.701425 0.000021
5.710178 0.000022
5.718930 0.000023
5.727682 0.000024
5.736434 0.000025
5.745186 0.000027
5.753938 0.000028
5.762691 0.000030
5.771443 0.000032
5.780195 0.000034
5.788947 0.000037
5.797699 0.000040
5.806452 0.000043
5.815204 0.000046
5.823956 0.000050
5.832708 0.000054
5.841460 0.000059
5.850213 0.000064
5.858965 0.000069
5.867717 0.000075
5.876469 0.000081
5.885221 0.000087
5.893973 0.000094
5.902726 0.000102
5.911478 0.000110
5.920230 0.000118
5.928982 0.000126
5.937734 0.000135
5.946487 0.000143
5.955239 0.000152
5.963991 0.000162
5.972743 0.000171
5.981495 0.000180
5.990248 0.000188
5.999000 0.000197
6.007752 0.000205
6.016504 0.000213
6.025256 0.000220
6.034009 0.000227
6.042761 0.000233
6.051513 0.000238
6.060265 0.000242
6.069017 0.000245
6.077769 0.000247
6.086522 0.000247
6.095274 0.000247
6.104026 0.000244
6.112778 0.000241
6.121530 0.000236
6.130283 0.000230
6.139035 0.000222
6.147787 0.000213
6.156539 0.000202
6.165291 0.000190
6.174044 0.000177
6.182796 0.000162
6.191548 0.000146
6.200300 0.000129
6.209052 0.000111
6.217804 0.000092
6.226557 0.000073
6.235309 0.000053
6.244061 0.000032
6.252813 0.000011
6.261565 -0.000010
6.270318 -0.000031
6.279070 -0.000051
6.287822 -0.000072
6.296574 -0.000091
6.305326 -0.000111
6.314079 -0.000129
6.322831 -0.000147
6.331583 -0.000163
6.340335 -0.000179
6.349087 -0.000193
6.357839 -0.000206
6.366592 -0.000218
6.375344 -0.000229
6.384096 -0.000238
6.392848 -0.000245
6.401600 -0.000252
6.410353 -0.000257
6.419105 -0.000260
6.427857 -0.000262
6.436609 -0.000263
6.445361 -0.000263
6.454114 -0.000262
6.462866 -0.000259
6.471618 -0.000256
6.480370 -0.000251
6.489122 -0.000246
6.497874 -0.000240
6.506627 -0.000233
6.515379 -0.000226
6.524131 -0.000218
6.532883 -0.000210
6.541635 -0.000201
6.550388 -0.000192
6.559140 -0.000183
6.567892 -0.000173
6.576644 -0.000164
6.585396 -0.000154
6.594149 -0.000145
6.602901 -0.000135
6.611653 -0.000126
6.620405 -0.000117
6.629157 -0.000107
6.637909 -0.000098
6.646662 -0.000089
6.655414 -0.000080
6.664166 -0.000072
6.672918 -0.000063
6.681670 -0.000055
6.690423 -0.000047
6.699175 -0.000039
6.707927 -0.000031
6.716679 -0.000023
6.725431 -0.000015
6.734184 -0.000008
6.742936 -0.000000
6.751688 0.000007
6.760440 0.000014
6.769192 0.000022
6.777944 0.000029
6.786697 0.000036
6.795449 0.000044
6.804201 0.000052
6.812953 0.000059
6.821705 0.000067
6.830458 0.000075
6.839210 0.000084
6.847962 0.000093
6.856714 0.000102
6.865466 0.000111
6.874219 0.000121
6.882971 0.000131
6.891723 0.000141
6.900475 0.000153
6.909227 0.000164
6.917979 0.000176
6.926732 0.000189
6.935484 0.000202
6.944236 0.000216
6.952988 0.000230
6.961740 0.000245
6.970493 0.000260
6.979245 0.000276
6.987997 0.000292
6.996749 0.000309
7.005501 0.000326
7.014254 0.000344
7.023006 0.000362
7.031758 0.000380
7.040510 0.000399
7.049262 0.000417
7.058015 0.000436
7.066767 0.000455
7.075519 0.000474
7.084271 0.000492
7.093023 0.000511
7.101775 0.000529
7.110528 0.000546
7.119280 0.000563
7.128032 0.000580
7.136784 0.000595
7.145536 0.000610
7.154289 0.000624
7.163041 0.000637
7.171793 0.000648
7.180545 0.000659
7.189297 0.000668
7.198050 0.000676
7.206802 0.000682
7.215554 0.000687
7.224306 0.000691
7.233058 0.000693
7.241810 0.000693
7.250563 0.000692
7.259315 0.000690
7.268067 0.000686
7.276819 0.000681
7.285571 0.000675
7.294324 0.000667
7.303076 0.000658
7.311828 0.000648
7.320580 0.000637
7.329332 0.000625
7.338085 0.000612
7.346837 0.000598
7.355589 0.000584
7.364341 0.000569
7.373093 0.000554
7.381845 0.000538
7.390598 0.000522
7.399350 0.000506
7.408102 0.000490
7.416854 0.000474
7.425606 0.000458
7.434359 0.000442
7.443111 0.000426
7.451863 0.000411
7.460615 0.000396
7.469367 0.000381
7.478120 0.000366
7.486872 0.000352
7.495624 0.000338
7.504376 0.000325
7.513128 0.000312
7.521880 0.000300
7.530633 0.000288
7.539385 0.000276
7.548137 0.000265
7.556889 0.000255
7.565641 0.000245
7.574394 0.000235
7.583146 0.000226
7.591898 0.000217
7.600650 0.000208
7.609402 0.000200
7.618155 0.000192
7.626907 0.000185
7.635659 0.000178
7.644411 0.000171
7.653163 0.000165
7.661915 0.000159
7.670668 0.000153
7.679420 0.000147
7.688172 0.000142
7.696924 0.000137
7.705676 0.000132
7.714429 0.000127
7.723181 0.000123
7.731933 0.000119
7.740685 0.000115
7.749437 0.000111
7.758190 0.000107
7.766942 0.000104
7.775694 0.000100
7.784446 0.000097
7.793198 0.000094
7.801950 0.000091
7.810703 0.000088
7.819455 0.000086
7.828207 0.000083
7.836959 0.000081
7.845711 0.000078
7.854464 0.000076
7.863216 0.000074
7.871968 0.000072
7.880720 0.000070
7.889472 0.000068
7.898225 0.000066
7.906977 0.000064
7.915729 0.000062
7.924481 0.000060
7.933233 0.000059
7.941985 0.000057
7.950738 0.000056
7.959490 0.000054
7.968242 0.000053
7.976994 0.000051
7.985746 0.000050
7.994499 0.000049
8.003251 0.000048
8.012003 0.000046
8.020755 0.000045
8.029507 0.000044
8.038260 0.000043
8.047012 0.000042
8.055764 0.000041
8.064516 0.000040
8.073268 0.000039
8.082021 0.000038
8.090773 0.000037
8.099525 0.000036
8.108277 0.000035
8.117029 0.000034
8.125781 0.000034
8.134534 0.000033
8.143286 0.000032
8.152038 0.000031
8.160790 0.000031
8.169542 0.000030
8.178295 0.000029
8.187047 0.000029
8.195799 0.000028
8.204551 0.000027
8.213303 0.000027
8.222056 0.000026
8.230808 0.000026
8.239560 0.000025
8.248312 0.000024
8.257064 0.000024
8.265816 0.000023
8.274569 0.000023
8.283321 0.000022
8.292073 0.000022
8.300825 0.000021
8.309577 0.000021
8.318330 0.000020
8.327082 0.000020
8.335834 0.000020
8.344586 0.000019
8.353338 0.000019
8.362091 0.000018
8.370843 0.000018
8.379595 0.000017
8.388347 0.000017
8.397099 0.000017
8.405851 0.000016
8.414604 0.000016
8.423356 0.000016
8.432108 0.000015
8.440860 0.000015
8.449612 0.000015
8.458365 0.000014
8.467117 0.000014
8.475869 0.000014
8.484621 0.000013
8.493373 0.000013
8.502126 0.000013
8.510878 0.000012
8.519630 0.000012
8.528382 0.000012
8.537134 0.000012
8.545886 0.000011
8.554639 0.000011
8.563391 0.000011
8.572143 0.000010
8.580895 0.000010
8.589647 0.000010
8.598400 0.000010
8.607152 0.000009
8.615904 0.000009
8.624656 0.000009
8.633408 0.000009
8.642161 0.000009
8.650913 0.000008
8.659665 0.000008
8.668417 0.000008
8.677169 0.000008
8.685921 0.000007
8.694674 0.000007
8.703426 0.000007
8.712178 0.000007
8.720930 0.000007
8.729682 0.000006
8.738435 0.000006
8.747187 0.000006
8.755939 0.000006
8.764691 0.000006
8.773443 0.000005
8.782196 0.000005
8.790948 0.000005
8.799700 0.000005
8.808452 0.000005
8.817204 0.000005
8.825956 0.000004
8.834709 0.000004
8.843461 0.000004
8.852213 0.000004
8.860965 0.000004
8.869717 0.000004
8.878470 0.000003
8.887222 0.000003
8.895974 0.000003
8.904726 0.000003
8.913478 0.000003
8.922231 0.000003
8.930983 0.000003
8.939735 0.000002
8.948487 0.000002
8.957239 0.000002
8.965991 0.000002
8.974744 0.000002
8.983496 0.000002
8.992248 0.000001
9.001000 0.000001
9.009752 0.000001
9.018505 0.000001
9.027257 0.000001
9.036009 0.000001
9.044761 0.000001
9.053513 0.000001
9.062266 0.000000
9.071018 0.000000
9.079770 0.000000
9.088522 0.000000
9.097274 -0.000000
9.106027 -0.000000
9.114779 -0.000000
9.123531 -0.000000
9.132283 -0.000001
9.141035 -0.000001
9.149787 -0.000001
9.158540 -0.000001
9.167292 -0.000001
9.176044 -0.000001
9.184796 -0.000001
9.193548 -0.000001
9.202301 -0.000002
9.211053 -0.000002
9.219805 -0.000002
9.228557 -0.000002
9.237309 -0.000002
9.246062 -0.000002
9.254814 -0.000002
9.263566 -0.000002
9.272318 -0.000003
9.281070 -0.000003
9.289822 -0.000003
9.298575 -0.000003
9.307327 -0.000003
9.316079 -0.000003
9.324831 -0.000003
9.333583 -0.000003
9.342336 -0.000003
9.351088 -0.000004
9.359840 -0.000004
9.368592 -0.000004
9.377344 -0.000004
9.386097 -0.000004
9.394849 -0.000004
9.403601 -0.000004
9.412353 -0.000004
9.421105 -0.000004
9.429857 -0.000005
9.438610 -0.000005
9.447362 -0.000005
9.456114 -0.000005
9.464866 -0.000005
9.473618 -0.000005
9.482371 -0.000005
9.491123 -0.000005
9.499875 -0.000005
9.508627 -0.000005
9.517379 -0.000006
9.526132 -0.000006
9.534884 -0.000006
9.543636 -0.000006
9.552388 -0.000006
9.561140 -0.000006
9.569892 -0.000006
9.578645 -0.000006
9.587397 -0.000006
9.596149 -0.000007
9.604901 -0.000007
9.613653 -0.000007
9.622406 -0.000007
9.631158 -0.000007
9.639910 -0.000007
9.648662 -0.000007
9.657414 -0.000007
9.666167 -0.000007
9.674919 -0.000008
9.683671 -0.000008
9.692423 -0.000008
9.701175 -0.000008
9.709927 -0.000008
9.718680 -0.000008
9.727432 -0.000008
9.736184 -0.000008
9.744936 -0.000008
9.753688 -0.000008
9.762441 -0.000009
9.771193 -0.000009
9.779945 -0.000009
9.788697 -0.000009
9.797449 -0.000009
9.806202 -0.000009
9.814954 -0.000009
9.823706 -0.000009
9.832458 -0.000009
9.841210 -0.000010
9.849962 -0.000010
9.858715 -0.000010
9.867467 -0.000010
9.876219 -0.000010
9.884971 -0.000010
9.893723 -0.000010
9.902476 -0.000010
9.911228 -0.000010
9.919980 -0.000011
9.928732 -0.000011
9.937484 -0.000011
9.946237 -0.000011
9.954989 -0.000011
9.963741 -0.000011
9.972493 -0.000011
9.981245 -0.000011
9.989997 -0.000012
9.998750 -0.000012
10.007502 -0.000012
10.016254 -0.000012
10.025006 -0.000012
10.033758 -0.000012
10.042511 -0.000012
10.051263 -0.000012
10.060015 -0.000013
10.068767 -0.000013
10.077519 -0.000013
10.086272 -0.000013
10.095024 -0.000013
10.103776 -0.000013
10.112528 -0.000013
10.121280 -0.000013
10.130033 -0.000014
10.138785 -0.000014
10.147537 -0.000014
10.156289 -0.000014
10.165041 -0.000014
10.173793 -0.000014
10.182546 -0.000014
10.191298 -0.000014
10.200050 -0.000015
10.208802 -0.000015
10.217554 -0.000015
10.226307 -0.000015
10.235059 -0.000015
10.243811 -0.000015
10.252563 -0.000015
10.261315 -0.000016
10.270068 -0.000016
10.278820 -0.000016
10.287572 -0.000016
10.296324 -0.000016
10.305076 -0.000016
10.313828 -0.000016
10.322581 -0.000017
10.331333 -0.000017
10.340085 -0.000017
10.348837 -0.000017
10.357589 -0.000017
10.366342 -0.000017
10.375094 -0.000017
10.383846 -0.000018
10.392598 -0.000018
10.401350 -0.000018
10.410103 -0.000018
10.418855 -0.000018
10.427607 -0.000018
10.436359 -0.000019
10.445111 -0.000019
10.453863 -0.000019
10.462616 -0.000019
10.471368 -0.000019
10.480120 -0.000019
10.488872 -0.000019
10.497624 -0.000020
10.506377 -0.000020
10.515129 -0.000020
10.523881 -0.000020
10.532633 -0.000020
10.541385 -0.000021
10.550138 -0.000021
10.558890 -0.000021
10.567642 -0.000021
10.576394 -0.000021
10.585146 -0.000021
10.593898 -0.000022
10.602651 -0.000022
10.611403 -0.000022
10.620155 -0.000022
10.628907 -0.000022
10.637659 -0.000023
10.646412 -0.000023
10.655164 -0.000023
10.663916 -0.000023
10.672668 -0.000023
10.681420 -0.000024
10.690173 -0.000024
10.698925 -0.000024
10.707677 -0.000024
10.716429 -0.000024
10.725181 -0.000025
10.733933 -0.000025
10.742686 -0.000025
10.751438 -0.000025
10.760190 -0.000025
10.768942 -0.000026
10.777694 -0.000026
10.786447 -0.000026
10.795199 -0.000026
10.803951 -0.000026
10.812703 -0.000027
10.821455 -0.000027
10.830208 -0.000027
10.838960 -0.000027
10.847712 -0.000028
10.856464 -0.000028
10.865216 -0.000028
10.873968 -0.000028
10.882721 -0.000029
10.891473 -0.000029
10.900225 -0.000029
10.908977 -0.000029
10.917729 -0.000030
10.926482 -0.000030
10.935234 -0.000030
10.943986 -0.000030
10.952738 -0.000031
10.961490 -0.000031
10.970243 -0.000031
10.978995 -0.000031
10.987747 -0.000032
10.996499 -0.000032
11.005251 -0.000032
11.014004 -0.000033
11.022756 -0.000033
11.031508 -0.000033
11.040260 -0.000033
11.049012 -0.000034
11.057764 -0.000034
11.066517 -0.000034
11.075269 -0.000035
11.084021 -0.000035
11.092773 -0.000035
11.101525 -0.000036
11.110278 -0.000036
11.119030 -0.000036
11.127782 -0.000037
11.136534 -0.000037
11.145286 -0.000037
11.154039 -0.000038
11.162791 -0.000038
11.171543 -0.000038
11.180295 -0.000039
11.189047 -0.000039
11.197799 -0.000039
11.206552 -0.000040
11.215304 -0.000040
11.224056 -0.000040
11.232808 -0.000041
11.241560 -0.000041
11.250313 -0.000042
11.259065 -0.000042
11.267817 -0.000042
11.276569 -0.000043
11.285321 -0.000043
11.294074 -0.000044
11.302826 -0.000044
11.311578 -0.000044
11.320330 -0.000045
11.329082 -0.000045
11.337834 -0.000046
11.346587 -0.000046
11.355339 -0.000047
11.364091 -0.000047
11.372843 -0.000047
11.381595 -0.000048
11.390348 -0.000048
11.399100 -0.000049
11.407852 -0.000049
11.416604 -0.000050
11.425356 -0.000050
11.434109 -0.000051
11.442861 -0.000051
11.451613 -0.000052
11.460365 -0.000052
11.469117 -0.000053
11.477869 -0.000053
11.486622 -0.000054
11.495374 -0.000054
11.504126 -0.000055
11.512878 -0.000055
11.521630 -0.000056
11.530383 -0.000057
11.539135 -0.000057
11.547887 -0.000058
11.556639 -0.000058
11.565391 -0.000059
11.574144 -0.000059
11.582896 -0.000060
11.591648 -0.000061
11.600400 -0.000061
11.609152 -0.000062
11.617904 -0.000063
11.626657 -0.000063
11.635409 -0.000064
11.644161 -0.000065
11.652913 -0.000065
11.661665 -0.000066
11.670418 -0.000067
11.679170 -0.000067
11.687922 -0.000068
11.696674 -0.000069
11.705426 -0.000070
11.714179 -0.000070
11.722931 -0.000071
11.731683 -0.000072
11.740435 -0.000073
11.749187 -0.000073
11.757939 -0.000074
11.766692 -0.000075
11.775444 -0.000076
11.784196 -0.000077
11.792948 -0.000078
11.801700 -0.000078
11.810453 -0.000079
11.819205 -0.000080
11.827957 -0.000081
11.836709 -0.000082
11.845461 -0.000083
11.854214 -0.000084
11.862966 -0.000085
11.871718 -0.000086
11.880470 -0.000087
11.889222 -0.000088
11.897974 -0.000089
11.906727 -0.000090
11.915479 -0.000091
11.924231 -0.000092
11.932983 -0.000093
11.941735 -0.000094
11.950488 -0.000095
11.959240 -0.000097
11.967992 -0.000098
11.976744 -0.000099
11.985496 -0.000100
11.994249 -0.000101
12.003001 -0.000103
12.011753 -0.000104
12.020505 -0.000105
12.029257 -0.000106
12.038010 -0.000108
12.046762 -0.000109
12.055514 -0.000110
12.064266 -0.000112
12.073018 -0.000113
12.081770 -0.000115
12.090523 -0.000116
12.099275 -0.000118
12.108027 -0.000119
12.116779 -0.000121
12.125531 -0.000122
12.134284 -0.000124
12.143036 -0.000126
12.151788 -0.000127
12.160540 -0.000129
12.169292 -0.000131
12.178045 -0.000133
12.186797 -0.000134
12.195549 -0.000136
12.204301 -0.000138
12.213053 -0.000140
12.221805 -0.000142
12.230558 -0.000144
12.239310 -0.000146
12.248062 -0.000148
12.256814 -0.000150
12.265566 -0.000152
12.274319 -0.000154
12.283071 -0.000156
12.291823 -0.000159
12.300575 -0.000161
12.309327 -0.000163
12.318080 -0.000166
12.326832 -0.000168
12.335584 -0.000171
12.344336 -0.000173
12.353088 -0.000176
12.361840 -0.000179
12.370593 -0.000181
12.379345 -0.000184
12.388097 -0.000187
12.396849 -0.000190
12.405601 -0.000193
12.414354 -0.000196
12.423106 -0.000199
12.431858 -0.000202
12.440610 -0.000205
12.449362 -0.000209
12.458115 -0.000212
12.466867 -0.000215
12.475619 -0.000219
12.484371 -0.000223
12.493123 -0.000226
12.501875 -0.000230
12.510628 -0.000234
12.519380 -0.000238
12.528132 -0.000242
12.536884 -0.000246
12.545636 -0.000250
12.554389 -0.000255
12.563141 -0.000259
12.571893 -0.000264
12.580645 -0.000268
12.589397 -0.000273
12.598150 -0.000278
12.606902 -0.000283
12.615654 -0.000288
12.624406 -0.000294
12.633158 -0.000299
12.641910 -0.000305
12.650663 -0.000311
12.659415 -0.000316
12.668167 -0.000322
12.676919 -0.000329
12.685671 -0.000335
12.694424 -0.000342
12.703176 -0.000348
12.711928 -0.000355
12.720680 -0.000363
12.729432 -0.000370
12.738185 -0.000378
12.746937 -0.000385
12.755689 -0.000393
12.764441 -0.000402
12.773193 -0.000410
12.781945 -0.000419
12.790698 -0.000428
12.799450 -0.000437
12.808202 -0.000447
12.816954 -0.000457
12.825706 -0.000467
12.834459 -0.000478
12.843211 -0.000488
12.851963 -0.000500
12.860715 -0.000511
12.869467 -0.000523
12.878220 -0.000536
12.886972 -0.000549
12.895724 -0.000562
12.904476 -0.000576
12.913228 -0.000590
12.921980 -0.000604
12.930733 -0.000620
12.939485 -0.000636
12.948237 -0.000652
12.956989 -0.000669
12.965741 -0.000687
12.974494 -0.000705
12.983246 -0.000724
12.991998 -0.000744
13.000750 -0.000764
13.009502 -0.000785
13.018255 -0.000807
13.027007 -0.000830
13.035759 -0.000854
13.044511 -0.000879
13.053263 -0.000905
13.062016 -0.000933
13.070768 -0.000961
13.079520 -0.000990
13.088272 -0.001021
13.097024 -0.001053
13.105776 -0.001086
13.114529 -0.001121
13.123281 -0.001158
13.132033 -0.001196
13.140785 -0.001236
13.149537 -0.001278
13.158290 -0.001322
13.167042 -0.001367
13.175794 -0.001415
13.184546 -0.001465
13.193298 -0.001518
13.202051 -0.001572
13.210803 -0.001630
13.219555 -0.001690
13.228307 -0.001753
13.237059 -0.001819
13.245811 -0.001888
13.254564 -0.001960
13.263316 -0.002036
13.272068 -0.002114
13.280820 -0.002197
13.289572 -0.002283
13.298325 -0.002373
13.307077 -0.002466
13.315829 -0.002564
13.324581 -0.002665
13.333333 -0.002770
13.342086 -0.002879
13.350838 -0.002993
13.359590 -0.003110
13.368342 -0.003231
13.377094 -0.003355
13.385846 -0.003483
13.394599 -0.003615
13.403351 -0.003750
13.412103 -0.003887
13.420855 -0.004028
13.429607 -0.004170
13.438360 -0.004315
13.447112 -0.004460
13.455864 -0.004607
13.464616 -0.004755
13.473368 -0.004902
13.482121 -0.005049
13.490873 -0.005194
13.499625 -0.005338
13.508377 -0.005478
13.517129 -0.005616
13.525881 -0.005750
13.534634 -0.005879
13.543386 -0.006002
13.552138 -0.006120
13.560890 -0.006230
13.569642 -0.006334
13.578395 -0.006429
13.587147 -0.006516
13.595899 -0.006594
13.604651 -0.006663
13.613403 -0.006721
13.622156 -0.006769
13.630908 -0.006806
13.639660 -0.006833
13.648412 -0.006848
13.657164 -0.006853
13.665916 -0.006846
13.674669 -0.006829
13.683421 -0.006800
13.692173 -0.006761
13.700925 -0.006712
13.709677 -0.006653
13.718430 -0.006584
13.727182 -0.006506
13.735934 -0.006420
13.744686 -0.006325
13.753438 -0.006224
13.762191 -0.006116
13.770943 -0.006001
13.779695 -0.005882
13.788447 -0.005758
13.797199 -0.005630
13.805951 -0.005499
13.814704 -0.005366
13.823456 -0.005231
13.832208 -0.005094
13.840960 -0.004958
13.849712 -0.004822
13.858465 -0.004686
13.867217 -0.004552
13.875969 -0.004419
13.884721 -0.004289
13.893473 -0.004162
13.902226 -0.004038
13.910978 -0.003917
13.919730 -0.003800
13.928482 -0.003687
13.937234 -0.003579
13.945986 -0.003475
13.954739 -0.003376
13.963491 -0.003281
13.972243 -0.003191
13.980995 -0.003107
13.989747 -0.003027
13.998500 -0.002953
14.007252 -0.002884
14.016004 -0.002820
14.024756 -0.002762
14.033508 -0.002708
14.042261 -0.002660
14.051013 -0.002618
14.059765 -0.002580
14.068517 -0.002548
14.077269 -0.002521
14.086022 -0.002500
14.094774 -0.002483
14.103526 -0.002473
14.112278 -0.002467
14.121030 -0.002467
14.129782 -0.002473
14.138535 -0.002484
14.147287 -0.002501
14.156039 -0.002523
14.164791 -0.002551
14.173543 -0.002585
14.182296 -0.002625
14.191048 -0.002671
14.199800 -0.002723
14.208552 -0.002780
14.217304 -0.002845
14.226057 -0.002915
14.234809 -0.002992
14.243561 -0.003075
14.252313 -0.003164
14.261065 -0.003260
14.269817 -0.003362
14.278570 -0.003470
14.287322 -0.003585
14.296074 -0.003705
14.304826 -0.003831
14.313578 -0.003963
14.322331 -0.004099
14.331083 -0.004241
14.339835 -0.004386
14.348587 -0.004536
14.357339 -0.004688
14.366092 -0.004843
14.374844 -0.004999
14.383596 -0.005156
14.392348 -0.005312
14.401100 -0.005467
14.409852 -0.005619
14.418605 -0.005767
14.427357 -0.005910
14.436109 -0.006046
14.444861 -0.006174
14.453613 -0.006292
14.462366 -0.006400
14.471118 -0.006494
14.479870 -0.006575
14.488622 -0.006640
14.497374 -0.006688
14.506127 -0.006718
14.514879 -0.006727
14.523631 -0.006716
14.532383 -0.006683
14.541135 -0.006626
14.549887 -0.006545
14.558640 -0.006440
14.567392 -0.006309
14.576144 -0.006152
14.584896 -0.005969
14.593648 -0.005759
14.602401 -0.005523
14.611153 -0.005260
14.619905 -0.004972
14.628657 -0.004658
14.637409 -0.004318
14.646162 -0.003954
14.654914 -0.003566
14.663666 -0.003155
14.672418 -0.002721
14.681170 -0.002265
14.689922 -0.001788
14.698675 -0.001292
14.707427 -0.000776
14.716179 -0.000242
14.724931 0.000309
14.733683 0.000877
14.742436 0.001461
14.751188 0.002059
14.759940 0.002671
14.768692 0.003297
14.777444 0.003935
14.786197 0.004584
14.794949 0.005243
14.803701 0.005912
14.812453 0.006589
14.821205 0.007273
14.829957 0.007963
14.838710 0.008657
14.847462 0.009354
14.856214 0.010052
14.864966 0.010749
14.873718 0.011444
14.882471 0.012133
14.891223 0.012814
14.899975 0.013486
14.908727 0.014145
14.917479 0.014788
14.926232 0.015413
14.934984 0.016016
14.943736 0.016595
14.952488 0.017147
14.961240 0.017667
14.969992 0.018154
14.978745 0.018605
14.987497 0.019015
14.996249 0.019384
15.005001 0.019709
15.013753 0.019986
15.022506 0.020215
15.031258 0.020394
15.040010 0.020522
15.048762 0.020597
15.057514 0.020620
15.066267 0.020590
15.075019 0.020507
15.083771 0.020373
15.092523 0.020188
15.101275 0.019954
15.110028 0.019671
15.118780 0.019344
15.127532 0.018973
15.136284 0.018561
15.145036 0.018111
15.153788 0.017627
15.162541 0.017110
15.171293 0.016564
15.180045 0.015992
15.188797 0.015398
15.197549 0.014784
15.206302 0.014153
15.215054 0.013508
15.223806 0.012853
15.232558 0.012189
15.241310 0.011519
15.250063 0.010846
15.258815 0.010171
15.267567 0.009497
15.276319 0.008825
15.285071 0.008157
15.293823 0.007496
15.302576 0.006841
15.311328 0.006194
15.320080 0.005556
15.328832 0.004929
15.337584 0.004314
15.346337 0.003710
15.355089 0.003120
15.363841 0.002544
15.372593 0.001982
15.381345 0.001436
15.390098 0.000906
15.398850 0.000393
15.407602 -0.000102
15.416354 -0.000578
15.425106 -0.001036
15.433858 -0.001473
15.442611 -0.001890
15.451363 -0.002285
15.460115 -0.002658
15.468867 -0.003009
15.477619 -0.003336
15.486372 -0.003640
15.495124 -0.003920
15.503876 -0.004175
15.512628 -0.004405
15.521380 -0.004611
15.530133 -0.004792
15.538885 -0.004948
15.547637 -0.005081
15.556389 -0.005189
15.565141 -0.005274
15.573893 -0.005337
15.582646 -0.005378
15.591398 -0.005398
15.600150 -0.005398
15.608902 -0.005379
15.617654 -0.005343
15.626407 -0.005290
15.635159 -0.005223
15.643911 -0.005142
15.652663 -0.005048
15.661415 -0.004944
15.670168 -0.004830
15.678920 -0.004707
15.687672 -0.004578
15.696424 -0.004443
15.705176 -0.004304
15.713928 -0.004161
15.722681 -0.004016
15.731433 -0.003870
15.740185 -0.003723
15.748937 -0.003577
15.757689 -0.003432
15.766442 -0.003289
15.775194 -0.003148
15.783946 -0.003010
15.792698 -0.002876
15.801450 -0.002745
15.810203 -0.002618
15.818955 -0.002495
15.827707 -0.002377
15.836459 -0.002262
15.845211 -0.002153
15.853963 -0.002048
15.862716 -0.001947
15.871468 -0.001851
15.880220 -0.001760
15.888972 -0.001672
15.897724 -0.001589
15.906477 -0.001510
15.915229 -0.001435
15.923981 -0.001364
15.932733 -0.001296
15.941485 -0.001232
15.950238 -0.001171
15.958990 -0.001113
15.967742 -0.001059
15.976494 -0.001007
15.985246 -0.000958
15.993998 -0.000912
16.002751 -0.000868
16.011503 -0.000827
16.020255 -0.000788
16.029007 -0.000750
16.037759 -0.000715
16.046512 -0.000682
16.055264 -0.000651
16.064016 -0.000621
16.072768 -0.000593
16.081520 -0.000566
16.090273 -0.000541
16.099025 -0.000517
16.107777 -0.000494
16.116529 -0.000473
16.125281 -0.000453
16.134034 -0.000433
16.142786 -0.000415
16.151538 -0.000398
16.160290 -0.000382
16.169042 -0.000366
16.177794 -0.000352
16.186547 -0.000338
16.195299 -0.000325
16.204051 -0.000313
16.212803 -0.000301
16.221555 -0.000290
16.230308 -0.000280
16.239060 -0.000270
16.247812 -0.000261
16.256564 -0.000252
16.265316 -0.000244
16.274069 -0.000237
16.282821 -0.000229
16.291573 -0.000223
16.300325 -0.000217
16.309077 -0.000211
16.317829 -0.000206
16.326582 -0.000201
16.335334 -0.000196
16.344086 -0.000192
16.352838 -0.000188
16.361590 -0.000185
16.370343 -0.000181
16.379095 -0.000178
16.387847 -0.000176
16.396599 -0.000173
16.405351 -0.000171
16.414104 -0.000169
16.422856 -0.000167
16.431608 -0.000166
16.440360 -0.000164
16.449112 -0.000163
16.457864 -0.000161
16.466617 -0.000160
16.475369 -0.000159
16.484121 -0.000157
16.492873 -0.000156
16.501625 -0.000154
16.510378 -0.000153
16.519130 -0.000151
16.527882 -0.000149
16.536634 -0.000147
16.545386 -0.000145
16.554139 -0.000142
16.562891 -0.000140
16.571643 -0.000136
16.580395 -0.000133
16.589147 -0.000129
16.597899 -0.000125
16.606652 -0.000121
16.615404 -0.000116
16.624156 -0.000111
16.632908 -0.000105
16.641660 -0.000099
16.650413 -0.000092
16.659165 -0.000085
16.667917 -0.000078
16.676669 -0.000070
16.685421 -0.000062
16.694174 -0.000054
16.702926 -0.000045
16.711678 -0.000036
16.720430 -0.000026
16.729182 -0.000016
16.737934 -0.000006
16.746687 0.000005
16.755439 0.000016
16.764191 0.000028
16.772943 0.000039
16.781695 0.000051
16.790448 0.000064
16.799200 0.000076
16.807952 0.000089
16.816704 0.000102
16.825456 0.000116
16.834209 0.000129
16.842961 0.000143
16.851713 0.000158
16.860465 0.000172
16.869217 0.000187
16.877969 0.000201
16.886722 0.000216
16.895474 0.000231
16.904226 0.000246
16.912978 0.000261
16.921730 0.000276
16.930483 0.000291
16.939235 0.000306
16.947987 0.000321
16.956739 0.000336
16.965491 0.000350
16.974244 0.000364
16.982996 0.000378
16.991748 0.000391
17.000500 0.000403
17.009252 0.000415
17.018005 0.000426
17.026757 0.000436
17.035509 0.000446
17.044261 0.000454
17.053013 0.000462
17.061765 0.000468
17.070518 0.000474
17.079270 0.000478
17.088022 0.000481
17.096774 0.000483
17.105526 0.000484
17.114279 0.000484
17.123031 0.000482
17.131783 0.000479
17.140535 0.000476
17.149287 0.000471
17.158040 0.000465
17.166792 0.000458
17.175544 0.000450
17.184296 0.000442
17.193048 0.000432
17.201800 0.000422
17.210553 0.000412
17.219305 0.000400
17.228057 0.000389
17.236809 0.000377
17.245561 0.000365
17.254314 0.000353
17.263066 0.000340
17.271818 0.000328
17.280570 0.000316
17.289322 0.000304
17.298075 0.000292
17.306827 0.000280
17.315579 0.000268
17.324331 0.000257
17.333083 0.000246
17.341835 0.000235
17.350588 0.000225
17.359340 0.000215
17.368092 0.000206
17.376844 0.000196
17.385596 0.000188
17.394349 0.000179
17.403101 0.000171
17.411853 0.000163
17.420605 0.000156
17.429357 0.000149
17.438110 0.000142
17.446862 0.000136
17.455614 0.000130
17.464366 0.000124
17.473118 0.000118
17.481870 0.000113
17.490623 0.000108
17.499375 0.000103
17.508127 0.000098
17.516879 0.000094
17.525631 0.000089
17.534384 0.000085
17.543136 0.000081
17.551888 0.000077
17.560640 0.000074
17.569392 0.000070
17.578145 0.000066
17.586897 0.000063
17.595649 0.000060
17.604401 0.000056
17.613153 0.000053
17.621905 0.000050
17.630658 0.000047
17.639410 0.000044
17.648162 0.000041
17.656914 0.000038
17.665666 0.000036
17.674419 0.000033
17.683171 0.000030
17.691923 0.000028
17.700675 0.000025
17.709427 0.000023
17.718180 0.000021
17.726932 0.000019
17.735684 0.000017
17.744436 0.000015
17.753188 0.000013
17.761940 0.000011
17.770693 0.000009
17.779445 0.000007
17.788197 0.000006
17.796949 0.000004
17.805701 0.000003
17.814454 0.000002
17.823206 0.000001
17.831958 -0.000000
17.840710 -0.000001
17.849462 -0.000002
17.858215 -0.000003
17.866967 -0.000003
17.875719 -0.000004
17.884471 -0.000004
17.893223 -0.000005
17.901975 -0.000005
17.910728 -0.000005
17.919480 -0.000005
17.928232 -0.000005
17.936984 -0.000005
17.945736 -0.000005
17.954489 -0.000005
17.963241 -0.000005
17.971993 -0.000005
17.980745 -0.000004
17.989497 -0.000004
17.998250 -0.000004
18.007002 -0.000004
18.015754 -0.000003
18.024506 -0.000003
18.033258 -0.000003
18.042011 -0.000003
18.050763 -0.000002
18.059515 -0.000002
18.068267 -0.000002
18.077019 -0.000002
18.085771 -0.000001
18.094524 -0.000001
18.103276 -0.000001
18.112028 -0.000001
18.120780 -0.000001
18.129532 -0.000001
18.138285 -0.000001
18.147037 -0.000001
18.155789 -0.000001
18.164541 -0.000001
18.173293 -0.000001
18.182046 -0.000002
18.190798 -0.000002
18.199550 -0.000002
18.208302 -0.000002
18.217054 -0.000003
18.225806 -0.000003
18.234559 -0.000004
18.243311 -0.000004
18.252063 -0.000005
18.260815 -0.000005
18.269567 -0.000006
18.278320 -0.000006
18.287072 -0.000007
18.295824 -0.000008
18.304576 -0.000008
18.313328 -0.000009
18.322081 -0.000010
18.330833 -0.000011
18.339585 -0.000012
18.348337 -0.000012
18.357089 -0.000013
18.365841 -0.000014
18.374594 -0.000015
18.383346 -0.000015
18.392098 -0.000016
18.400850 -0.000017
18.409602 -0.000018
18.418355 -0.000018
18.427107 -0.000019
18.435859 -0.000020
18.444611 -0.000020
18.453363 -0.000021
18.462116 -0.000021
18.470868 -0.000021
18.479620 -0.000022
18.488372 -0.000022
18.497124 -0.000022
18.505876 -0.000022
18.514629 -0.000022
18.523381 -0.000022
18.532133 -0.000022
18.540885 -0.000022
18.549637 -0.000022
18.558390 -0.000022
18.567142 -0.000021
18.575894 -0.000021
18.584646 -0.000021
18.593398 -0.000020
18.602151 -0.000020
18.610903 -0.000019
18.619655 -0.000019
18.628407 -0.000018
18.637159 -0.000017
18.645911 -0.000017
18.654664 -0.000016
18.663416 -0.000015
18.672168 -0.000015
18.680920 -0.000014
18.689672 -0.000013
18.698425 -0.000013
18.707177 -0.000012
18.715929 -0.000011
18.724681 -0.000011
18.733433 -0.000010
18.742186 -0.000009
18.750938 -0.000009
18.759690 -0.000008
18.768442 -0.000008
18.777194 -0.000007
18.785946 -0.000006
18.794699 -0.000006
18.803451 -0.000005
18.812203 -0.000005
18.820955 -0.000004
18.829707 -0.000004
18.838460 -0.000004
18.847212 -0.000003
18.855964 -0.000003
18.864716 -0.000002
18.873468 -0.000002
18.882221 -0.000002
18.890973 -0.000002
18.899725 -0.000001
18.908477 -0.000001
18.917229 -0.000001
18.925981 -0.000000
18.934734 -0.000000
18.943486 0.000000
18.952238 0.000000
18.960990 0.000000
18.969742 0.000001
18.978495 0.000001
18.987247 0.000001
18.995999 0.000001
19.004751 0.000001
19.013503 0.000001
19.022256 0.000002
19.031008 0.000002
19.039760 0.000002
19.048512 0.000002
19.057264 0.000002
19.066017 0.000002
19.074769 0.000002
19.083521 0.000002
19.092273 0.000002
19.101025 0.000002
19.109777 0.000002
19.118530 0.000003
19.127282 0.000003
19.136034 0.000003
19.144786 0.000003
19.153538 0.000003
19.162291 0.000003
19.171043 0.000003
19.179795 0.000003
19.188547 0.000003
19.197299 0.000003
19.206052 0.000003
19.214804 0.000003
19.223556 0.000003
19.232308 0.000003
19.241060 0.000003
19.249812 0.000003
19.258565 0.000003
19.267317 0.000003
19.276069 0.000003
19.284821 0.000003
19.293573 0.000003
19.302326 0.000003
19.311078 0.000003
19.319830 0.000003
19.328582 0.000003
19.337334 0.000003
19.346087 0.000003
19.354839 0.000003
19.363591 0.000003
19.372343 0.000003
19.381095 0.000003
19.389847 0.000003
19.398600 0.000003
19.407352 0.000003
19.416104 0.000003
19.424856 0.000003
19.433608 0.000003
19.442361 0.000003
19.451113 0.000003
19.459865 0.000003
19.468617 0.000003
19.477369 0.000003
19.486122 0.000003
19.494874 0.000003
19.503626 0.000003
19.512378 0.000003
19.521130 0.000003
19.529882 0.000003
19.538635 0.000003
19.547387 0.000003
19.556139 0.000003
19.564891 0.000003
19.573643 0.000003
19.582396 0.000003
19.591148 0.000003
19.599900 0.000003
19.608652 0.000003
19.617404 0.000003
19.626157 0.000003
19.634909 0.000003
19.643661 0.000003
19.652413 0.000003
19.661165 0.000003
19.669917 0.000003
19.678670 0.000003
19.687422 0.000003
19.696174 0.000003
19.704926 0.000003
19.713678 0.000003
19.722431 0.000003
19.731183 0.000003
19.739935 0.000003
19.748687 0.000003
19.757439 0.000003
19.766192 0.000003
19.774944 0.000003
19.783696 0.000003
19.792448 0.000003
19.801200 0.000003
19.809952 0.000003
19.818705 0.000003
19.827457 0.000003
19.836209 0.000003
19.844961 0.000003
19.853713 0.000003
19.862466 0.000003
19.871218 0.000003
19.879970 0.000003
19.888722 0.000003
19.897474 0.000003
19.906227 0.000003
19.914979 0.000003
19.923731 0.000003
19.932483 0.000003
19.941235 0.000003
19.949987 0.000003
19.958740 0.000003
19.967492 0.000003
19.976244 0.000003
19.984996 0.000003
19.993748 0.000003
20.002501 0.000003
20.011253 0.000003
20.020005 0.000003
20.028757 0.000003
20.037509 0.000003
20.046262 0.000003
20.055014 0.000003
20.063766 0.000003
20.072518 0.000003
20.081270 0.000003
20.090023 0.000003
20.098775 0.000003
20.107527 0.000003
20.116279 0.000003
20.125031 0.000003
20.133783 0.000003
20.142536 0.000003
20.151288 0.000003
20.160040 0.000003
20.168792 0.000003
20.177544 0.000003
20.186297 0.000003
20.195049 0.000003
20.203801 0.000003
20.212553 0.000003
20.221305 0.000003
20.230058 0.000003
20.238810 0.000003
20.247562 0.000003
20.256314 0.000003
20.265066 0.000003
20.273818 0.000003
20.282571 0.000003
20.291323 0.000003
20.300075 0.000003
20.308827 0.000003
20.317579 0.000003
20.326332 0.000003
20.335084 0.000003
20.343836 0.000003
20.352588 0.000003
20.361340 0.000003
20.370093 0.000003
20.378845 0.000003
20.387597 0.000003
20.396349 0.000003
20.405101 0.000003
20.413853 0.000003
20.422606 0.000003
20.431358 0.000003
20.440110 0.000003
20.448862 0.000003
20.457614 0.000002
20.466367 0.000002
20.475119 0.000002
20.483871 0.000002
20.492623 0.000002
20.501375 0.000002
20.510128 0.000002
20.518880 0.000002
20.527632 0.000002
20.536384 0.000002
20.545136 0.000002
20.553888 0.000002
20.562641 0.000002
20.571393 0.000002
20.580145 0.000002
20.588897 0.000002
20.597649 0.000002
20.606402 0.000002
20.615154 0.000002
20.623906 0.000002
20.632658 0.000002
20.641410 0.000002
20.650163 0.000002
20.658915 0.000002
20.667667 0.000002
20.676419 0.000002
20.685171 0.000002
20.693923 0.000002
20.702676 0.000002
20.711428 0.000002
20.720180 0.000002
20.728932 0.000002
20.737684 0.000002
20.746437 0.000002
20.755189 0.000002
20.763941 0.000002
20.772693 0.000002
20.781445 0.000002
20.790198 0.000002
20.798950 0.000002
20.807702 0.000002
20.816454 0.000002
20.825206 0.000002
20.833958 0.000002
20.842711 0.000002
20.851463 0.000002
20.860215 0.000002
20.868967 0.000002
20.877719 0.000002
20.886472 0.000002
20.895224 0.000002
20.903976 0.000002
20.912728 0.000002
20.921480 0.000002
20.930233 0.000002
20.938985 0.000002
20.947737 0.000002
20.956489 0.000002
20.965241 0.000002
20.973993 0.000002
20.982746 0.000002
20.991498 0.000002
21.000250 0.000002
21.009002 0.000002
21.017754 0.000002
21.026507 0.000002
21.035259 0.000002
21.044011 0.000002
21.052763 0.000002
21.061515 0.000002
21.070268 0.000002
21.079020 0.000002
21.087772 0.000002
21.096524 0.000002
21.105276 0.000002
21.114029 0.000002
21.122781 0.000002
21.131533 0.000002
21.140285 0.000002
21.149037 0.000002
21.157789 0.000002
21.166542 0.000002
21.175294 0.000002
21.184046 0.000002
21.192798 0.000002
21.201550 0.000002
21.210303 0.000002
21.219055 0.000002
21.227807 0.000002
21.236559 0.000002
21.245311 0.000002
21.254064 0.000002
21.262816 0.000002
21.271568 0.000002
21.280320 0.000002
21.289072 0.000002
21.297824 0.000002
21.306577 0.000002
21.315329 0.000002
21.324081 0.000002
21.332833 0.000002
21.341585 0.000002
21.350338 0.000002
21.359090 0.000002
21.367842 0.000002
21.376594 0.000002
21.385346 0.000002
21.394099 0.000002
21.402851 0.000002
21.411603 0.000002
21.420355 0.000002
21.429107 0.000002
21.437859 0.000002
21.446612 0.000002
21.455364 0.000002
21.464116 0.000002
21.472868 0.000002
21.481620 0.000002
21.490373 0.000002
21.499125 0.000002
21.507877 0.000002
21.516629 0.000002
21.525381 0.000002
21.534134 0.000002
21.542886 0.000002
21.551638 0.000002
21.560390 0.000002
21.569142 0.000002
21.577894 0.000002
21.586647 0.000002
21.595399 0.000002
21.604151 0.000002
21.612903 0.000002
21.621655 0.000002
21.630408 0.000002
21.639160 0.000002
21.647912 0.000002
21.656664 0.000002
21.665416 0.000002
21.674169 0.000002
21.682921 0.000002
21.691673 0.000002
21.700425 0.000002
21.709177 0.000002
21.717929 0.000002
21.726682 0.000002
21.735434 0.000001
21.744186 0.000001
21.752938 0.000001
21.761690 0.000001
21.770443 0.000001
21.779195 0.000001
21.787947 0.000001
21.796699 0.000001
21.805451 0.000001
21.814204 0.000001
21.822956 0.000001
21.831708 0.000001
21.840460 0.000001
21.849212 0.000001
21.857964 0.000001
21.866717 0.000001
21.875469 0.000001
21.884221 0.000001
21.892973 0.000001
21.901725 0.000001
21.910478 0.000001
21.919230 0.000001
21.927982 0.000001
21.936734 0.000001
21.945486 0.000001
21.954239 0.000001
21.962991 0.000001
21.971743 0.000001
21.980495 0.000001
21.989247 0.000001
21.997999 0.000001
22.006752 0.000001
22.015504 0.000001
22.024256 0.000001
22.033008 0.000001
22.041760 0.000001
22.050513 0.000001
22.059265 0.000001
22.068017 0.000001
22.076769 0.000001
22.085521 0.000001
22.094274 0.000001
22.103026 0.000001
22.111778 0.000001
22.120530 0.000001
22.129282 0.000001
22.138035 0.000001
22.146787 0.000001
22.155539 0.000001
22.164291 0.000001
22.173043 0.000001
22.181795 0.000001
22.190548 0.000001
22.199300 0.000001
22.208052 0.000001
22.216804 0.000001
22.225556 0.000001
22.234309 0.000001
22.243061 0.000001
22.251813 0.000001
22.260565 0.000001
22.269317 0.000001
22.278070 0.000001
22.286822 0.000001
22.295574 0.000001
22.304326 0.000001
22.313078 0.000001
22.321830 0.000001
22.330583 0.000001
22.339335 0.000001
22.348087 0.000001
22.356839 0.000001
22.365591 0.000001
22.374344 0.000001
22.383096 0.000001
22.391848 0.000001
22.400600 0.000001
22.409352 0.000001
22.418105 0.000001
22.426857 0.000001
22.435609 0.000001
22.444361 0.000001
22.453113 0.000001
22.461865 0.000001
22.470618 0.000001
22.479370 0.000001
22.488122 0.000001
22.496874 0.000001
22.505626 0.000001
22.514379 0.000001
22.523131 0.000001
22.531883 0.000001
22.540635 0.000001
22.549387 0.000001
22.558140 0.000001
22.566892 0.000001
22.575644 0.000001
22.584396 0.000001
22.593148 0.000001
22.601900 0.000001
22.610653 0.000001
22.619405 0.000001
22.628157 0.000001
22.636909 0.000001
22.645661 0.000001
22.654414 0.000001
22.663166 0.000001
22.671918 0.000001
22.680670 0.000001
22.689422 0.000001
22.698175 0.000002
22.706927 0.000002
22.715679 0.000002
22.724431 0.000002
22.733183 0.000002
22.741935 0.000002
22.750688 0.000002
22.759440 0.000002
22.768192 0.000002
22.776944 0.000002
22.785696 0.000002
22.794449 0.000002
22.803201 0.000003
22.811953 0.000003
22.820705 0.000003
22.829457 0.000003
22.838210 0.000003
22.846962 0.000003
22.855714 0.000003
22.864466 0.000003
22.873218 0.000003
22.881970 0.000004
22.890723 0.000004
22.899475 0.000004
22.908227 0.000004
22.916979 0.000004
22.925731 0.000005
22.934484 0.000005
22.943236 0.000005
22.951988 0.000005
22.960740 0.000006
22.969492 0.000006
22.978245 0.000007
22.986997 0.000007
22.995749 0.000008
23.004501 0.000008
23.013253 0.000009
23.022006 0.000010
23.030758 0.000011
23.039510 0.000012
23.048262 0.000013
23.057014 0.000014
23.065766 0.000016
23.074519 0.000017
23.083271 0.000019
23.092023 0.000020
23.100775 0.000022
23.109527 0.000024
23.118280 0.000026
23.127032 0.000028
23.135784 0.000030
23.144536 0.000033
23.153288 0.000035
23.162041 0.000037
23.170793 0.000040
23.179545 0.000042
23.188297 0.000044
23.197049 0.000046
23.205801 0.000048
23.214554 0.000050
23.223306 0.000051
23.232058 0.000053
23.240810 0.000054
23.249562 0.000055
23.258315 0.000055
23.267067 0.000055
23.275819 0.000054
23.284571 0.000053
23.293323 0.000052
23.302076 0.000050
23.310828 0.000048
23.319580 0.000045
23.328332 0.000042
23.337084 0.000038
23.345836 0.000034
23.354589 0.000029
23.363341 0.000025
23.372093 0.000019
23.380845 0.000014
23.389597 0.000008
23.398350 0.000002
23.407102 -0.000004
23.415854 -0.000010
23.424606 -0.000017
23.433358 -0.000023
23.442111 -0.000029
23.450863 -0.000035
23.459615 -0.000040
23.468367 -0.000046
23.477119 -0.000051
23.485871 -0.000055
23.494624 -0.000060
23.503376 -0.000064
23.512128 -0.000067
23.520880 -0.000071
23.529632 -0.000073
23.538385 -0.000076
23.547137 -0.000078
23.555889 -0.000079
23.564641 -0.000080
23.573393 -0.000081
23.582146 -0.000081
23.590898 -0.000081
23.599650 -0.000080
23.608402 -0.000080
23.617154 -0.000079
23.625906 -0.000078
23.634659 -0.000076
23.643411 -0.000074
23.652163 -0.000073
23.660915 -0.000071
23.669667 -0.000069
23.678420 -0.000067
23.687172 -0.000065
23.695924 -0.000062
23.704676 -0.000060
23.713428 -0.000058
23.722181 -0.000056
23.730933 -0.000054
23.739685 -0.000052
23.748437 -0.000050
23.757189 -0.000048
23.765941 -0.000046
23.774694 -0.000044
23.783446 -0.000042
23.792198 -0.000041
23.800950 -0.000039
23.809702 -0.000038
23.818455 -0.000036
23.827207 -0.000035
23.835959 -0.000034
23.844711 -0.000032
23.853463 -0.000031
23.862216 -0.000030
23.870968 -0.000029
23.879720 -0.000028
23.888472 -0.000027
23.897224 -0.000026
23.905976 -0.000025
23.914729 -0.000024
23.923481 -0.000024
23.932233 -0.000023
23.940985 -0.000022
23.949737 -0.000021
23.958490 -0.000020
23.967242 -0.000019
23.975994 -0.000017
23.984746 -0.000016
23.993498 -0.000015
24.002251 -0.000013
24.011003 -0.000011
24.019755 -0.000010
24.028507 -0.000008
24.037259 -0.000005
24.046012 -0.000003
24.054764 -0.000000
24.063516 0.000002
24.072268 0.000006
24.081020 0.000009
24.089772 0.000012
24.098525 0.000016
24.107277 0.000020
24.116029 0.000024
24.124781 0.000029
24.133533 0.000033
24.142286 0.000038
24.151038 0.000043
24.159790 0.000048
24.168542 0.000053
24.177294 0.000059
24.186047 0.000064
24.194799 0.000070
24.203551 0.000075
24.212303 0.000081
24.221055 0.000086
24.229807 0.000092
24.238560 0.000097
24.247312 0.000102
24.256064 0.000107
24.264816 0.000111
24.273568 0.000116
24.282321 0.000120
24.291073 0.000124
24.299825 0.000127
24.308577 0.000130
24.317329 0.000133
24.326082 0.000135
24.334834 0.000137
24.343586 0.000139
24.352338 0.000140
24.361090 0.000141
24.369842 0.000141
24.378595 0.000141
24.387347 0.000141
24.396099 0.000140
24.404851 0.000139
24.413603 0.000137
24.422356 0.000135
24.431108 0.000133
24.439860 0.000131
24.448612 0.000129
24.457364 0.000126
24.466117 0.000123
24.474869 0.000120
24.483621 0.000117
24.492373 0.000113
24.501125 0.000110
24.509877 0.000107
24.518630 0.000103
24.527382 0.000100
24.536134 0.000096
24.544886 0.000093
24.553638 0.000090
24.562391 0.000086
24.571143 0.000083
24.579895 0.000080
24.588647 0.000077
24.597399 0.000074
24.606152 0.000071
24.614904 0.000068
24.623656 0.000065
24.632408 0.000062
24.641160 0.000060
24.649912 0.000057
24.658665 0.000055
24.667417 0.000053
24.676169 0.000051
24.684921 0.000049
24.693673 0.000047
24.702426 0.000045
24.711178 0.000043
24.719930 0.000041
24.728682 0.000040
24.737434 0.000038
24.746187 0.000037
24.754939 0.000035
24.763691 0.000034
24.772443 0.000033
24.781195 0.000031
24.789947 0.000030
24.798700 0.000029
24.807452 0.000028
24.816204 0.000027
24.824956 0.000026
24.833708 0.000025
24.842461 0.000024
24.851213 0.000023
24.859965 0.000022
24.868717 0.000021
24.877469 0.000020
24.886222 0.000019
24.894974 0.000018
24.903726 0.000017
24.912478 0.000016
24.921230 0.000016
24.929982 0.000015
24.938735 0.000014
24.947487 0.000013
24.956239 0.000012
24.964991 0.000011
24.973743 0.000011
24.982496 0.000010
24.991248 0.000009

Sticks
-3.768442 -0.008586
-3.750938 -0.001709
-3.715929 0.009092
-3.689672 -0.001447
-3.217054 0.000353
-2.814454 -0.004329
-2.796949 0.026304
-2.726932 -0.012961
-2.718180 -0.013737
-1.816704 0.011600
-1.142786 -0.004696
-1.134034 -0.000005
-0.915229 -0.000119
-0.862716 0.000512
-0.748937 -0.000031
-0.652663 -0.000251
-0.547637 -0.000245
-0.285071 0.000092
-0.066267 -0.000141
0.108777 -0.000135
0.213803 0.000039
0.301325 -0.000000
0.450113 0.000561
0.476369 -0.000048
0.572643 0.000552
1.089022 -0.000356
1.421605 -0.000054
1.552888 0.000281
1.797949 -0.000002
4.651163 0.000001
4.677419 -0.000002
4.694924 -0.000001
4.764941 -0.000017
4.808702 0.000024
4.878720 -0.000001
5.377594 -0.000002
5.412603 -0.000000
5.421355 0.000001
5.972743 -0.000436
5.990248 0.000438
5.999000 -0.000073
6.147787 0.000426
6.366592 -0.000427
6.839210 -0.000015
6.847962 0.000104
6.874219 -0.000091
6.917979 -0.000041
7.233058 0.000549
13.595899 -0.002658
13.709677 -0.002626
14.147287 0.000084
14.567392 -0.007494
15.057514 0.018184
15.538885 -0.006715
16.597899 -0.000074
16.632908 -0.000051
17.131783 0.000590
17.193048 -0.000219
17.464366 0.000001
17.831958 -0.000028
17.910728 -0.000001
18.269567 0.000002
18.505876 -0.000025
21.954239 -0.000001
21.962991 0.000001
21.997999 -0.000001
22.645661 -0.000001
22.671918 -0.000001
22.803201 0.000001
23.240810 -0.000131
23.319580 0.000311
23.459615 -0.000204
24.107277 -0.000029
24.151038 -0.000033
24.334834 0.000144
