-10.000000 0.000055
-9.991248 0.000059
-9.982496 0.000063
-9.973743 0.000066
-9.964991 0.000070
-9.956239 0.000074
-9.947487 0.000077
-9.938735 0.000080
-9.929982 0.000083
-9.921230 0.000086
-9.912478 0.000089
-9.903726 0.000091
-9.894974 0.000094
-9.886222 0.000096
-9.877469 0.000098
-9.868717 0.000100
-9.859965 0.000101
-9.851213 0.000103
-9.842461 0.000104
-9.833708 0.000105
-9.824956 0.000106
-9.816204 0.000107
-9.807452 0.000108
-9.798700 0.000109
-9.789947 0.000109
-9.781195 0.000110
-9.772443 0.000110
-9.763691 0.000111
-9.754939 0.000111
-9.746187 0.000112
-9.737434 0.000112
-9.728682 0.000113
-9.719930 0.000113
-9.711178 0.000113
-9.702426 0.000114
-9.693673 0.000114
-9.684921 0.000114
-9.676169 0.000115
-9.667417 0.000115
-9.658665 0.000115
-9.649912 0.000116
-9.641160 0.000116
-9.632408 0.000116
-9.623656 0.000116
-9.614904 0.000117
-9.606152 0.000117
-9.597399 0.000117
-9.588647 0.000118
-9.579895 0.000118
-9.571143 0.000118
-9.562391 0.000119
-9.553638 0.000119
-9.544886 0.000119
-9.536134 0.000119
-9.527382 0.000120
-9.518630 0.000120
-9.509877 0.000120
-9.501125 0.000121
-9.492373 0.000121
-9.483621 0.000121
-9.474869 0.000122
-9.466117 0.000122
-9.457364 0.000122
-9.448612 0.000123
-9.439860 0.000123
-9.431108 0.000123
-9.422356 0.000124
-9.413603 0.000124
-9.404851 0.000124
-9.396099 0.000125
-9.387347 0.000125
-9.378595 0.000125
-9.369842 0.000126
-9.361090 0.000126
-9.352338 0.000126
-9.343586 0.000127
-9.334834 0.000127
-9.326082 0.000127
-9.317329 0.000128
-9.308577 0.000128
-9.299825 0.000128
-9.291073 0.000129
-9.282321 0.000129
-9.273568 0.000129
-9.264816 0.000130
-9.256064 0.000130
-9.247312 0.000130
-9.238560 0.000131
-9.229807 0.000131
-9.221055 0.000131
-9.212303 0.000132
-9.203551 0.000132
-9.194799 0.000133
-9.186047 0.000133
-9.177294 0.000133
-9.168542 0.000134
-9.159790 0.000134
-9.151038 0.000134
-9.142286 0.000135
-9.133533 0.000135
-9.124781 0.000136
-9.116029 0.000136
-9.107277 0.000136
-9.098525 0.000137
-9.089772 0.000137
-9.081020 0.000137
-9.072268 0.000138
-9.063516 0.000138
-9.054764 0.000139
-9.046012 0.000139
-9.037259 0.000139
-9.028507 0.000140
-9.019755 0.000140
-9.011003 0.000141
-9.002251 0.000141
-8.993498 0.000141
-8.984746 0.000142
-8.975994 0.000142
-8.967242 0.000143
-8.958490 0.000143
-8.949737 0.000143
-8.940985 0.000144
-8.932233 0.000144
-8.923481 0.000145
-8.914729 0.000145
-8.905976 0.000145
-8.897224 0.000146
-8.888472 0.000146
-8.879720 0.000147
-8.870968 0.000147
-8.862216 0.000148
-8.853463 0.000148
-8.844711 0.000148
-8.835959 0.000149
-8.827207 0.000149
-8.818455 0.000150
-8.809702 0.000150
-8.800950 0.000151
-8.792198 0.000151
-8.783446 0.000152
-8.774694 0.000152
-8.765941 0.000152
-8.757189 0.000153
-8.748437 0.000153
-8.739685 0.000154
-8.730933 0.000154
-8.722181 0.000155
-8.713428 0.000155
-8.704676 0.000156
-8.695924 0.000156
-8.687172 0.000157
-8.678420 0.000157
-8.669667 0.000158
-8.660915 0.000158
-8.652163 0.000158
-8.643411 0.000159
-8.634659 0.000159
-8.625906 0.000160
-8.617154 0.000160
-8.608402 0.000161
-8.599650 0.000161
-8.590898 0.000162
-8.582146 0.000162
-8.573393 0.000163
-8.564641 0.000163
-8.555889 0.000164
-8.547137 0.000164
-8.538385 0.000165
-8.529632 0.000165
-8.520880 0.000166
-8.512128 0.000166
-8.503376 0.000167
-8.494624 0.000167
-8.485871 0.000168
-8.477119 0.000169
-8.468367 0.000169
-8.459615 0.000170
-8.450863 0.000170
-8.442111 0.000171
-8.433358 0.000171
-8.424606 0.000172
-8.415854 0.000172
-8.407102 0.000173
-8.398350 0.000173
-8.389597 0.000174
-8.380845 0.000174
-8.372093 0.000175
-8.363341 0.000176
-8.354589 0.000176
-8.345836 0.000177
-8.337084 0.000177
-8.328332 0.000178
-8.319580 0.000178
-8.310828 0.000179
-8.302076 0.000180
-8.293323 0.000180
-8.284571 0.000181
-8.275819 0.000181
-8.267067 0.000182
-8.258315 0.000183
-8.249562 0.000183
-8.240810 0.000184
-8.232058 0.000184
-8.223306 0.000185
-8.214554 0.000186
-8.205801 0.000186
-8.197049 0.000187
-8.188297 0.000187
-8.179545 0.000188
-8.170793 0.000189
-8.162041 0.000189
-8.153288 0.000190
-8.144536 0.000191
-8.135784 0.000191
-8.127032 0.000192
-8.118280 0.000192
-8.109527 0.000193
-8.100775 0.000194
-8.092023 0.000194
-8.083271 0.000195
-8.074519 0.000196
-8.065766 0.000196
-8.057014 0.000197
-8.048262 0.000198
-8.039510 0.000198
-8.030758 0.000199
-8.022006 0.000200
-8.013253 0.000200
-8.004501 0.000201
-7.995749 0.000202
-7.986997 0.000203
-7.978245 0.000203
-7.969492 0.000204
-7.960740 0.000205
-7.951988 0.000205
-7.943236 0.000206
-7.934484 0.000207
-7.925731 0.000208
-7.916979 0.000208
-7.908227 0.000209
-7.899475 0.000210
-7.890723 0.000211
-7.881970 0.000211
-7.873218 0.000212
-7.864466 0.000213
-7.855714 0.000214
-7.846962 0.000214
-7.838210 0.000215
-7.829457 0.000216
-7.820705 0.000217
-7.811953 0.000217
-7.803201 0.000218
-7.794449 0.000219
-7.785696 0.000220
-7.776944 0.000221
-7.768192 0.000221
-7.759440 0.000222
-7.750688 0.000223
-7.741935 0.000224
-7.733183 0.000225
-7.724431 0.000225
-7.715679 0.000226
-7.706927 0.000227
-7.698175 0.000228
-7.689422 0.000229
-7.680670 0.000230
-7.671918 0.000230
-7.663166 0.000231
-7.654414 0.000232
-7.645661 0.000233
-7.636909 0.000234
-7.628157 0.000235
-7.619405 0.000236
-7.610653 0.000237
-7.601900 0.000237
-7.593148 0.000238
-7.584396 0.000239
-7.575644 0.000240
-7.566892 0.000241
-7.558140 0.000242
-7.549387 0.000243
-7.540635 0.000244
-7.531883 0.000245
-7.523131 0.000246
-7.514379 0.000247
-7.505626 0.000248
-7.496874 0.000249
-7.488122 0.000250
-7.479370 0.000251
-7.470618 0.000252
-7.461865 0.000252
-7.453113 0.000253
-7.444361 0.000254
-7.435609 0.000255
-7.426857 0.000256
-7.418105 0.000257
-7.409352 0.000259
-7.400600 0.000260
-7.391848 0.000261
-7.383096 0.000262
-7.374344 0.000263
-7.365591 0.000264
-7.356839 0.000265
-7.348087 0.000266
-7.339335 0.000267
-7.330583 0.000268
-7.321830 0.000269
-7.313078 0.000270
-7.304326 0.000271
-7.295574 0.000272
-7.286822 0.000273
-7.278070 0.000275
-7.269317 0.000276
-7.260565 0.000277
-7.251813 0.000278
-7.243061 0.000279
-7.234309 0.000280
-7.225556 0.000281
-7.216804 0.000283
-7.208052 0.000284
-7.199300 0.000285
-7.190548 0.000286
-7.181795 0.000287
-7.173043 0.000289
-7.164291 0.000290
-7.155539 0.000291
-7.146787 0.000292
-7.138035 0.000293
-7.129282 0.000295
-7.120530 0.000296
-7.111778 0.000297
-7.103026 0.000299
-7.094274 0.000300
-7.085521 0.000301
-7.076769 0.000302
-7.068017 0.000304
-7.059265 0.000305
-7.050513 0.000306
-7.041760 0.000308
-7.033008 0.000309
-7.024256 0.000310
-7.015504 0.000312
-7.006752 0.000313
-6.997999 0.000314
-6.989247 0.000316
-6.980495 0.000317
-6.971743 0.000319
-6.962991 0.000320
-6.954239 0.000322
-6.945486 0.000323
-6.936734 0.000324
-6.927982 0.000326
-6.919230 0.000327
-6.910478 0.000329
-6.901725 0.000330
-6.892973 0.000332
-6.884221 0.000333
-6.875469 0.000335
-6.866717 0.000336
-6.857964 0.000338
-6.849212 0.000339
-6.840460 0.000341
-6.831708 0.000343
-6.822956 0.000344
-6.814204 0.000346
-6.805451 0.000347
-6.796699 0.000349
-6.787947 0.000351
-6.779195 0.000352
-6.770443 0.000354
-6.761690 0.000356
-6.752938 0.000357
-6.744186 0.000359
-6.735434 0.000361
-6.726682 0.000362
-6.717929 0.000364
-6.709177 0.000366
-6.700425 0.000368
-6.691673 0.000370
-6.682921 0.000371
-6.674169 0.000373
-6.665416 0.000375
-6.656664 0.000377
-6.647912 0.000379
-6.639160 0.000380
-6.630408 0.000382
-6.621655 0.000384
-6.612903 0.000386
-6.604151 0.000388
-6.595399 0.000390
-6.586647 0.000392
-6.577894 0.000394
-6.569142 0.000396
-6.560390 0.000398
-6.551638 0.000400
-6.542886 0.000402
-6.534134 0.000404
-6.525381 0.000406
-6.516629 0.000408
-6.507877 0.000410
-6.499125 0.000412
-6.490373 0.000414
-6.481620 0.000416
-6.472868 0.000419
-6.464116 0.000421
-6.455364 0.000423
-6.446612 0.000425
-6.437859 0.000427
-6.429107 0.000430
-6.420355 0.000432
-6.411603 0.000434
-6.402851 0.000437
-6.394099 0.000439
-6.385346 0.000441
-6.376594 0.000444
-6.367842 0.000446
-6.359090 0.000448
-6.350338 0.000451
-6.341585 0.000453
-6.332833 0.000456
-6.324081 0.000458
-6.315329 0.000461
-6.306577 0.000463
-6.297824 0.000466
-6.289072 0.000468
-6.280320 0.000471
-6.271568 0.000473
-6.262816 0.000476
-6.254064 0.000479
-6.245311 0.000481
-6.236559 0.000484
-6.227807 0.000487
-6.219055 0.000490
-6.210303 0.000492
-6.201550 0.000495
-6.192798 0.000498
-6.184046 0.000501
-6.175294 0.000504
-6.166542 0.000507
-6.157789 0.000510
-6.149037 0.000513
-6.140285 0.000516
-6.131533 0.000519
-6.122781 0.000522
-6.114029 0.000525
-6.105276 0.000528
-6.096524 0.000531
-6.087772 0.000534
-6.079020 0.000537
-6.070268 0.000540
-6.061515 0.000544
-6.052763 0.000547
-6.044011 0.000550
-6.035259 0.000554
-6.026507 0.000557
-6.017754 0.000560
-6.009002 0.000564
-6.000250 0.000567
-5.991498 0.000571
-5.982746 0.000574
-5.973993 0.000578
-5.965241 0.000582
-5.956489 0.000585
-5.947737 0.000589
-5.938985 0.000593
-5.930233 0.000596
-5.921480 0.000600
-5.912728 0.000604
-5.903976 0.000608
-5.895224 0.000612
-5.886472 0.000616
-5.877719 0.000620
-5.868967 0.000624
-5.860215 0.000628
-5.851463 0.000632
-5.842711 0.000636
-5.833958 0.000640
-5.825206 0.000645
-5.816454 0.000649
-5.807702 0.000653
-5.798950 0.000658
-5.790198 0.000662
-5.781445 0.000667
-5.772693 0.000671
-5.763941 0.000676
-5.755189 0.000680
-5.746437 0.000685
-5.737684 0.000690
-5.728932 0.000694
-5.720180 0.000699
-5.711428 0.000704
-5.702676 0.000709
-5.693923 0.000714
-5.685171 0.000719
-5.676419 0.000724
-5.667667 0.000729
-5.658915 0.000735
-5.650163 0.000740
-5.641410 0.000745
-5.632658 0.000751
-5.623906 0.000756
-5.615154 0.000762
-5.606402 0.000767
-5.597649 0.000773
-5.588897 0.000779
-5.580145 0.000784
-5.571393 0.000790
-5.562641 0.000796
-5.553888 0.000802
-5.545136 0.000808
-5.536384 0.000815
-5.527632 0.000821
-5.518880 0.000827
-5.510128 0.000833
-5.501375 0.000840
-5.492623 0.000846
-5.483871 0.000853
-5.475119 0.000860
-5.466367 0.000867
-5.457614 0.000874
-5.448862 0.000881
-5.440110 0.000888
-5.431358 0.000895
-5.422606 0.000902
-5.413853 0.000909
-5.405101 0.000917
-5.396349 0.000924
-5.387597 0.000932
-5.378845 0.000940
-5.370093 0.000948
-5.361340 0.000955
-5.352588 0.000964
-5.343836 0.000972
-5.335084 0.000980
-5.326332 0.000988
-5.317579 0.000997
-5.308827 0.001006
-5.300075 0.001014
-5.291323 0.001023
-5.282571 0.001032
-5.273818 0.001041
-5.265066 0.001051
-5.256314 0.001060
-5.247562 0.001070
-5.238810 0.001079
-5.230058 0.001089
-5.221305 0.001099
-5.212553 0.001109
-5.203801 0.001119
-5.195049 0.001130
-5.186297 0.001140
-5.177544 0.001151
-5.168792 0.001162
-5.160040 0.001173
-5.151288 0.001184
-5.142536 0.001196
-5.133783 0.001207
-5.125031 0.001219
-5.116279 0.001231
-5.107527 0.001243
-5.098775 0.001256
-5.090023 0.001268
-5.081270 0.001281
-5.072518 0.001294
-5.063766 0.001307
-5.055014 0.001321
-5.046262 0.001334
-5.037509 0.001348
-5.028757 0.001362
-5.020005 0.001377
-5.011253 0.001391
-5.002501 0.001406
-4.993748 0.001421
-4.984996 0.001437
-4.976244 0.001452
-4.967492 0.001468
-4.958740 0.001484
-4.949987 0.001501
-4.941235 0.001518
-4.932483 0.001535
-4.923731 0.001552
-4.914979 0.001570
-4.906227 0.001588
-4.897474 0.001607
-4.888722 0.001626
-4.879970 0.001645
-4.871218 0.001665
-4.862466 0.001685
-4.853713 0.001705
-4.844961 0.001726
-4.836209 0.001747
-4.827457 0.001769
-4.818705 0.001791
-4.809952 0.001813
-4.801200 0.001836
-4.792448 0.001860
-4.783696 0.001884
-4.774944 0.001908
-4.766192 0.001934
-4.757439 0.001959
-4.748687 0.001985
-4.739935 0.002012
-4.731183 0.002040
-4.722431 0.002068
-4.713678 0.002096
-4.704926 0.002126
-4.696174 0.002156
-4.687422 0.002186
-4.678670 0.002218
-4.669917 0.002250
-4.661165 0.002283
-4.652413 0.002317
-4.643661 0.002352
-4.634909 0.002387
-4.626157 0.002424
-4.617404 0.002461
-4.608652 0.002500
-4.599900 0.002539
-4.591148 0.002579
-4.582396 0.002621
-4.573643 0.002664
-4.564891 0.002708
-4.556139 0.002753
-4.547387 0.002799
-4.538635 0.002847
-4.529882 0.002896
-4.521130 0.002946
-4.512378 0.002998
-4.503626 0.003051
-4.494874 0.003106
-4.486122 0.003163
-4.477369 0.003222
-4.468617 0.003282
-4.459865 0.003344
-4.451113 0.003409
-4.442361 0.003475
-4.433608 0.003543
-4.424856 0.003614
-4.416104 0.003687
-4.407352 0.003763
-4.398600 0.003841
-4.389847 0.003922
-4.381095 0.004006
-4.372343 0.004093
-4.363591 0.004183
-4.354839 0.004276
-4.346087 0.004373
-4.337334 0.004473
-4.328582 0.004578
-4.319830 0.004686
-4.311078 0.004798
-4.302326 0.004915
-4.293573 0.005037
-4.284821 0.005163
-4.276069 0.005295
-4.267317 0.005432
-4.258565 0.005575
-4.249812 0.005724
-4.241060 0.005879
-4.232308 0.006041
-4.223556 0.006210
-4.214804 0.006386
-4.206052 0.006570
-4.197299 0.006763
-4.188547 0.006964
-4.179795 0.007173
-4.171043 0.007393
-4.162291 0.007622
-4.153538 0.007862
-4.144786 0.008112
-4.136034 0.008374
-4.127282 0.008647
-4.118530 0.008933
-4.109777 0.009231
-4.101025 0.009543
-4.092273 0.009868
-4.083521 0.010207
-4.074769 0.010560
-4.066017 0.010928
-4.057264 0.011311
-4.048512 0.011709
-4.039760 0.012122
-4.031008 0.012550
-4.022256 0.012993
-4.013503 0.013451
-4.004751 0.013923
-3.995999 0.014409
-3.987247 0.014909
-3.978495 0.015421
-3.969742 0.015944
-3.960990 0.016479
-3.952238 0.017022
-3.943486 0.017573
-3.934734 0.018130
-3.925981 0.018690
-3.917229 0.019253
-3.908477 0.019815
-3.899725 0.020375
-3.890973 0.020929
-3.882221 0.021476
-3.873468 0.022011
-3.864716 0.022533
-3.855964 0.023039
-3.847212 0.023525
-3.838460 0.023989
-3.829707 0.024428
-3.820955 0.024840
-3.812203 0.025221
-3.803451 0.025569
-3.794699 0.025882
-3.785946 0.026158
-3.777194 0.026396
-3.768442 0.026593
-3.759690 0.026750
-3.750938 0.026864
-3.742186 0.026936
-3.733433 0.026966
-3.724681 0.026954
-3.715929 0.026900
-3.707177 0.026806
-3.698425 0.026673
-3.689672 0.026502
-3.680920 0.026295
-3.672168 0.026056
-3.663416 0.025785
-3.654664 0.025486
-3.645911 0.025162
-3.637159 0.024815
-3.628407 0.024448
-3.619655 0.024064
-3.610903 0.023667
-3.602151 0.023259
-3.593398 0.022843
-3.584646 0.022423
-3.575894 0.022000
-3.567142 0.021577
-3.558390 0.021158
-3.549637 0.020744
-3.540885 0.020338
-3.532133 0.019941
-3.523381 0.019555
-3.514629 0.019182
-3.505876 0.018824
-3.497124 0.018482
-3.488372 0.018156
-3.479620 0.017848
-3.470868 0.017558
-3.462116 0.017288
-3.453363 0.017037
-3.444611 0.016807
-3.435859 0.016597
-3.427107 0.016408
-3.418355 0.016240
-3.409602 0.016094
-3.400850 0.015968
-3.392098 0.015863
-3.383346 0.015780
-3.374594 0.015718
-3.365841 0.015677
-3.357089 0.015657
-3.348337 0.015658
-3.339585 0.015680
-3.330833 0.015724
-3.322081 0.015788
-3.313328 0.015874
-3.304576 0.015982
-3.295824 0.016111
-3.287072 0.016262
-3.278320 0.016435
-3.269567 0.016631
-3.260815 0.016850
-3.252063 0.017092
-3.243311 0.017358
-3.234559 0.017648
-3.225806 0.017964
-3.217054 0.018306
-3.208302 0.018674
-3.199550 0.019070
-3.190798 0.019494
-3.182046 0.019947
-3.173293 0.020431
-3.164541 0.020946
-3.155789 0.021493
-3.147037 0.022074
-3.138285 0.022689
-3.129532 0.023340
-3.120780 0.024027
-3.112028 0.024751
-3.103276 0.025514
-3.094524 0.026316
-3.085771 0.027157
-3.077019 0.028039
-3.068267 0.028962
-3.059515 0.029926
-3.050763 0.030930
-3.042011 0.031975
-3.033258 0.033060
-3.024506 0.034184
-3.015754 0.035346
-3.007002 0.036545
-2.998250 0.037777
-2.989497 0.039041
-2.980745 0.040334
-2.971993 0.041652
-2.963241 0.042992
-2.954489 0.044348
-2.945736 0.045717
-2.936984 0.047094
-2.928232 0.048471
-2.919480 0.049843
-2.910728 0.051204
-2.901975 0.052546
-2.893223 0.053863
-2.884471 0.055147
-2.875719 0.056390
-2.866967 0.057585
-2.858215 0.058724
-2.849462 0.059800
-2.840710 0.060805
-2.831958 0.061733
-2.823206 0.062575
-2.814454 0.063327
-2.805701 0.063983
-2.796949 0.064537
-2.788197 0.064985
-2.779445 0.065323
-2.770693 0.065549
-2.761940 0.065661
-2.753188 0.065658
-2.744436 0.065540
-2.735684 0.065307
-2.726932 0.064961
-2.718180 0.064505
-2.709427 0.063942
-2.700675 0.063276
-2.691923 0.062513
-2.683171 0.061658
-2.674419 0.060716
-2.665666 0.059695
-2.656914 0.058602
-2.648162 0.057444
-2.639410 0.056228
-2.630658 0.054963
-2.621905 0.053655
-2.613153 0.052313
-2.604401 0.050943
-2.595649 0.049554
-2.586897 0.048152
-2.578145 0.046744
-2.569392 0.045335
-2.560640 0.043933
-2.551888 0.042542
-2.543136 0.041167
-2.534384 0.039813
-2.525631 0.038483
-2.516879 0.037181
-2.508127 0.035911
-2.499375 0.034674
-2.490623 0.033472
-2.481870 0.032308
-2.473118 0.031183
-2.464366 0.030097
-2.455614 0.029051
-2.446862 0.028045
-2.438110 0.027080
-2.429357 0.026155
-2.420605 0.025270
-2.411853 0.024424
-2.403101 0.023617
-2.394349 0.022847
-2.385596 0.022115
-2.376844 0.021418
-2.368092 0.020755
-2.359340 0.020127
-2.350588 0.019531
-2.341835 0.018966
-2.333083 0.018431
-2.324331 0.017926
-2.315579 0.017449
-2.306827 0.016999
-2.298075 0.016575
-2.289322 0.016176
-2.280570 0.015802
-2.271818 0.015451
-2.263066 0.015122
-2.254314 0.014815
-2.245561 0.014530
-2.236809 0.014264
-2.228057 0.014019
-2.219305 0.013793
-2.210553 0.013585
-2.201800 0.013395
-2.193048 0.013224
-2.184296 0.013069
-2.175544 0.012931
-2.166792 0.012810
-2.158040 0.012705
-2.149287 0.012616
-2.140535 0.012543
-2.131783 0.012485
-2.123031 0.012441
-2.114279 0.012412
-2.105526 0.012398
-2.096774 0.012397
-2.088022 0.012410
-2.079270 0.012435
-2.070518 0.012473
-2.061765 0.012524
-2.053013 0.012585
-2.044261 0.012658
-2.035509 0.012740
-2.026757 0.012832
-2.018005 0.012933
-2.009252 0.013041
-2.000500 0.013155
-1.991748 0.013275
-1.982996 0.013399
-1.974244 0.013526
-1.965491 0.013654
-1.956739 0.013783
-1.947987 0.013911
-1.939235 0.014037
-1.930483 0.014158
-1.921730 0.014275
-1.912978 0.014384
-1.904226 0.014485
-1.895474 0.014576
-1.886722 0.014656
-1.877969 0.014725
-1.869217 0.014779
-1.860465 0.014819
-1.851713 0.014844
-1.842961 0.014853
-1.834209 0.014845
-1.825456 0.014820
-1.816704 0.014778
-1.807952 0.014718
-1.799200 0.014640
-1.790448 0.014546
-1.781695 0.014434
-1.772943 0.014307
-1.764191 0.014163
-1.755439 0.014006
-1.746687 0.013834
-1.737934 0.013650
-1.729182 0.013455
-1.720430 0.013249
-1.711678 0.013035
-1.702926 0.012813
-1.694174 0.012585
-1.685421 0.012352
-1.676669 0.012117
-1.667917 0.011879
-1.659165 0.011640
-1.650413 0.011402
-1.641660 0.011166
-1.632908 0.010933
-1.624156 0.010704
-1.615404 0.010480
-1.606652 0.010261
-1.597899 0.010049
-1.589147 0.009845
-1.580395 0.009648
-1.571643 0.009460
-1.562891 0.009282
-1.554139 0.009112
-1.545386 0.008952
-1.536634 0.008802
-1.527882 0.008663
-1.519130 0.008534
-1.510378 0.008415
-1.501625 0.008307
-1.492873 0.008210
-1.484121 0.008124
-1.475369 0.008048
-1.466617 0.007982
-1.457864 0.007927
-1.449112 0.007882
-1.440360 0.007847
-1.431608 0.007823
-1.422856 0.007807
-1.414104 0.007802
-1.405351 0.007805
-1.396599 0.007817
-1.387847 0.007838
-1.379095 0.007867
-1.370343 0.007903
-1.361590 0.007946
-1.352838 0.007996
-1.344086 0.008052
-1.335334 0.008113
-1.326582 0.008179
-1.317829 0.008248
-1.309077 0.008321
-1.300325 0.008396
-1.291573 0.008473
-1.282821 0.008550
-1.274069 0.008627
-1.265316 0.008703
-1.256564 0.008777
-1.247812 0.008847
-1.239060 0.008914
-1.230308 0.008976
-1.221555 0.009032
-1.212803 0.009082
-1.204051 0.009124
-1.195299 0.009158
-1.186547 0.009184
-1.177794 0.009201
-1.169042 0.009208
-1.160290 0.009205
-1.151538 0.009191
-1.142786 0.009167
-1.134034 0.009133
-1.125281 0.009088
-1.116529 0.009033
-1.107777 0.008968
-1.099025 0.008893
-1.090273 0.008808
-1.081520 0.008715
-1.072768 0.008613
-1.064016 0.008504
-1.055264 0.008388
-1.046512 0.008265
-1.037759 0.008137
-1.029007 0.008004
-1.020255 0.007867
-1.011503 0.007726
-1.002751 0.007583
-0.993998 0.007438
-0.985246 0.007292
-0.976494 0.007145
-0.967742 0.006998
-0.958990 0.006852
-0.950238 0.006706
-0.941485 0.006562
-0.932733 0.006421
-0.923981 0.006281
-0.915229 0.006144
-0.906477 0.006010
-0.897724 0.005878
-0.888972 0.005750
-0.880220 0.005626
-0.871468 0.005504
-0.862716 0.005387
-0.853963 0.005273
-0.845211 0.005162
-0.836459 0.005055
-0.827707 0.004951
-0.818955 0.004851
-0.810203 0.004754
-0.801450 0.004661
-0.792698 0.004570
-0.783946 0.004483
-0.775194 0.004399
-0.766442 0.004317
-0.757689 0.004238
-0.748937 0.004162
-0.740185 0.004089
-0.731433 0.004018
-0.722681 0.003949
-0.713928 0.003882
-0.705176 0.003817
-0.696424 0.003755
-0.687672 0.003694
-0.678920 0.003634
-0.670168 0.003576
-0.661415 0.003520
-0.652663 0.003465
-0.643911 0.003411
-0.635159 0.003359
-0.626407 0.003307
-0.617654 0.003256
-0.608902 0.003207
-0.600150 0.003158
-0.591398 0.003110
-0.582646 0.003063
-0.573893 0.003016
-0.565141 0.002970
-0.556389 0.002925
-0.547637 0.002881
-0.538885 0.002837
-0.530133 0.002794
-0.521380 0.002751
-0.512628 0.002709
-0.503876 0.002668
-0.495124 0.002627
-0.486372 0.002587
-0.477619 0.002548
-0.468867 0.002510
-0.460115 0.002472
-0.451363 0.002435
-0.442611 0.002399
-0.433858 0.002364
-0.425106 0.002329
-0.416354 0.002296
-0.407602 0.002263
-0.398850 0.002232
-0.390098 0.002201
-0.381345 0.002171
-0.372593 0.002143
-0.363841 0.002115
-0.355089 0.002088
-0.346337 0.002062
-0.337584 0.002037
-0.328832 0.002013
-0.320080 0.001990
-0.311328 0.001968
-0.302576 0.001947
-0.293823 0.001927
-0.285071 0.001908
-0.276319 0.001889
-0.267567 0.001872
-0.258815 0.001855
-0.250063 0.001839
-0.241310 0.001824
-0.232558 0.001809
-0.223806 0.001796
-0.215054 0.001783
-0.206302 0.001771
-0.197549 0.001759
-0.188797 0.001748
-0.180045 0.001737
-0.171293 0.001728
-0.162541 0.001718
-0.153788 0.001709
-0.145036 0.001701
-0.136284 0.001693
-0.127532 0.001685
-0.118780 0.001678
-0.110028 0.001671
-0.101275 0.001665
-0.092523 0.001659
-0.083771 0.001653
-0.075019 0.001647
-0.066267 0.001642
-0.057514 0.001636
-0.048762 0.001631
-0.040010 0.001626
-0.031258 0.001622
-0.022506 0.001617
-0.013753 0.001613
-0.005001 0.001609
0.003751 0.001605
0.012503 0.001601
0.021255 0.001597
0.030008 0.001593
0.038760 0.001590
0.047512 0.001587
0.056264 0.001583
0.065016 0.001581
0.073768 0.001578
0.082521 0.001575
0.091273 0.001573
0.100025 0.001571
0.108777 0.001569
0.117529 0.001568
0.126282 0.001567
0.135034 0.001566
0.143786 0.001566
0.152538 0.001566
0.161290 0.001566
0.170043 0.001568
0.178795 0.001569
0.187547 0.001571
0.196299 0.001574
0.205051 0.001577
0.213803 0.001581
0.222556 0.001585
0.231308 0.001590
0.240060 0.001595
0.248812 0.001601
0.257564 0.001608
0.266317 0.001615
0.275069 0.001623
0.283821 0.001631
0.292573 0.001640
0.301325 0.001649
0.310078 0.001659
0.318830 0.001669
0.327582 0.001679
0.336334 0.001689
0.345086 0.001699
0.353838 0.001710
0.362591 0.001720
0.371343 0.001730
0.380095 0.001739
0.388847 0.001749
0.397599 0.001757
0.406352 0.001765
0.415104 0.001773
0.423856 0.001779
0.432608 0.001785
0.441360 0.001790
0.450113 0.001794
0.458865 0.001796
0.467617 0.001798
0.476369 0.001798
0.485121 0.001796
0.493873 0.001794
0.502626 0.001790
0.511378 0.001785
0.520130 0.001778
0.528882 0.001770
0.537634 0.001761
0.546387 0.001750
0.555139 0.001738
0.563891 0.001725
0.572643 0.001711
0.581395 0.001695
0.590148 0.001679
0.598900 0.001661
0.607652 0.001643
0.616404 0.001624
0.625156 0.001605
0.633908 0.001585
0.642661 0.001564
0.651413 0.001543
0.660165 0.001522
0.668917 0.001501
0.677669 0.001480
0.686422 0.001459
0.695174 0.001438
0.703926 0.001418
0.712678 0.001397
0.721430 0.001378
0.730183 0.001358
0.738935 0.001340
0.747687 0.001322
0.756439 0.001305
0.765191 0.001289
0.773943 0.001273
0.782696 0.001258
0.791448 0.001245
0.800200 0.001232
0.808952 0.001220
0.817704 0.001209
0.826457 0.001199
0.835209 0.001190
0.843961 0.001182
0.852713 0.001175
0.861465 0.001168
0.870218 0.001163
0.878970 0.001158
0.887722 0.001154
0.896474 0.001151
0.905226 0.001149
0.913978 0.001147
0.922731 0.001145
0.931483 0.001145
0.940235 0.001144
0.948987 0.001144
0.957739 0.001144
0.966492 0.001145
0.975244 0.001145
0.983996 0.001146
0.992748 0.001146
1.001500 0.001147
1.010253 0.001147
1.019005 0.001147
1.027757 0.001146
1.036509 0.001145
1.045261 0.001144
1.054014 0.001143
1.062766 0.001140
1.071518 0.001138
1.080270 0.001134
1.089022 0.001130
1.097774 0.001126
1.106527 0.001121
1.115279 0.001115
1.124031 0.001108
1.132783 0.001102
1.141535 0.001094
1.150288 0.001086
1.159040 0.001078
1.167792 0.001070
1.176544 0.001061
1.185296 0.001051
1.194049 0.001042
1.202801 0.001032
1.211553 0.001023
1.220305 0.001013
1.229057 0.001003
1.237809 0.000994
1.246562 0.000984
1.255314 0.000975
1.264066 0.000966
1.272818 0.000957
1.281570 0.000949
1.290323 0.000940
1.299075 0.000932
1.307827 0.000925
1.316579 0.000918
1.325331 0.000911
1.334084 0.000904
1.342836 0.000898
1.351588 0.000892
1.360340 0.000887
1.369092 0.000882
1.377844 0.000877
1.386597 0.000872
1.395349 0.000868
1.404101 0.000863
1.412853 0.000859
1.421605 0.000855
1.430358 0.000851
1.439110 0.000847
1.447862 0.000843
1.456614 0.000839
1.465366 0.000835
1.474119 0.000831
1.482871 0.000827
1.491623 0.000822
1.500375 0.000817
1.509127 0.000812
1.517879 0.000807
1.526632 0.000801
1.535384 0.000795
1.544136 0.000789
1.552888 0.000782
1.561640 0.000775
1.570393 0.000767
1.579145 0.000760
1.587897 0.000752
1.596649 0.000743
1.605401 0.000735
1.614154 0.000726
1.622906 0.000717
1.631658 0.000708
1.640410 0.000698
1.649162 0.000688
1.657914 0.000678
1.666667 0.000668
1.675419 0.000658
1.684171 0.000648
1.692923 0.000638
1.701675 0.000628
1.710428 0.000618
1.719180 0.000608
1.727932 0.000598
1.736684 0.000588
1.745436 0.000578
1.754189 0.000569
1.762941 0.000559
1.771693 0.000550
1.780445 0.000541
1.789197 0.000532
1.797949 0.000524
1.806702 0.000515
1.815454 0.000507
1.824206 0.000499
1.832958 0.000492
1.841710 0.000484
1.850463 0.000477
1.859215 0.000470
1.867967 0.000463
1.876719 0.000457
1.885471 0.000450
1.894224 0.000444
1.902976 0.000438
1.911728 0.000433
1.920480 0.000427
1.929232 0.000422
1.937984 0.000416
1.946737 0.000412
1.955489 0.000407
1.964241 0.000402
1.972993 0.000398
1.981745 0.000393
1.990498 0.000389
1.999250 0.000385
2.008002 0.000381
2.016754 0.000377
2.025506 0.000373
2.034259 0.000370
2.043011 0.000366
2.051763 0.000363
2.060515 0.000360
2.069267 0.000356
2.078020 0.000353
2.086772 0.000350
2.095524 0.000347
2.104276 0.000344
2.113028 0.000342
2.121780 0.000339
2.130533 0.000336
2.139285 0.000334
2.148037 0.000331
2.156789 0.000329
2.165541 0.000326
2.174294 0.000324
2.183046 0.000322
2.191798 0.000319
2.200550 0.000317
2.209302 0.000315
2.218055 0.000313
2.226807 0.000311
2.235559 0.000309
2.244311 0.000307
2.253063 0.000305
2.261815 0.000303
2.270568 0.000301
2.279320 0.000299
2.288072 0.000298
2.296824 0.000296
2.305576 0.000294
2.314329 0.000293
2.323081 0.000291
2.331833 0.000289
2.340585 0.000288
2.349337 0.000286
2.358090 0.000285
2.366842 0.000283
2.375594 0.000282
2.384346 0.000280
2.393098 0.000279
2.401850 0.000277
2.410603 0.000276
2.419355 0.000274
2.428107 0.000273
2.436859 0.000272
2.445611 0.000270
2.454364 0.000269
2.463116 0.000268
2.471868 0.000267
2.480620 0.000265
2.489372 0.000264
2.498125 0.000263
2.506877 0.000262
2.515629 0.000260
2.524381 0.000259
2.533133 0.000258
2.541885 0.000257
2.550638 0.000256
2.559390 0.000255
2.568142 0.000254
2.576894 0.000253
2.585646 0.000252
2.594399 0.000251
2.603151 0.000249
2.611903 0.000248
2.620655 0.000247
2.629407 0.000246
2.638160 0.000245
2.646912 0.000244
2.655664 0.000243
2.664416 0.000243
2.673168 0.000242
2.681920 0.000241
2.690673 0.000240
2.699425 0.000239
2.708177 0.000238
2.716929 0.000237
2.725681 0.000236
2.734434 0.000235
2.743186 0.000234
2.751938 0.000234
2.760690 0.000233
2.769442 0.000232
2.778195 0.000231
2.786947 0.000230
2.795699 0.000229
2.804451 0.000229
2.813203 0.000228
2.821955 0.000227
2.830708 0.000226
2.839460 0.000225
2.848212 0.000225
2.856964 0.000224
2.865716 0.000223
2.874469 0.000222
2.883221 0.000222
2.891973 0.000221
2.900725 0.000220
2.909477 0.000220
2.918230 0.000219
2.926982 0.000218
2.935734 0.000218
2.944486 0.000217
2.953238 0.000216
2.961990 0.000216
2.970743 0.000215
2.979495 0.000214
2.988247 0.000214
2.996999 0.000213
3.005751 0.000212
3.014504 0.000212
3.023256 0.000211
3.032008 0.000210
3.040760 0.000210
3.049512 0.000209
3.058265 0.000209
3.067017 0.000208
3.075769 0.000207
3.084521 0.000207
3.093273 0.000206
3.102026 0.000206
3.110778 0.000205
3.119530 0.000205
3.128282 0.000204
3.137034 0.000203
3.145786 0.000203
3.154539 0.000202
3.163291 0.000202
3.172043 0.000201
3.180795 0.000201
3.189547 0.000200
3.198300 0.000200
3.207052 0.000199
3.215804 0.000199
3.224556 0.000198
3.233308 0.000198
3.242061 0.000197
3.250813 0.000197
3.259565 0.000196
3.268317 0.000196
3.277069 0.000195
3.285821 0.000195
3.294574 0.000194
3.303326 0.000194
3.312078 0.000194
3.320830 0.000193
3.329582 0.000193
3.338335 0.000192
3.347087 0.000192
3.355839 0.000191
3.364591 0.000191
3.373343 0.000191
3.382096 0.000190
3.390848 0.000190
3.399600 0.000189
3.408352 0.000189
3.417104 0.000189
3.425856 0.000188
3.434609 0.000188
3.443361 0.000187
3.452113 0.000187
3.460865 0.000187
3.469617 0.000186
3.478370 0.000186
3.487122 0.000186
3.495874 0.000185
3.504626 0.000185
3.513378 0.000185
3.522131 0.000184
3.530883 0.000184
3.539635 0.000184
3.548387 0.000183
3.557139 0.000183
3.565891 0.000183
3.574644 0.000182
3.583396 0.000182
3.592148 0.000182
3.600900 0.000181
3.609652 0.000181
3.618405 0.000181
3.627157 0.000180
3.635909 0.000180
3.644661 0.000180
3.653413 0.000180
3.662166 0.000179
3.670918 0.000179
3.679670 0.000179
3.688422 0.000179
3.697174 0.000178
3.705926 0.000178
3.714679 0.000178
3.723431 0.000178
3.732183 0.000177
3.740935 0.000177
3.749687 0.000177
3.758440 0.000177
3.767192 0.000177
3.775944 0.000176
3.784696 0.000176
3.793448 0.000176
3.802201 0.000176
3.810953 0.000176
3.819705 0.000175
3.828457 0.000175
3.837209 0.000175
3.845961 0.000175
3.854714 0.000175
3.863466 0.000175
3.872218 0.000174
3.880970 0.000174
3.889722 0.000174
3.898475 0.000174
3.907227 0.000174
3.915979 0.000174
3.924731 0.000174
3.933483 0.000173
3.942236 0.000173
3.950988 0.000173
3.959740 0.000173
3.968492 0.000173
3.977244 0.000173
3.985996 0.000173
3.994749 0.000173
4.003501 0.000173
4.012253 0.000173
4.021005 0.000173
4.029757 0.000173
4.038510 0.000173
4.047262 0.000173
4.056014 0.000173
4.064766 0.000173
4.073518 0.000173
4.082271 0.000173
4.091023 0.000173
4.099775 0.000173
4.108527 0.000173
4.117279 0.000173
4.126032 0.000173
4.134784 0.000173
4.143536 0.000173
4.152288 0.000173
4.161040 0.000173
4.169792 0.000173
4.178545 0.000173
4.187297 0.000174
4.196049 0.000174
4.204801 0.000174
4.213553 0.000174
4.222306 0.000174
4.231058 0.000174
4.239810 0.000175
4.248562 0.000175
4.257314 0.000175
4.266067 0.000175
4.274819 0.000176
4.283571 0.000176
4.292323 0.000176
4.301075 0.000177
4.309827 0.000177
4.318580 0.000177
4.327332 0.000178
4.336084 0.000178
4.344836 0.000179
4.353588 0.000179
4.362341 0.000180
4.371093 0.000180
4.379845 0.000181
4.388597 0.000181
4.397349 0.000182
4.406102 0.000183
4.414854 0.000183
4.423606 0.000184
4.432358 0.000185
4.441110 0.000186
4.449862 0.000186
4.458615 0.000187
4.467367 0.000188
4.476119 0.000189
4.484871 0.000190
4.493623 0.000191
4.502376 0.000192
4.511128 0.000193
4.519880 0.000194
4.528632 0.000195
4.537384 0.000196
4.546137 0.000198
4.554889 0.000199
4.563641 0.000200
4.572393 0.000201
4.581145 0.000203
4.589897 0.000204
4.598650 0.000205
4.607402 0.000207
4.616154 0.000208
4.624906 0.000210
4.633658 0.000211
4.642411 0.000212
4.651163 0.000214
4.659915 0.000215
4.668667 0.000216
4.677419 0.000218
4.686172 0.000219
4.694924 0.000220
4.703676 0.000221
4.712428 0.000222
4.721180 0.000224
4.729932 0.000225
4.738685 0.000226
4.747437 0.000226
4.756189 0.000227
4.764941 0.000228
4.773693 0.000229
4.782446 0.000229
4.791198 0.000230
4.799950 0.000230
4.808702 0.000231
4.817454 0.000231
4.826207 0.000232
4.834959 0.000232
4.843711 0.000232
4.852463 0.000232
4.861215 0.000232
4.869967 0.000232
4.878720 0.000232
4.887472 0.000232
4.896224 0.000232
4.904976 0.000232
4.913728 0.000232
4.922481 0.000232
4.931233 0.000232
4.939985 0.000232
4.948737 0.000232
4.957489 0.000232
4.966242 0.000232
4.974994 0.000232
4.983746 0.000232
4.992498 0.000232
5.001250 0.000232
5.010003 0.000233
5.018755 0.000233
5.027507 0.000233
5.036259 0.000234
5.045011 0.000234
5.053763 0.000235
5.062516 0.000236
5.071268 0.000236
5.080020 0.000237
5.088772 0.000238
5.097524 0.000239
5.106277 0.000240
5.115029 0.000241
5.123781 0.000242
5.132533 0.000243
5.141285 0.000245
5.150038 0.000246
5.158790 0.000248
5.167542 0.000249
5.176294 0.000251
5.185046 0.000253
5.193798 0.000255
5.202551 0.000257
5.211303 0.000259
5.220055 0.000261
5.228807 0.000263
5.237559 0.000266
5.246312 0.000268
5.255064 0.000271
5.263816 0.000274
5.272568 0.000276
5.281320 0.000279
5.290073 0.000282
5.298825 0.000286
5.307577 0.000289
5.316329 0.000292
5.325081 0.000296
5.333833 0.000300
5.342586 0.000304
5.351338 0.000308
5.360090 0.000312
5.368842 0.000316
5.377594 0.000321
5.386347 0.000325
5.395099 0.000330
5.403851 0.000335
5.412603 0.000341
5.421355 0.000346
5.430108 0.000352
5.438860 0.000358
5.447612 0.000364
5.456364 0.000371
5.465116 0.000378
5.473868 0.000385
5.482621 0.000392
5.491373 0.000400
5.500125 0.000408
5.508877 0.000417
5.517629 0.000426
5.526382 0.000435
5.535134 0.000445
5.543886 0.000455
5.552638 0.000466
5.561390 0.000477
5.570143 0.000489
5.578895 0.000501
5.587647 0.000514
5.596399 0.000527
5.605151 0.000541
5.613903 0.000556
5.622656 0.000572
5.631408 0.000588
5.640160 0.000605
5.648912 0.000622
5.657664 0.000641
5.666417 0.000660
5.675169 0.000680
5.683921 0.000701
5.692673 0.000723
5.701425 0.000746
5.710178 0.000769
5.718930 0.000794
5.727682 0.000819
5.736434 0.000845
5.745186 0.000872
5.753938 0.000900
5.762691 0.000929
5.771443 0.000958
5.780195 0.000988
5.788947 0.001019
5.797699 0.001050
5.806452 0.001082
5.815204 0.001114
5.823956 0.001146
5.832708 0.001179
5.841460 0.001211
5.850213 0.001244
5.858965 0.001277
5.867717 0.001309
5.876469 0.001340
5.885221 0.001372
5.893973 0.001402
5.902726 0.001432
5.911478 0.001460
5.920230 0.001488
5.928982 0.001514
5.937734 0.001539
5.946487 0.001562
5.955239 0.001584
5.963991 0.001604
5.972743 0.001623
5.981495 0.001640
5.990248 0.001655
5.999000 0.001668
6.007752 0.001679
6.016504 0.001688
6.025256 0.001696
6.034009 0.001702
6.042761 0.001706
6.051513 0.001708
6.060265 0.001708
6.069017 0.001707
6.077769 0.001705
6.086522 0.001701
6.095274 0.001696
6.104026 0.001689
6.112778 0.001682
6.121530 0.001673
6.130283 0.001664
6.139035 0.001654
6.147787 0.001643
6.156539 0.001631
6.165291 0.001619
6.174044 0.001607
6.182796 0.001594
6.191548 0.001580
6.200300 0.001567
6.209052 0.001553
6.217804 0.001540
6.226557 0.001526
6.235309 0.001511
6.244061 0.001497
6.252813 0.001483
6.261565 0.001468
6.270318 0.001454
6.279070 0.001439
6.287822 0.001424
6.296574 0.001409
6.305326 0.001394
6.314079 0.001378
6.322831 0.001363
6.331583 0.001347
6.340335 0.001330
6.349087 0.001314
6.357839 0.001297
6.366592 0.001280
6.375344 0.001262
6.384096 0.001244
6.392848 0.001226
6.401600 0.001208
6.410353 0.001189
6.419105 0.001170
6.427857 0.001151
6.436609 0.001132
6.445361 0.001112
6.454114 0.001093
6.462866 0.001074
6.471618 0.001054
6.480370 0.001035
6.489122 0.001016
6.497874 0.000997
6.506627 0.000979
6.515379 0.000961
6.524131 0.000943
6.532883 0.000926
6.541635 0.000910
6.550388 0.000894
6.559140 0.000879
6.567892 0.000864
6.576644 0.000850
6.585396 0.000837
6.594149 0.000824
6.602901 0.000813
6.611653 0.000802
6.620405 0.000792
6.629157 0.000782
6.637909 0.000774
6.646662 0.000766
6.655414 0.000759
6.664166 0.000753
6.672918 0.000747
6.681670 0.000742
6.690423 0.000738
6.699175 0.000735
6.707927 0.000732
6.716679 0.000729
6.725431 0.000727
6.734184 0.000726
6.742936 0.000725
6.751688 0.000724
6.760440 0.000724
6.769192 0.000724
6.777944 0.000724
6.786697 0.000724
6.795449 0.000725
6.804201 0.000725
6.812953 0.000726
6.821705 0.000727
6.830458 0.000728
6.839210 0.000728
6.847962 0.000729
6.856714 0.000730
6.865466 0.000730
6.874219 0.000731
6.882971 0.000731
6.891723 0.000732
6.900475 0.000732
6.909227 0.000732
6.917979 0.000732
6.926732 0.000733
6.935484 0.000733
6.944236 0.000733
6.952988 0.000734
6.961740 0.000734
6.970493 0.000735
6.979245 0.000735
6.987997 0.000736
6.996749 0.000737
7.005501 0.000738
7.014254 0.000739
7.023006 0.000741
7.031758 0.000742
7.040510 0.000744
7.049262 0.000746
7.058015 0.000748
7.066767 0.000750
7.075519 0.000752
7.084271 0.000755
7.093023 0.000757
7.101775 0.000759
7.110528 0.000762
7.119280 0.000764
7.128032 0.000765
7.136784 0.000767
7.145536 0.000768
7.154289 0.000769
7.163041 0.000770
7.171793 0.000770
7.180545 0.000769
7.189297 0.000768
7.198050 0.000766
7.206802 0.000764
7.215554 0.000761
7.224306 0.000757
7.233058 0.000752
7.241810 0.000747
7.250563 0.000741
7.259315 0.000734
7.268067 0.000726
7.276819 0.000718
7.285571 0.000709
7.294324 0.000699
7.303076 0.000689
7.311828 0.000678
7.320580 0.000667
7.329332 0.000655
7.338085 0.000643
7.346837 0.000630
7.355589 0.000618
7.364341 0.000605
7.373093 0.000591
7.381845 0.000578
7.390598 0.000565
7.399350 0.000551
7.408102 0.000538
7.416854 0.000525
7.425606 0.000511
7.434359 0.000499
7.443111 0.000486
7.451863 0.000473
7.460615 0.000461
7.469367 0.000449
7.478120 0.000437
7.486872 0.000426
7.495624 0.000415
7.504376 0.000404
7.513128 0.000394
7.521880 0.000384
7.530633 0.000375
7.539385 0.000365
7.548137 0.000356
7.556889 0.000348
7.565641 0.000340
7.574394 0.000332
7.583146 0.000324
7.591898 0.000317
7.600650 0.000310
7.609402 0.000303
7.618155 0.000297
7.626907 0.000291
7.635659 0.000285
7.644411 0.000280
7.653163 0.000274
7.661915 0.000269
7.670668 0.000264
7.679420 0.000259
7.688172 0.000255
7.696924 0.000251
7.705676 0.000246
7.714429 0.000242
7.723181 0.000239
7.731933 0.000235
7.740685 0.000231
7.749437 0.000228
7.758190 0.000225
7.766942 0.000222
7.775694 0.000219
7.784446 0.000216
7.793198 0.000213
7.801950 0.000210
7.810703 0.000208
7.819455 0.000205
7.828207 0.000203
7.836959 0.000201
7.845711 0.000198
7.854464 0.000196
7.863216 0.000194
7.871968 0.000192
7.880720 0.000190
7.889472 0.000188
7.898225 0.000186
7.906977 0.000185
7.915729 0.000183
7.924481 0.000181
7.933233 0.000180
7.941985 0.000178
7.950738 0.000177
7.959490 0.000175
7.968242 0.000174
7.976994 0.000172
7.985746 0.000171
7.994499 0.000170
8.003251 0.000169
8.012003 0.000167
8.020755 0.000166
8.029507 0.000165
8.038260 0.000164
8.047012 0.000163
8.055764 0.000162
8.064516 0.000161
8.073268 0.000160
8.082021 0.000159
8.090773 0.000158
8.099525 0.000157
8.108277 0.000156
8.117029 0.000155
8.125781 0.000154
8.134534 0.000153
8.143286 0.000153
8.152038 0.000152
8.160790 0.000151
8.169542 0.000150
8.178295 0.000150
8.187047 0.000149
8.195799 0.000148
8.204551 0.000148
8.213303 0.000147
8.222056 0.000146
8.230808 0.000146
8.239560 0.000145
8.248312 0.000144
8.257064 0.000144
8.265816 0.000143
8.274569 0.000143
8.283321 0.000142
8.292073 0.000142
8.300825 0.000141
8.309577 0.000141
8.318330 0.000140
8.327082 0.000140
8.335834 0.000139
8.344586 0.000139
8.353338 0.000138
8.362091 0.000138
8.370843 0.000137
8.379595 0.000137
8.388347 0.000137
8.397099 0.000136
8.405851 0.000136
8.414604 0.000135
8.423356 0.000135
8.432108 0.000135
8.440860 0.000134
8.449612 0.000134
8.458365 0.000134
8.467117 0.000133
8.475869 0.000133
8.484621 0.000133
8.493373 0.000132
8.502126 0.000132
8.510878 0.000132
8.519630 0.000132
8.528382 0.000131
8.537134 0.000131
8.545886 0.000131
8.554639 0.000130
8.563391 0.000130
8.572143 0.000130
8.580895 0.000130
8.589647 0.000129
8.598400 0.000129
8.607152 0.000129
8.615904 0.000129
8.624656 0.000129
8.633408 0.000128
8.642161 0.000128
8.650913 0.000128
8.659665 0.000128
8.668417 0.000128
8.677169 0.000127
8.685921 0.000127
8.694674 0.000127
8.703426 0.000127
8.712178 0.000127
8.720930 0.000127
8.729682 0.000126
8.738435 0.000126
8.747187 0.000126
8.755939 0.000126
8.764691 0.000126
8.773443 0.000126
8.782196 0.000126
8.790948 0.000126
8.799700 0.000125
8.808452 0.000125
8.817204 0.000125
8.825956 0.000125
8.834709 0.000125
8.843461 0.000125
8.852213 0.000125
8.860965 0.000125
8.869717 0.000125
8.878470 0.000125
8.887222 0.000124
8.895974 0.000124
8.904726 0.000124
8.913478 0.000124
8.922231 0.000124
8.930983 0.000124
8.939735 0.000124
8.948487 0.000124
8.957239 0.000124
8.965991 0.000124
8.974744 0.000124
8.983496 0.000124
8.992248 0.000124
9.001000 0.000124
9.009752 0.000124
9.018505 0.000124
9.027257 0.000124
9.036009 0.000124
9.044761 0.000124
9.053513 0.000124
9.062266 0.000124
9.071018 0.000124
9.079770 0.000124
9.088522 0.000124
9.097274 0.000124
9.106027 0.000124
9.114779 0.000124
9.123531 0.000124
9.132283 0.000124
9.141035 0.000124
9.149787 0.000124
9.158540 0.000124
9.167292 0.000124
9.176044 0.000124
9.184796 0.000124
9.193548 0.000124
9.202301 0.000124
9.211053 0.000124
9.219805 0.000124
9.228557 0.000124
9.237309 0.000124
9.246062 0.000124
9.254814 0.000124
9.263566 0.000124
9.272318 0.000124
9.281070 0.000124
9.289822 0.000124
9.298575 0.000124
9.307327 0.000124
9.316079 0.000124
9.324831 0.000125
9.333583 0.000125
9.342336 0.000125
9.351088 0.000125
9.359840 0.000125
9.368592 0.000125
9.377344 0.000125
9.386097 0.000125
9.394849 0.000125
9.403601 0.000125
9.412353 0.000125
9.421105 0.000125
9.429857 0.000126
9.438610 0.000126
9.447362 0.000126
9.456114 0.000126
9.464866 0.000126
9.473618 0.000126
9.482371 0.000126
9.491123 0.000126
9.499875 0.000126
9.508627 0.000126
9.517379 0.000127
9.526132 0.000127
9.534884 0.000127
9.543636 0.000127
9.552388 0.000127
9.561140 0.000127
9.569892 0.000127
9.578645 0.000128
9.587397 0.000128
9.596149 0.000128
9.604901 0.000128
9.613653 0.000128
9.622406 0.000128
9.631158 0.000128
9.639910 0.000129
9.648662 0.000129
9.657414 0.000129
9.666167 0.000129
9.674919 0.000129
9.683671 0.000129
9.692423 0.000130
9.701175 0.000130
9.709927 0.000130
9.718680 0.000130
9.727432 0.000130
9.736184 0.000130
9.744936 0.000131
9.753688 0.000131
9.762441 0.000131
9.771193 0.000131
9.779945 0.000131
9.788697 0.000132
9.797449 0.000132
9.806202 0.000132
9.814954 0.000132
9.823706 0.000132
9.832458 0.000133
9.841210 0.000133
9.849962 0.000133
9.858715 0.000133
9.867467 0.000133
9.876219 0.000134
9.884971 0.000134
9.893723 0.000134
9.902476 0.000134
9.911228 0.000135
9.919980 0.000135
9.928732 0.000135
9.937484 0.000135
9.946237 0.000135
9.954989 0.000136
9.963741 0.000136
9.972493 0.000136
9.981245 0.000136
9.989997 0.000137
9.998750 0.000137
10.007502 0.000137
10.016254 0.000137
10.025006 0.000138
10.033758 0.000138
10.042511 0.000138
10.051263 0.000139
10.060015 0.000139
10.068767 0.000139
10.077519 0.000139
10.086272 0.000140
10.095024 0.000140
10.103776 0.000140
10.112528 0.000141
10.121280 0.000141
10.130033 0.000141
10.138785 0.000141
10.147537 0.000142
10.156289 0.000142
10.165041 0.000142
10.173793 0.000143
10.182546 0.000143
10.191298 0.000143
10.200050 0.000144
10.208802 0.000144
10.217554 0.000144
10.226307 0.000145
10.235059 0.000145
10.243811 0.000145
10.252563 0.000146
10.261315 0.000146
10.270068 0.000146
10.278820 0.000147
10.287572 0.000147
10.296324 0.000147
10.305076 0.000148
10.313828 0.000148
10.322581 0.000148
10.331333 0.000149
10.340085 0.000149
10.348837 0.000150
10.357589 0.000150
10.366342 0.000150
10.375094 0.000151
10.383846 0.000151
10.392598 0.000151
10.401350 0.000152
10.410103 0.000152
10.418855 0.000153
10.427607 0.000153
10.436359 0.000153
10.445111 0.000154
10.453863 0.000154
10.462616 0.000155
10.471368 0.000155
10.480120 0.000156
10.488872 0.000156
10.497624 0.000156
10.506377 0.000157
10.515129 0.000157
10.523881 0.000158
10.532633 0.000158
10.541385 0.000159
10.550138 0.000159
10.558890 0.000160
10.567642 0.000160
10.576394 0.000160
10.585146 0.000161
10.593898 0.000161
10.602651 0.000162
10.611403 0.000162
10.620155 0.000163
10.628907 0.000163
10.637659 0.000164
10.646412 0.000164
10.655164 0.000165
10.663916 0.000165
10.672668 0.000166
10.681420 0.000166
10.690173 0.000167
10.698925 0.000168
10.707677 0.000168
10.716429 0.000169
10.725181 0.000169
10.733933 0.000170
10.742686 0.000170
10.751438 0.000171
10.760190 0.000171
10.768942 0.000172
10.777694 0.000173
10.786447 0.000173
10.795199 0.000174
10.803951 0.000174
10.812703 0.000175
10.821455 0.000175
10.830208 0.000176
10.838960 0.000177
10.847712 0.000177
10.856464 0.000178
10.865216 0.000179
10.873968 0.000179
10.882721 0.000180
10.891473 0.000180
10.900225 0.000181
10.908977 0.000182
10.917729 0.000182
10.926482 0.000183
10.935234 0.000184
10.943986 0.000184
10.952738 0.000185
10.961490 0.000186
10.970243 0.000187
10.978995 0.000187
10.987747 0.000188
10.996499 0.000189
11.005251 0.000189
11.014004 0.000190
11.022756 0.000191
11.031508 0.000192
11.040260 0.000192
11.049012 0.000193
11.057764 0.000194
11.066517 0.000195
11.075269 0.000195
11.084021 0.000196
11.092773 0.000197
11.101525 0.000198
11.110278 0.000199
11.119030 0.000199
11.127782 0.000200
11.136534 0.000201
11.145286 0.000202
11.154039 0.000203
11.162791 0.000204
11.171543 0.000204
11.180295 0.000205
11.189047 0.000206
11.197799 0.000207
11.206552 0.000208
11.215304 0.000209
11.224056 0.000210
11.232808 0.000211
11.241560 0.000212
11.250313 0.000213
11.259065 0.000214
11.267817 0.000215
11.276569 0.000215
11.285321 0.000216
11.294074 0.000217
11.302826 0.000218
11.311578 0.000219
11.320330 0.000220
11.329082 0.000221
11.337834 0.000222
11.346587 0.000224
11.355339 0.000225
11.364091 0.000226
11.372843 0.000227
11.381595 0.000228
11.390348 0.000229
11.399100 0.000230
11.407852 0.000231
11.416604 0.000232
11.425356 0.000233
11.434109 0.000235
11.442861 0.000236
11.451613 0.000237
11.460365 0.000238
11.469117 0.000239
11.477869 0.000240
11.486622 0.000242
11.495374 0.000243
11.504126 0.000244
11.512878 0.000245
11.521630 0.000247
11.530383 0.000248
11.539135 0.000249
11.547887 0.000251
11.556639 0.000252
11.565391 0.000253
11.574144 0.000255
11.582896 0.000256
11.591648 0.000257
11.600400 0.000259
11.609152 0.000260
11.617904 0.000262
11.626657 0.000263
11.635409 0.000264
11.644161 0.000266
11.652913 0.000267
11.661665 0.000269
11.670418 0.000270
11.679170 0.000272
11.687922 0.000274
11.696674 0.000275
11.705426 0.000277
11.714179 0.000278
11.722931 0.000280
11.731683 0.000282
11.740435 0.000283
11.749187 0.000285
11.757939 0.000287
11.766692 0.000288
11.775444 0.000290
11.784196 0.000292
11.792948 0.000294
11.801700 0.000295
11.810453 0.000297
11.819205 0.000299
11.827957 0.000301
11.836709 0.000303
11.845461 0.000305
11.854214 0.000307
11.862966 0.000309
11.871718 0.000311
11.880470 0.000313
11.889222 0.000315
11.897974 0.000317
11.906727 0.000319
11.915479 0.000321
11.924231 0.000323
11.932983 0.000325
11.941735 0.000328
11.950488 0.000330
11.959240 0.000332
11.967992 0.000334
11.976744 0.000337
11.985496 0.000339
11.994249 0.000341
12.003001 0.000344
12.011753 0.000346
12.020505 0.000349
12.029257 0.000351
12.038010 0.000354
12.046762 0.000356
12.055514 0.000359
12.064266 0.000361
12.073018 0.000364
12.081770 0.000367
12.090523 0.000369
12.099275 0.000372
12.108027 0.000375
12.116779 0.000378
12.125531 0.000381
12.134284 0.000384
12.143036 0.000387
12.151788 0.000390
12.160540 0.000393
12.169292 0.000396
12.178045 0.000399
12.186797 0.000402
12.195549 0.000405
12.204301 0.000409
12.213053 0.000412
12.221805 0.000415
12.230558 0.000419
12.239310 0.000422
12.248062 0.000426
12.256814 0.000430
12.265566 0.000433
12.274319 0.000437
12.283071 0.000441
12.291823 0.000445
12.300575 0.000448
12.309327 0.000452
12.318080 0.000456
12.326832 0.000461
12.335584 0.000465
12.344336 0.000469
12.353088 0.000473
12.361840 0.000478
12.370593 0.000482
12.379345 0.000486
12.388097 0.000491
12.396849 0.000496
12.405601 0.000501
12.414354 0.000505
12.423106 0.000510
12.431858 0.000515
12.440610 0.000520
12.449362 0.000526
12.458115 0.000531
12.466867 0.000536
12.475619 0.000542
12.484371 0.000547
12.493123 0.000553
12.501875 0.000559
12.510628 0.000565
12.519380 0.000571
12.528132 0.000577
12.536884 0.000583
12.545636 0.000589
12.554389 0.000596
12.563141 0.000603
12.571893 0.000609
12.580645 0.000616
12.589397 0.000623
12.598150 0.000630
12.606902 0.000638
12.615654 0.000645
12.624406 0.000653
12.633158 0.000661
12.641910 0.000669
12.650663 0.000677
12.659415 0.000685
12.668167 0.000694
12.676919 0.000703
12.685671 0.000711
12.694424 0.000721
12.703176 0.000730
12.711928 0.000740
12.720680 0.000749
12.729432 0.000759
12.738185 0.000770
12.746937 0.000780
12.755689 0.000791
12.764441 0.000802
12.773193 0.000813
12.781945 0.000825
12.790698 0.000837
12.799450 0.000849
12.808202 0.000862
12.816954 0.000875
12.825706 0.000888
12.834459 0.000902
12.843211 0.000916
12.851963 0.000930
12.860715 0.000945
12.869467 0.000960
12.878220 0.000976
12.886972 0.000992
12.895724 0.001009
12.904476 0.001026
12.913228 0.001043
12.921980 0.001062
12.930733 0.001080
12.939485 0.001100
12.948237 0.001120
12.956989 0.001140
12.965741 0.001162
12.974494 0.001184
12.983246 0.001207
12.991998 0.001230
13.000750 0.001255
13.009502 0.001280
13.018255 0.001306
13.027007 0.001333
13.035759 0.001361
13.044511 0.001390
13.053263 0.001421
13.062016 0.001452
13.070768 0.001485
13.079520 0.001519
13.088272 0.001554
13.097024 0.001590
13.105776 0.001628
13.114529 0.001668
13.123281 0.001709
13.132033 0.001752
13.140785 0.001797
13.149537 0.001844
13.158290 0.001892
13.167042 0.001943
13.175794 0.001996
13.184546 0.002052
13.193298 0.002109
13.202051 0.002170
13.210803 0.002232
13.219555 0.002298
13.228307 0.002367
13.237059 0.002438
13.245811 0.002513
13.254564 0.002591
13.263316 0.002673
13.272068 0.002758
13.280820 0.002846
13.289572 0.002938
13.298325 0.003035
13.307077 0.003135
13.315829 0.003238
13.324581 0.003346
13.333333 0.003458
13.342086 0.003575
13.350838 0.003695
13.359590 0.003819
13.368342 0.003947
13.377094 0.004079
13.385846 0.004214
13.394599 0.004354
13.403351 0.004496
13.412103 0.004641
13.420855 0.004790
13.429607 0.004940
13.438360 0.005093
13.447112 0.005247
13.455864 0.005403
13.464616 0.005559
13.473368 0.005715
13.482121 0.005870
13.490873 0.006025
13.499625 0.006178
13.508377 0.006328
13.517129 0.006475
13.525881 0.006619
13.534634 0.006758
13.543386 0.006891
13.552138 0.007019
13.560890 0.007141
13.569642 0.007255
13.578395 0.007362
13.587147 0.007460
13.595899 0.007549
13.604651 0.007629
13.613403 0.007699
13.622156 0.007759
13.630908 0.007809
13.639660 0.007848
13.648412 0.007877
13.657164 0.007895
13.665916 0.007901
13.674669 0.007898
13.683421 0.007883
13.692173 0.007859
13.700925 0.007824
13.709677 0.007779
13.718430 0.007726
13.727182 0.007664
13.735934 0.007593
13.744686 0.007516
13.753438 0.007431
13.762191 0.007340
13.770943 0.007243
13.779695 0.007142
13.788447 0.007036
13.797199 0.006927
13.805951 0.006815
13.814704 0.006702
13.823456 0.006587
13.832208 0.006471
13.840960 0.006356
13.849712 0.006241
13.858465 0.006128
13.867217 0.006017
13.875969 0.005908
13.884721 0.005802
13.893473 0.005699
13.902226 0.005600
13.910978 0.005505
13.919730 0.005414
13.928482 0.005328
13.937234 0.005247
13.945986 0.005171
13.954739 0.005100
13.963491 0.005035
13.972243 0.004975
13.980995 0.004921
13.989747 0.004873
13.998500 0.004831
14.007252 0.004794
14.016004 0.004763
14.024756 0.004738
14.033508 0.004719
14.042261 0.004706
14.051013 0.004699
14.059765 0.004697
14.068517 0.004702
14.077269 0.004712
14.086022 0.004729
14.094774 0.004752
14.103526 0.004780
14.112278 0.004815
14.121030 0.004856
14.129782 0.004903
14.138535 0.004956
14.147287 0.005016
14.156039 0.005082
14.164791 0.005155
14.173543 0.005235
14.182296 0.005322
14.191048 0.005416
14.199800 0.005517
14.208552 0.005625
14.217304 0.005741
14.226057 0.005865
14.234809 0.005996
14.243561 0.006136
14.252313 0.006283
14.261065 0.006438
14.269817 0.006602
14.278570 0.006774
14.287322 0.006954
14.296074 0.007143
14.304826 0.007339
14.313578 0.007544
14.322331 0.007756
14.331083 0.007976
14.339835 0.008203
14.348587 0.008437
14.357339 0.008677
14.366092 0.008923
14.374844 0.009174
14.383596 0.009429
14.392348 0.009688
14.401100 0.009949
14.409852 0.010212
14.418605 0.010476
14.427357 0.010739
14.436109 0.011000
14.444861 0.011259
14.453613 0.011514
14.462366 0.011763
14.471118 0.012006
14.479870 0.012242
14.488622 0.012468
14.497374 0.012685
14.506127 0.012890
14.514879 0.013084
14.523631 0.013265
14.532383 0.013433
14.541135 0.013586
14.549887 0.013726
14.558640 0.013850
14.567392 0.013961
14.576144 0.014056
14.584896 0.014137
14.593648 0.014205
14.602401 0.014259
14.611153 0.014301
14.619905 0.014332
14.628657 0.014352
14.637409 0.014363
14.646162 0.014367
14.654914 0.014364
14.663666 0.014357
14.672418 0.014346
14.681170 0.014334
14.689922 0.014322
14.698675 0.014312
14.707427 0.014306
14.716179 0.014304
14.724931 0.014310
14.733683 0.014323
14.742436 0.014345
14.751188 0.014378
14.759940 0.014423
14.768692 0.014481
14.777444 0.014552
14.786197 0.014637
14.794949 0.014736
14.803701 0.014851
14.812453 0.014980
14.821205 0.015125
14.829957 0.015284
14.838710 0.015457
14.847462 0.015644
14.856214 0.015843
14.864966 0.016053
14.873718 0.016274
14.882471 0.016504
14.891223 0.016741
14.899975 0.016983
14.908727 0.017229
14.917479 0.017476
14.926232 0.017723
14.934984 0.017967
14.943736 0.018206
14.952488 0.018437
14.961240 0.018659
14.969992 0.018870
14.978745 0.019066
14.987497 0.019247
14.996249 0.019409
15.005001 0.019552
15.013753 0.019674
15.022506 0.019773
15.031258 0.019848
15.040010 0.019899
15.048762 0.019924
15.057514 0.019924
15.066267 0.019897
15.075019 0.019846
15.083771 0.019769
15.092523 0.019667
15.101275 0.019542
15.110028 0.019395
15.118780 0.019227
15.127532 0.019040
15.136284 0.018836
15.145036 0.018616
15.153788 0.018383
15.162541 0.018139
15.171293 0.017886
15.180045 0.017626
15.188797 0.017362
15.197549 0.017095
15.206302 0.016829
15.215054 0.016564
15.223806 0.016303
15.232558 0.016048
15.241310 0.015799
15.250063 0.015560
15.258815 0.015331
15.267567 0.015113
15.276319 0.014908
15.285071 0.014715
15.293823 0.014537
15.302576 0.014372
15.311328 0.014221
15.320080 0.014085
15.328832 0.013963
15.337584 0.013855
15.346337 0.013761
15.355089 0.013678
15.363841 0.013608
15.372593 0.013549
15.381345 0.013499
15.390098 0.013458
15.398850 0.013424
15.407602 0.013396
15.416354 0.013373
15.425106 0.013352
15.433858 0.013333
15.442611 0.013315
15.451363 0.013294
15.460115 0.013271
15.468867 0.013243
15.477619 0.013209
15.486372 0.013168
15.495124 0.013119
15.503876 0.013060
15.512628 0.012991
15.521380 0.012911
15.530133 0.012819
15.538885 0.012715
15.547637 0.012599
15.556389 0.012469
15.565141 0.012327
15.573893 0.012172
15.582646 0.012005
15.591398 0.011826
15.600150 0.011635
15.608902 0.011434
15.617654 0.011223
15.626407 0.011003
15.635159 0.010774
15.643911 0.010539
15.652663 0.010297
15.661415 0.010051
15.670168 0.009800
15.678920 0.009547
15.687672 0.009292
15.696424 0.009035
15.705176 0.008779
15.713928 0.008524
15.722681 0.008271
15.731433 0.008021
15.740185 0.007774
15.748937 0.007531
15.757689 0.007292
15.766442 0.007059
15.775194 0.006831
15.783946 0.006609
15.792698 0.006394
15.801450 0.006184
15.810203 0.005982
15.818955 0.005786
15.827707 0.005597
15.836459 0.005414
15.845211 0.005238
15.853963 0.005069
15.862716 0.004906
15.871468 0.004750
15.880220 0.004600
15.888972 0.004456
15.897724 0.004319
15.906477 0.004186
15.915229 0.004060
15.923981 0.003939
15.932733 0.003822
15.941485 0.003711
15.950238 0.003605
15.958990 0.003503
15.967742 0.003405
15.976494 0.003312
15.985246 0.003222
15.993998 0.003136
16.002751 0.003054
16.011503 0.002975
16.020255 0.002900
16.029007 0.002827
16.037759 0.002758
16.046512 0.002691
16.055264 0.002627
16.064016 0.002566
16.072768 0.002507
16.081520 0.002450
16.090273 0.002396
16.099025 0.002343
16.107777 0.002293
16.116529 0.002245
16.125281 0.002198
16.134034 0.002153
16.142786 0.002110
16.151538 0.002069
16.160290 0.002029
16.169042 0.001990
16.177794 0.001953
16.186547 0.001918
16.195299 0.001883
16.204051 0.001850
16.212803 0.001818
16.221555 0.001788
16.230308 0.001758
16.239060 0.001730
16.247812 0.001702
16.256564 0.001676
16.265316 0.001650
16.274069 0.001626
16.282821 0.001602
16.291573 0.001580
16.300325 0.001558
16.309077 0.001537
16.317829 0.001517
16.326582 0.001498
16.335334 0.001479
16.344086 0.001461
16.352838 0.001444
16.361590 0.001428
16.370343 0.001412
16.379095 0.001397
16.387847 0.001383
16.396599 0.001369
16.405351 0.001356
16.414104 0.001343
16.422856 0.001331
16.431608 0.001320
16.440360 0.001309
16.449112 0.001298
16.457864 0.001288
16.466617 0.001278
16.475369 0.001268
16.484121 0.001259
16.492873 0.001251
16.501625 0.001242
16.510378 0.001234
16.519130 0.001226
16.527882 0.001218
16.536634 0.001210
16.545386 0.001203
16.554139 0.001195
16.562891 0.001188
16.571643 0.001181
16.580395 0.001174
16.589147 0.001167
16.597899 0.001160
16.606652 0.001153
16.615404 0.001146
16.624156 0.001139
16.632908 0.001133
16.641660 0.001126
16.650413 0.001120
16.659165 0.001113
16.667917 0.001107
16.676669 0.001101
16.685421 0.001095
16.694174 0.001089
16.702926 0.001084
16.711678 0.001079
16.720430 0.001074
16.729182 0.001069
16.737934 0.001065
16.746687 0.001062
16.755439 0.001058
16.764191 0.001055
16.772943 0.001053
16.781695 0.001051
16.790448 0.001050
16.799200 0.001049
16.807952 0.001049
16.816704 0.001049
16.825456 0.001051
16.834209 0.001052
16.842961 0.001055
16.851713 0.001058
16.860465 0.001062
16.869217 0.001067
16.877969 0.001072
16.886722 0.001078
16.895474 0.001085
16.904226 0.001092
16.912978 0.001100
16.921730 0.001108
16.930483 0.001117
16.939235 0.001127
16.947987 0.001137
16.956739 0.001147
16.965491 0.001158
16.974244 0.001169
16.982996 0.001180
16.991748 0.001191
17.000500 0.001202
17.009252 0.001213
17.018005 0.001224
17.026757 0.001234
17.035509 0.001244
17.044261 0.001254
17.053013 0.001263
17.061765 0.001271
17.070518 0.001278
17.079270 0.001284
17.088022 0.001290
17.096774 0.001294
17.105526 0.001297
17.114279 0.001298
17.123031 0.001299
17.131783 0.001298
17.140535 0.001296
17.149287 0.001292
17.158040 0.001287
17.166792 0.001280
17.175544 0.001272
17.184296 0.001263
17.193048 0.001253
17.201800 0.001241
17.210553 0.001228
17.219305 0.001213
17.228057 0.001198
17.236809 0.001182
17.245561 0.001164
17.254314 0.001146
17.263066 0.001127
17.271818 0.001108
17.280570 0.001088
17.289322 0.001068
17.298075 0.001047
17.306827 0.001026
17.315579 0.001005
17.324331 0.000984
17.333083 0.000963
17.341835 0.000942
17.350588 0.000921
17.359340 0.000900
17.368092 0.000880
17.376844 0.000860
17.385596 0.000841
17.394349 0.000822
17.403101 0.000803
17.411853 0.000785
17.420605 0.000767
17.429357 0.000750
17.438110 0.000733
17.446862 0.000717
17.455614 0.000702
17.464366 0.000687
17.473118 0.000673
17.481870 0.000659
17.490623 0.000645
17.499375 0.000633
17.508127 0.000620
17.516879 0.000609
17.525631 0.000597
17.534384 0.000586
17.543136 0.000576
17.551888 0.000566
17.560640 0.000557
17.569392 0.000548
17.578145 0.000539
17.586897 0.000531
17.595649 0.000523
17.604401 0.000515
17.613153 0.000508
17.621905 0.000501
17.630658 0.000494
17.639410 0.000488
17.648162 0.000482
17.656914 0.000476
17.665666 0.000470
17.674419 0.000465
17.683171 0.000460
17.691923 0.000455
17.700675 0.000450
17.709427 0.000445
17.718180 0.000441
17.726932 0.000436
17.735684 0.000432
17.744436 0.000428
17.753188 0.000424
17.761940 0.000420
17.770693 0.000416
17.779445 0.000412
17.788197 0.000408
17.796949 0.000405
17.805701 0.000401
17.814454 0.000397
17.823206 0.000394
17.831958 0.000390
17.840710 0.000386
17.849462 0.000383
17.858215 0.000379
17.866967 0.000376
17.875719 0.000372
17.884471 0.000369
17.893223 0.000365
17.901975 0.000362
17.910728 0.000359
17.919480 0.000355
17.928232 0.000352
17.936984 0.000348
17.945736 0.000345
17.954489 0.000342
17.963241 0.000338
17.971993 0.000335
17.980745 0.000332
17.989497 0.000329
17.998250 0.000325
18.007002 0.000322
18.015754 0.000319
18.024506 0.000316
18.033258 0.000313
18.042011 0.000311
18.050763 0.000308
18.059515 0.000305
18.068267 0.000302
18.077019 0.000300
18.085771 0.000297
18.094524 0.000295
18.103276 0.000292
18.112028 0.000290
18.120780 0.000288
18.129532 0.000286
18.138285 0.000284
18.147037 0.000282
18.155789 0.000280
18.164541 0.000278
18.173293 0.000276
18.182046 0.000274
18.190798 0.000273
18.199550 0.000271
18.208302 0.000269
18.217054 0.000268
18.225806 0.000266
18.234559 0.000265
18.243311 0.000264
18.252063 0.000263
18.260815 0.000261
18.269567 0.000260
18.278320 0.000259
18.287072 0.000258
18.295824 0.000257
18.304576 0.000256
18.313328 0.000255
18.322081 0.000254
18.330833 0.000253
18.339585 0.000252
18.348337 0.000252
18.357089 0.000251
18.365841 0.000250
18.374594 0.000249
18.383346 0.000248
18.392098 0.000248
18.400850 0.000247
18.409602 0.000246
18.418355 0.000245
18.427107 0.000244
18.435859 0.000243
18.444611 0.000242
18.453363 0.000241
18.462116 0.000240
18.470868 0.000239
18.479620 0.000238
18.488372 0.000237
18.497124 0.000236
18.505876 0.000235
18.514629 0.000233
18.523381 0.000232
18.532133 0.000231
18.540885 0.000229
18.549637 0.000228
18.558390 0.000226
18.567142 0.000225
18.575894 0.000223
18.584646 0.000222
18.593398 0.000220
18.602151 0.000218
18.610903 0.000216
18.619655 0.000215
18.628407 0.000213
18.637159 0.000211
18.645911 0.000209
18.654664 0.000208
18.663416 0.000206
18.672168 0.000204
18.680920 0.000202
18.689672 0.000201
18.698425 0.000199
18.707177 0.000197
18.715929 0.000196
18.724681 0.000194
18.733433 0.000192
18.742186 0.000191
18.750938 0.000189
18.759690 0.000188
18.768442 0.000186
18.777194 0.000185
18.785946 0.000183
18.794699 0.000182
18.803451 0.000180
18.812203 0.000179
18.820955 0.000178
18.829707 0.000176
18.838460 0.000175
18.847212 0.000174
18.855964 0.000173
18.864716 0.000171
18.873468 0.000170
18.882221 0.000169
18.890973 0.000168
18.899725 0.000167
18.908477 0.000166
18.917229 0.000165
18.925981 0.000164
18.934734 0.000163
18.943486 0.000162
18.952238 0.000161
18.960990 0.000160
18.969742 0.000159
18.978495 0.000158
18.987247 0.000157
18.995999 0.000156
19.004751 0.000155
19.013503 0.000154
19.022256 0.000153
19.031008 0.000153
19.039760 0.000152
19.048512 0.000151
19.057264 0.000150
19.066017 0.000149
19.074769 0.000149
19.083521 0.000148
19.092273 0.000147
19.101025 0.000146
19.109777 0.000146
19.118530 0.000145
19.127282 0.000144
19.136034 0.000143
19.144786 0.000143
19.153538 0.000142
19.162291 0.000141
19.171043 0.000141
19.179795 0.000140
19.188547 0.000139
19.197299 0.000139
19.206052 0.000138
19.214804 0.000137
19.223556 0.000137
19.232308 0.000136
19.241060 0.000136
19.249812 0.000135
19.258565 0.000134
19.267317 0.000134
19.276069 0.000133
19.284821 0.000133
19.293573 0.000132
19.302326 0.000132
19.311078 0.000131
19.319830 0.000130
19.328582 0.000130
19.337334 0.000129
19.346087 0.000129
19.354839 0.000128
19.363591 0.000128
19.372343 0.000127
19.381095 0.000127
19.389847 0.000126
19.398600 0.000126
19.407352 0.000125
19.416104 0.000125
19.424856 0.000124
19.433608 0.000124
19.442361 0.000123
19.451113 0.000123
19.459865 0.000122
19.468617 0.000122
19.477369 0.000121
19.486122 0.000121
19.494874 0.000120
19.503626 0.000120
19.512378 0.000119
19.521130 0.000119
19.529882 0.000118
19.538635 0.000118
19.547387 0.000118
19.556139 0.000117
19.564891 0.000117
19.573643 0.000116
19.582396 0.000116
19.591148 0.000115
19.599900 0.000115
19.608652 0.000115
19.617404 0.000114
19.626157 0.000114
19.634909 0.000113
19.643661 0.000113
19.652413 0.000112
19.661165 0.000112
19.669917 0.000112
19.678670 0.000111
19.687422 0.000111
19.696174 0.000110
19.704926 0.000110
19.713678 0.000110
19.722431 0.000109
19.731183 0.000109
19.739935 0.000109
19.748687 0.000108
19.757439 0.000108
19.766192 0.000107
19.774944 0.000107
19.783696 0.000107
19.792448 0.000106
19.801200 0.000106
19.809952 0.000106
19.818705 0.000105
19.827457 0.000105
19.836209 0.000105
19.844961 0.000104
19.853713 0.000104
19.862466 0.000104
19.871218 0.000103
19.879970 0.000103
19.888722 0.000103
19.897474 0.000102
19.906227 0.000102
19.914979 0.000102
19.923731 0.000101
19.932483 0.000101
19.941235 0.000101
19.949987 0.000100
19.958740 0.000100
19.967492 0.000100
19.976244 0.000099
19.984996 0.000099
19.993748 0.000099
20.002501 0.000098
20.011253 0.000098
20.020005 0.000098
20.028757 0.000098
20.037509 0.000097
20.046262 0.000097
20.055014 0.000097
20.063766 0.000096
20.072518 0.000096
20.081270 0.000096
20.090023 0.000095
20.098775 0.000095
20.107527 0.000095
20.116279 0.000095
20.125031 0.000094
20.133783 0.000094
20.142536 0.000094
20.151288 0.000094
20.160040 0.000093
20.168792 0.000093
20.177544 0.000093
20.186297 0.000092
20.195049 0.000092
20.203801 0.000092
20.212553 0.000092
20.221305 0.000091
20.230058 0.000091
20.238810 0.000091
20.247562 0.000091
20.256314 0.000090
20.265066 0.000090
20.273818 0.000090
20.282571 0.000090
20.291323 0.000089
20.300075 0.000089
20.308827 0.000089
20.317579 0.000089
20.326332 0.000088
20.335084 0.000088
20.343836 0.000088
20.352588 0.000088
20.361340 0.000088
20.370093 0.000087
20.378845 0.000087
20.387597 0.000087
20.396349 0.000087
20.405101 0.000086
20.413853 0.000086
20.422606 0.000086
20.431358 0.000086
20.440110 0.000085
20.448862 0.000085
20.457614 0.000085
20.466367 0.000085
20.475119 0.000085
20.483871 0.000084
20.492623 0.000084
20.501375 0.000084
20.510128 0.000084
20.518880 0.000084
20.527632 0.000083
20.536384 0.000083
20.545136 0.000083
20.553888 0.000083
20.562641 0.000083
20.571393 0.000082
20.580145 0.000082
20.588897 0.000082
20.597649 0.000082
20.606402 0.000082
20.615154 0.000081
20.623906 0.000081
20.632658 0.000081
20.641410 0.000081
20.650163 0.000081
20.658915 0.000081
20.667667 0.000080
20.676419 0.000080
20.685171 0.000080
20.693923 0.000080
20.702676 0.000080
20.711428 0.000079
20.720180 0.000079
20.728932 0.000079
20.737684 0.000079
20.746437 0.000079
20.755189 0.000079
20.763941 0.000078
20.772693 0.000078
20.781445 0.000078
20.790198 0.000078
20.798950 0.000078
20.807702 0.000078
20.816454 0.000078
20.825206 0.000077
20.833958 0.000077
20.842711 0.000077
20.851463 0.000077
20.860215 0.000077
20.868967 0.000077
20.877719 0.000076
20.886472 0.000076
20.895224 0.000076
20.903976 0.000076
20.912728 0.000076
20.921480 0.000076
20.930233 0.000076
20.938985 0.000075
20.947737 0.000075
20.956489 0.000075
20.965241 0.000075
20.973993 0.000075
20.982746 0.000075
20.991498 0.000075
21.000250 0.000075
21.009002 0.000074
21.017754 0.000074
21.026507 0.000074
21.035259 0.000074
21.044011 0.000074
21.052763 0.000074
21.061515 0.000074
21.070268 0.000074
21.079020 0.000073
21.087772 0.000073
21.096524 0.000073
21.105276 0.000073
21.114029 0.000073
21.122781 0.000073
21.131533 0.000073
21.140285 0.000073
21.149037 0.000073
21.157789 0.000073
21.166542 0.000072
21.175294 0.000072
21.184046 0.000072
21.192798 0.000072
21.201550 0.000072
21.210303 0.000072
21.219055 0.000072
21.227807 0.000072
21.236559 0.000072
21.245311 0.000072
21.254064 0.000072
21.262816 0.000071
21.271568 0.000071
21.280320 0.000071
21.289072 0.000071
21.297824 0.000071
21.306577 0.000071
21.315329 0.000071
21.324081 0.000071
21.332833 0.000071
21.341585 0.000071
21.350338 0.000071
21.359090 0.000071
21.367842 0.000071
21.376594 0.000071
21.385346 0.000071
21.394099 0.000071
21.402851 0.000071
21.411603 0.000070
21.420355 0.000070
21.429107 0.000070
21.437859 0.000070
21.446612 0.000070
21.455364 0.000070
21.464116 0.000070
21.472868 0.000070
21.481620 0.000070
21.490373 0.000070
21.499125 0.000070
21.507877 0.000070
21.516629 0.000070
21.525381 0.000070
21.534134 0.000070
21.542886 0.000070
21.551638 0.000070
21.560390 0.000070
21.569142 0.000070
21.577894 0.000070
21.586647 0.000070
21.595399 0.000070
21.604151 0.000070
21.612903 0.000070
21.621655 0.000070
21.630408 0.000070
21.639160 0.000070
21.647912 0.000070
21.656664 0.000070
21.665416 0.000071
21.674169 0.000071
21.682921 0.000071
21.691673 0.000071
21.700425 0.000071
21.709177 0.000071
21.717929 0.000071
21.726682 0.000071
21.735434 0.000071
21.744186 0.000071
21.752938 0.000071
21.761690 0.000071
21.770443 0.000072
21.779195 0.000072
21.787947 0.000072
21.796699 0.000072
21.805451 0.000072
21.814204 0.000072
21.822956 0.000072
21.831708 0.000072
21.840460 0.000073
21.849212 0.000073
21.857964 0.000073
21.866717 0.000073
21.875469 0.000073
21.884221 0.000073
21.892973 0.000073
21.901725 0.000073
21.910478 0.000074
21.919230 0.000074
21.927982 0.000074
21.936734 0.000074
21.945486 0.000074
21.954239 0.000074
21.962991 0.000074
21.971743 0.000075
21.980495 0.000075
21.989247 0.000075
21.997999 0.000075
22.006752 0.000075
22.015504 0.000075
22.024256 0.000075
22.033008 0.000076
22.041760 0.000076
22.050513 0.000076
22.059265 0.000076
22.068017 0.000076
22.076769 0.000076
22.085521 0.000076
22.094274 0.000077
22.103026 0.000077
22.111778 0.000077
22.120530 0.000077
22.129282 0.000077
22.138035 0.000077
22.146787 0.000078
22.155539 0.000078
22.164291 0.000078
22.173043 0.000078
22.181795 0.000078
22.190548 0.000079
22.199300 0.000079
22.208052 0.000079
22.216804 0.000080
22.225556 0.000080
22.234309 0.000080
22.243061 0.000080
22.251813 0.000081
22.260565 0.000081
22.269317 0.000082
22.278070 0.000082
22.286822 0.000082
22.295574 0.000083
22.304326 0.000083
22.313078 0.000084
22.321830 0.000084
22.330583 0.000085
22.339335 0.000085
22.348087 0.000086
22.356839 0.000086
22.365591 0.000087
22.374344 0.000087
22.383096 0.000088
22.391848 0.000088
22.400600 0.000089
22.409352 0.000090
22.418105 0.000090
22.426857 0.000091
22.435609 0.000092
22.444361 0.000093
22.453113 0.000094
22.461865 0.000094
22.470618 0.000095
22.479370 0.000096
22.488122 0.000097
22.496874 0.000098
22.505626 0.000099
22.514379 0.000100
22.523131 0.000101
22.531883 0.000102
22.540635 0.000103
22.549387 0.000104
22.558140 0.000105
22.566892 0.000107
22.575644 0.000108
22.584396 0.000109
22.593148 0.000111
22.601900 0.000112
22.610653 0.000113
22.619405 0.000115
22.628157 0.000117
22.636909 0.000118
22.645661 0.000120
22.654414 0.000122
22.663166 0.000123
22.671918 0.000125
22.680670 0.000127
22.689422 0.000129
22.698175 0.000131
22.706927 0.000133
22.715679 0.000136
22.724431 0.000138
22.733183 0.000140
22.741935 0.000143
22.750688 0.000146
22.759440 0.000148
22.768192 0.000151
22.776944 0.000154
22.785696 0.000157
22.794449 0.000161
22.803201 0.000164
22.811953 0.000168
22.820705 0.000172
22.829457 0.000175
22.838210 0.000180
22.846962 0.000184
22.855714 0.000188
22.864466 0.000193
22.873218 0.000198
22.881970 0.000203
22.890723 0.000209
22.899475 0.000214
22.908227 0.000220
22.916979 0.000227
22.925731 0.000233
22.934484 0.000240
22.943236 0.000247
22.951988 0.000255
22.960740 0.000262
22.969492 0.000270
22.978245 0.000279
22.986997 0.000288
22.995749 0.000297
23.004501 0.000306
23.013253 0.000316
23.022006 0.000326
23.030758 0.000337
23.039510 0.000348
23.048262 0.000359
23.057014 0.000371
23.065766 0.000383
23.074519 0.000395
23.083271 0.000407
23.092023 0.000420
23.100775 0.000433
23.109527 0.000446
23.118280 0.000459
23.127032 0.000473
23.135784 0.000486
23.144536 0.000500
23.153288 0.000513
23.162041 0.000527
23.170793 0.000540
23.179545 0.000553
23.188297 0.000566
23.197049 0.000579
23.205801 0.000591
23.214554 0.000603
23.223306 0.000615
23.232058 0.000626
23.240810 0.000637
23.249562 0.000647
23.258315 0.000656
23.267067 0.000665
23.275819 0.000673
23.284571 0.000680
23.293323 0.000687
23.302076 0.000693
23.310828 0.000697
23.319580 0.000701
23.328332 0.000705
23.337084 0.000707
23.345836 0.000708
23.354589 0.000709
23.363341 0.000709
23.372093 0.000707
23.380845 0.000705
23.389597 0.000702
23.398350 0.000698
23.407102 0.000694
23.415854 0.000688
23.424606 0.000682
23.433358 0.000675
23.442111 0.000667
23.450863 0.000659
23.459615 0.000650
23.468367 0.000641
23.477119 0.000631
23.485871 0.000620
23.494624 0.000609
23.503376 0.000598
23.512128 0.000586
23.520880 0.000574
23.529632 0.000562
23.538385 0.000550
23.547137 0.000537
23.555889 0.000524
23.564641 0.000512
23.573393 0.000499
23.582146 0.000486
23.590898 0.000474
23.599650 0.000461
23.608402 0.000449
23.617154 0.000437
23.625906 0.000425
23.634659 0.000413
23.643411 0.000402
23.652163 0.000391
23.660915 0.000380
23.669667 0.000370
23.678420 0.000360
23.687172 0.000350
23.695924 0.000341
23.704676 0.000332
23.713428 0.000323
23.722181 0.000315
23.730933 0.000308
23.739685 0.000300
23.748437 0.000293
23.757189 0.000287
23.765941 0.000281
23.774694 0.000275
23.783446 0.000270
23.792198 0.000265
23.800950 0.000260
23.809702 0.000256
23.818455 0.000252
23.827207 0.000248
23.835959 0.000245
23.844711 0.000242
23.853463 0.000239
23.862216 0.000237
23.870968 0.000235
23.879720 0.000233
23.888472 0.000231
23.897224 0.000230
23.905976 0.000229
23.914729 0.000229
23.923481 0.000228
23.932233 0.000228
23.940985 0.000228
23.949737 0.000228
23.958490 0.000228
23.967242 0.000229
23.975994 0.000229
23.984746 0.000230
23.993498 0.000231
24.002251 0.000232
24.011003 0.000234
24.019755 0.000235
24.028507 0.000236
24.037259 0.000238
24.046012 0.000239
24.054764 0.000241
24.063516 0.000242
24.072268 0.000244
24.081020 0.000246
24.089772 0.000247
24.098525 0.000249
24.107277 0.000251
24.116029 0.000252
24.124781 0.000254
24.133533 0.000255
24.142286 0.000256
24.151038 0.000258
24.159790 0.000259
24.168542 0.000260
24.177294 0.000261
24.186047 0.000261
24.194799 0.000262
24.203551 0.000262
24.212303 0.000263
24.221055 0.000263
24.229807 0.000263
24.238560 0.000263
24.247312 0.000262
24.256064 0.000261
24.264816 0.000261
24.273568 0.000260
24.282321 0.000258
24.291073 0.000257
24.299825 0.000255
24.308577 0.000253
24.317329 0.000251
24.326082 0.000249
24.334834 0.000246
24.343586 0.000244
24.352338 0.000241
24.361090 0.000238
24.369842 0.000234
24.378595 0.000231
24.387347 0.000227
24.396099 0.000223
24.404851 0.000219
24.413603 0.000215
24.422356 0.000211
24.431108 0.000207
24.439860 0.000203
24.448612 0.000198
24.457364 0.000194
24.466117 0.000190
24.474869 0.000185
24.483621 0.000181
24.492373 0.000177
24.501125 0.000172
24.509877 0.000168
24.518630 0.000164
24.527382 0.000160
24.536134 0.000156
24.544886 0.000152
24.553638 0.000148
24.562391 0.000144
24.571143 0.000140
24.579895 0.000137
24.588647 0.000133
24.597399 0.000130
24.606152 0.000127
24.614904 0.000123
24.623656 0.000120
24.632408 0.000118
24.641160 0.000115
24.649912 0.000112
24.658665 0.000109
24.667417 0.000107
24.676169 0.000104
24.684921 0.000102
24.693673 0.000100
24.702426 0.000098
24.711178 0.000096
24.719930 0.000094
24.728682 0.000092
24.737434 0.000090
24.746187 0.000088
24.754939 0.000086
24.763691 0.000085
24.772443 0.000083
24.781195 0.000081
24.789947 0.000080
24.798700 0.000078
24.807452 0.000077
24.816204 0.000075
24.824956 0.000073
24.833708 0.000072
24.842461 0.000070
24.851213 0.000068
24.859965 0.000066
24.868717 0.000065
24.877469 0.000063
24.886222 0.000061
24.894974 0.000059
24.903726 0.000057
24.912478 0.000055
24.921230 0.000052
24.929982 0.000050
24.938735 0.000048
24.947487 0.000046
24.956239 0.000043
24.964991 0.000041
24.973743 0.000038
24.982496 0.000036
24.991248 0.000033

Sticks
-3.768442 0.008586
-3.750938 0.001709
-3.715929 0.006006
-3.689672 0.001447
-3.217054 0.000234
-2.814454 0.004329
-2.796949 0.017376
-2.726932 0.012961
-2.718180 0.013737
-1.816704 0.007663
-1.142786 0.004696
-1.134034 0.000005
-0.915229 0.000119
-0.862716 0.000338
-0.748937 0.000031
-0.652663 0.000251
-0.547637 0.000245
-0.285071 0.000060
-0.066267 0.000141
0.108777 0.000135
0.213803 0.000026
0.301325 0.000000
0.450113 0.000370
0.476369 0.000048
0.572643 0.000364
1.089022 0.000356
1.421605 0.000054
1.552888 0.000185
1.797949 0.000002
4.651163 0.000000
4.677419 0.000002
4.694924 0.000001
4.764941 0.000017
4.808702 0.000016
4.878720 0.000001
5.377594 0.000002
5.412603 0.000000
5.421355 0.000000
5.972743 0.000436
5.990248 0.000290
5.999000 0.000073
6.147787 0.000282
6.366592 0.000427
6.839210 0.000015
6.847962 0.000069
6.874219 0.000091
6.917979 0.000041
7.233058 0.000363
13.595899 0.002658
13.709677 0.002626
14.147287 0.000056
14.567392 0.007494
15.057514 0.012012
15.538885 0.006715
16.597899 0.000074
16.632908 0.000051
17.131783 0.000390
17.193048 0.000219
17.464366 0.000001
17.831958 0.000028
17.910728 0.000001
18.269567 0.000002
18.505876 0.000025
21.954239 0.000001
21.962991 0.000001
21.997999 0.000001
22.645661 0.000001
22.671918 0.000001
22.803201 0.000000
23.240810 0.000131
23.319580 0.000206
23.459615 0.000204
24.107277 0.000029
24.151038 0.000033
24.334834 0.000095
