-10.000000 -0.000047
-9.991248 -0.000050
-9.982496 -0.000053
-9.973743 -0.000057
-9.964991 -0.000060
-9.956239 -0.000063
-9.947487 -0.000066
-9.938735 -0.000068
-9.929982 -0.000071
-9.921230 -0.000073
-9.912478 -0.000076
-9.903726 -0.000078
-9.894974 -0.000080
-9.886222 -0.000082
-9.877469 -0.000084
-9.868717 -0.000085
-9.859965 -0.000087
-9.851213 -0.000088
-9.842461 -0.000089
-9.833708 -0.000090
-9.824956 -0.000091
-9.816204 -0.000092
-9.807452 -0.000093
-9.798700 -0.000093
-9.789947 -0.000094
-9.781195 -0.000095
-9.772443 -0.000095
-9.763691 -0.000096
-9.754939 -0.000096
-9.746187 -0.000096
-9.737434 -0.000097
-9.728682 -0.000097
-9.719930 -0.000098
-9.711178 -0.000098
-9.702426 -0.000098
-9.693673 -0.000099
-9.684921 -0.000099
-9.676169 -0.000099
-9.667417 -0.000100
-9.658665 -0.000100
-9.649912 -0.000100
-9.641160 -0.000101
-9.632408 -0.000101
-9.623656 -0.000101
-9.614904 -0.000102
-9.606152 -0.000102
-9.597399 -0.000102
-9.588647 -0.000103
-9.579895 -0.000103
-9.571143 -0.000103
-9.562391 -0.000104
-9.553638 -0.000104
-9.544886 -0.000104
-9.536134 -0.000105
-9.527382 -0.000105
-9.518630 -0.000105
-9.509877 -0.000106
-9.501125 -0.000106
-9.492373 -0.000106
-9.483621 -0.000107
-9.474869 -0.000107
-9.466117 -0.000107
-9.457364 -0.000108
-9.448612 -0.000108
-9.439860 -0.000108
-9.431108 -0.000109
-9.422356 -0.000109
-9.413603 -0.000109
-9.404851 -0.000110
-9.396099 -0.000110
-9.387347 -0.000111
-9.378595 -0.000111
-9.369842 -0.000111
-9.361090 -0.000112
-9.352338 -0.000112
-9.343586 -0.000112
-9.334834 -0.000113
-9.326082 -0.000113
-9.317329 -0.000114
-9.308577 -0.000114
-9.299825 -0.000114
-9.291073 -0.000115
-9.282321 -0.000115
-9.273568 -0.000115
-9.264816 -0.000116
-9.256064 -0.000116
-9.247312 -0.000117
-9.238560 -0.000117
-9.229807 -0.000117
-9.221055 -0.000118
-9.212303 -0.000118
-9.203551 -0.000119
-9.194799 -0.000119
-9.186047 -0.000119
-9.177294 -0.000120
-9.168542 -0.000120
-9.159790 -0.000121
-9.151038 -0.000121
-9.142286 -0.000122
-9.133533 -0.000122
-9.124781 -0.000122
-9.116029 -0.000123
-9.107277 -0.000123
-9.098525 -0.000124
-9.089772 -0.000124
-9.081020 -0.000125
-9.072268 -0.000125
-9.063516 -0.000125
-9.054764 -0.000126
-9.046012 -0.000126
-9.037259 -0.000127
-9.028507 -0.000127
-9.019755 -0.000128
-9.011003 -0.000128
-9.002251 -0.000129
-8.993498 -0.000129
-8.984746 -0.000129
-8.975994 -0.000130
-8.967242 -0.000130
-8.958490 -0.000131
-8.949737 -0.000131
-8.940985 -0.000132
-8.932233 -0.000132
-8.923481 -0.000133
-8.914729 -0.000133
-8.905976 -0.000134
-8.897224 -0.000134
-8.888472 -0.000135
-8.879720 -0.000135
-8.870968 -0.000136
-8.862216 -0.000136
-8.853463 -0.000137
-8.844711 -0.000137
-8.835959 -0.000138
-8.827207 -0.000138
-8.818455 -0.000139
-8.809702 -0.000139
-8.800950 -0.000140
-8.792198 -0.000140
-8.783446 -0.000141
-8.774694 -0.000141
-8.765941 -0.000142
-8.757189 -0.000142
-8.748437 -0.000143
-8.739685 -0.000143
-8.730933 -0.000144
-8.722181 -0.000145
-8.713428 -0.000145
-8.704676 -0.000146
-8.695924 -0.000146
-8.687172 -0.000147
-8.678420 -0.000147
-8.669667 -0.000148
-8.660915 -0.000148
-8.652163 -0.000149
-8.643411 -0.000150
-8.634659 -0.000150
-8.625906 -0.000151
-8.617154 -0.000151
-8.608402 -0.000152
-8.599650 -0.000152
-8.590898 -0.000153
-8.582146 -0.000154
-8.573393 -0.000154
-8.564641 -0.000155
-8.555889 -0.000155
-8.547137 -0.000156
-8.538385 -0.000157
-8.529632 -0.000157
-8.520880 -0.000158
-8.512128 -0.000158
-8.503376 -0.000159
-8.494624 -0.000160
-8.485871 -0.000160
-8.477119 -0.000161
-8.468367 -0.000162
-8.459615 -0.000162
-8.450863 -0.000163
-8.442111 -0.000164
-8.433358 -0.000164
-8.424606 -0.000165
-8.415854 -0.000165
-8.407102 -0.000166
-8.398350 -0.000167
-8.389597 -0.000167
-8.380845 -0.000168
-8.372093 -0.000169
-8.363341 -0.000170
-8.354589 -0.000170
-8.345836 -0.000171
-8.337084 -0.000172
-8.328332 -0.000172
-8.319580 -0.000173
-8.310828 -0.000174
-8.302076 -0.000174
-8.293323 -0.000175
-8.284571 -0.000176
-8.275819 -0.000177
-8.267067 -0.000177
-8.258315 -0.000178
-8.249562 -0.000179
-8.240810 -0.000180
-8.232058 -0.000180
-8.223306 -0.000181
-8.214554 -0.000182
-8.205801 -0.000183
-8.197049 -0.000183
-8.188297 -0.000184
-8.179545 -0.000185
-8.170793 -0.000186
-8.162041 -0.000186
-8.153288 -0.000187
-8.144536 -0.000188
-8.135784 -0.000189
-8.127032 -0.000190
-8.118280 -0.000190
-8.109527 -0.000191
-8.100775 -0.000192
-8.092023 -0.000193
-8.083271 -0.000194
-8.074519 -0.000195
-8.065766 -0.000195
-8.057014 -0.000196
-8.048262 -0.000197
-8.039510 -0.000198
-8.030758 -0.000199
-8.022006 -0.000200
-8.013253 -0.000201
-8.004501 -0.000201
-7.995749 -0.000202
-7.986997 -0.000203
-7.978245 -0.000204
-7.969492 -0.000205
-7.960740 -0.000206
-7.951988 -0.000207
-7.943236 -0.000208
-7.934484 -0.000209
-7.925731 -0.000210
-7.916979 -0.000210
-7.908227 -0.000211
-7.899475 -0.000212
-7.890723 -0.000213
-7.881970 -0.000214
-7.873218 -0.000215
-7.864466 -0.000216
-7.855714 -0.000217
-7.846962 -0.000218
-7.838210 -0.000219
-7.829457 -0.000220
-7.820705 -0.000221
-7.811953 -0.000222
-7.803201 -0.000223
-7.794449 -0.000224
-7.785696 -0.000225
-7.776944 -0.000226
-7.768192 -0.000227
-7.759440 -0.000228
-7.750688 -0.000229
-7.741935 -0.000231
-7.733183 -0.000232
-7.724431 -0.000233
-7.715679 -0.000234
-7.706927 -0.000235
-7.698175 -0.000236
-7.689422 -0.000237
-7.680670 -0.000238
-7.671918 -0.000239
-7.663166 -0.000240
-7.654414 -0.000242
-7.645661 -0.000243
-7.636909 -0.000244
-7.628157 -0.000245
-7.619405 -0.000246
-7.610653 -0.000247
-7.601900 -0.000249
-7.593148 -0.000250
-7.584396 -0.000251
-7.575644 -0.000252
-7.566892 -0.000254
-7.558140 -0.000255
-7.549387 -0.000256
-7.540635 -0.000257
-7.531883 -0.000259
-7.523131 -0.000260
-7.514379 -0.000261
-7.505626 -0.000262
-7.496874 -0.000264
-7.488122 -0.000265
-7.479370 -0.000266
-7.470618 -0.000268
-7.461865 -0.000269
-7.453113 -0.000270
-7.444361 -0.000272
-7.435609 -0.000273
-7.426857 -0.000274
-7.418105 -0.000276
-7.409352 -0.000277
-7.400600 -0.000279
-7.391848 -0.000280
-7.383096 -0.000281
-7.374344 -0.000283
-7.365591 -0.000284
-7.356839 -0.000286
-7.348087 -0.000287
-7.339335 -0.000289
-7.330583 -0.000290
-7.321830 -0.000292
-7.313078 -0.000293
-7.304326 -0.000295
-7.295574 -0.000296
-7.286822 -0.000298
-7.278070 -0.000300
-7.269317 -0.000301
-7.260565 -0.000303
-7.251813 -0.000304
-7.243061 -0.000306
-7.234309 -0.000308
-7.225556 -0.000309
-7.216804 -0.000311
-7.208052 -0.000312
-7.199300 -0.000314
-7.190548 -0.000316
-7.181795 -0.000318
-7.173043 -0.000319
-7.164291 -0.000321
-7.155539 -0.000323
-7.146787 -0.000325
-7.138035 -0.000326
-7.129282 -0.000328
-7.120530 -0.000330
-7.111778 -0.000332
-7.103026 -0.000334
-7.094274 -0.000335
-7.085521 -0.000337
-7.076769 -0.000339
-7.068017 -0.000341
-7.059265 -0.000343
-7.050513 -0.000345
-7.041760 -0.000347
-7.033008 -0.000349
-7.024256 -0.000351
-7.015504 -0.000353
-7.006752 -0.000355
-6.997999 -0.000357
-6.989247 -0.000359
-6.980495 -0.000361
-6.971743 -0.000363
-6.962991 -0.000365
-6.954239 -0.000367
-6.945486 -0.000369
-6.936734 -0.000371
-6.927982 -0.000374
-6.919230 -0.000376
-6.910478 -0.000378
-6.901725 -0.000380
-6.892973 -0.000382
-6.884221 -0.000385
-6.875469 -0.000387
-6.866717 -0.000389
-6.857964 -0.000391
-6.849212 -0.000394
-6.840460 -0.000396
-6.831708 -0.000399
-6.822956 -0.000401
-6.814204 -0.000403
-6.805451 -0.000406
-6.796699 -0.000408
-6.787947 -0.000411
-6.779195 -0.000413
-6.770443 -0.000416
-6.761690 -0.000418
-6.752938 -0.000421
-6.744186 -0.000424
-6.735434 -0.000426
-6.726682 -0.000429
-6.717929 -0.000431
-6.709177 -0.000434
-6.700425 -0.000437
-6.691673 -0.000440
-6.682921 -0.000442
-6.674169 -0.000445
-6.665416 -0.000448
-6.656664 -0.000451
-6.647912 -0.000454
-6.639160 -0.000457
-6.630408 -0.000460
-6.621655 -0.000462
-6.612903 -0.000465
-6.604151 -0.000468
-6.595399 -0.000472
-6.586647 -0.000475
-6.577894 -0.000478
-6.569142 -0.000481
-6.560390 -0.000484
-6.551638 -0.000487
-6.542886 -0.000490
-6.534134 -0.000494
-6.525381 -0.000497
-6.516629 -0.000500
-6.507877 -0.000504
-6.499125 -0.000507
-6.490373 -0.000510
-6.481620 -0.000514
-6.472868 -0.000517
-6.464116 -0.000521
-6.455364 -0.000524
-6.446612 -0.000528
-6.437859 -0.000532
-6.429107 -0.000535
-6.420355 -0.000539
-6.411603 -0.000543
-6.402851 -0.000546
-6.394099 -0.000550
-6.385346 -0.000554
-6.376594 -0.000558
-6.367842 -0.000562
-6.359090 -0.000566
-6.350338 -0.000570
-6.341585 -0.000574
-6.332833 -0.000578
-6.324081 -0.000582
-6.315329 -0.000586
-6.306577 -0.000591
-6.297824 -0.000595
-6.289072 -0.000599
-6.280320 -0.000603
-6.271568 -0.000608
-6.262816 -0.000612
-6.254064 -0.000617
-6.245311 -0.000621
-6.236559 -0.000626
-6.227807 -0.000631
-6.219055 -0.000635
-6.210303 -0.000640
-6.201550 -0.000645
-6.192798 -0.000650
-6.184046 -0.000655
-6.175294 -0.000660
-6.166542 -0.000665
-6.157789 -0.000670
-6.149037 -0.000675
-6.140285 -0.000680
-6.131533 -0.000685
-6.122781 -0.000691
-6.114029 -0.000696
-6.105276 -0.000701
-6.096524 -0.000707
-6.087772 -0.000712
-6.079020 -0.000718
-6.070268 -0.000724
-6.061515 -0.000729
-6.052763 -0.000735
-6.044011 -0.000741
-6.035259 -0.000747
-6.026507 -0.000753
-6.017754 -0.000759
-6.009002 -0.000765
-6.000250 -0.000772
-5.991498 -0.000778
-5.982746 -0.000784
-5.973993 -0.000791
-5.965241 -0.000797
-5.956489 -0.000804
-5.947737 -0.000811
-5.938985 -0.000818
-5.930233 -0.000824
-5.921480 -0.000831
-5.912728 -0.000838
-5.903976 -0.000846
-5.895224 -0.000853
-5.886472 -0.000860
-5.877719 -0.000868
-5.868967 -0.000875
-5.860215 -0.000883
-5.851463 -0.000890
-5.842711 -0.000898
-5.833958 -0.000906
-5.825206 -0.000914
-5.816454 -0.000922
-5.807702 -0.000930
-5.798950 -0.000939
-5.790198 -0.000947
-5.781445 -0.000956
-5.772693 -0.000964
-5.763941 -0.000973
-5.755189 -0.000982
-5.746437 -0.000991
-5.737684 -0.001000
-5.728932 -0.001009
-5.720180 -0.001019
-5.711428 -0.001028
-5.702676 -0.001038
-5.693923 -0.001047
-5.685171 -0.001057
-5.676419 -0.001067
-5.667667 -0.001078
-5.658915 -0.001088
-5.650163 -0.001098
-5.641410 -0.001109
-5.632658 -0.001120
-5.623906 -0.001131
-5.615154 -0.001142
-5.606402 -0.001153
-5.597649 -0.001164
-5.588897 -0.001176
-5.580145 -0.001188
-5.571393 -0.001199
-5.562641 -0.001211
-5.553888 -0.001224
-5.545136 -0.001236
-5.536384 -0.001249
-5.527632 -0.001262
-5.518880 -0.001275
-5.510128 -0.001288
-5.501375 -0.001301
-5.492623 -0.001315
-5.483871 -0.001329
-5.475119 -0.001343
-5.466367 -0.001357
-5.457614 -0.001371
-5.448862 -0.001386
-5.440110 -0.001401
-5.431358 -0.001416
-5.422606 -0.001431
-5.413853 -0.001447
-5.405101 -0.001463
-5.396349 -0.001479
-5.387597 -0.001496
-5.378845 -0.001512
-5.370093 -0.001529
-5.361340 -0.001546
-5.352588 -0.001564
-5.343836 -0.001582
-5.335084 -0.001600
-5.326332 -0.001618
-5.317579 -0.001637
-5.308827 -0.001656
-5.300075 -0.001675
-5.291323 -0.001695
-5.282571 -0.001715
-5.273818 -0.001736
-5.265066 -0.001756
-5.256314 -0.001778
-5.247562 -0.001799
-5.238810 -0.001821
-5.230058 -0.001843
-5.221305 -0.001866
-5.212553 -0.001889
-5.203801 -0.001912
-5.195049 -0.001936
-5.186297 -0.001961
-5.177544 -0.001986
-5.168792 -0.002011
-5.160040 -0.002037
-5.151288 -0.002063
-5.142536 -0.002090
-5.133783 -0.002117
-5.125031 -0.002145
-5.116279 -0.002173
-5.107527 -0.002202
-5.098775 -0.002231
-5.090023 -0.002261
-5.081270 -0.002292
-5.072518 -0.002323
-5.063766 -0.002355
-5.055014 -0.002387
-5.046262 -0.002420
-5.037509 -0.002454
-5.028757 -0.002489
-5.020005 -0.002524
-5.011253 -0.002560
-5.002501 -0.002597
-4.993748 -0.002634
-4.984996 -0.002672
-4.976244 -0.002711
-4.967492 -0.002751
-4.958740 -0.002792
-4.949987 -0.002834
-4.941235 -0.002876
-4.932483 -0.002920
-4.923731 -0.002964
-4.914979 -0.003010
-4.906227 -0.003057
-4.897474 -0.003104
-4.888722 -0.003153
-4.879970 -0.003203
-4.871218 -0.003254
-4.862466 -0.003306
-4.853713 -0.003359
-4.844961 -0.003414
-4.836209 -0.003470
-4.827457 -0.003527
-4.818705 -0.003585
-4.809952 -0.003646
-4.801200 -0.003707
-4.792448 -0.003770
-4.783696 -0.003835
-4.774944 -0.003901
-4.766192 -0.003969
-4.757439 -0.004039
-4.748687 -0.004110
-4.739935 -0.004184
-4.731183 -0.004259
-4.722431 -0.004336
-4.713678 -0.004416
-4.704926 -0.004497
-4.696174 -0.004581
-4.687422 -0.004667
-4.678670 -0.004755
-4.669917 -0.004845
-4.661165 -0.004939
-4.652413 -0.005035
-4.643661 -0.005133
-4.634909 -0.005234
-4.626157 -0.005339
-4.617404 -0.005446
-4.608652 -0.005557
-4.599900 -0.005670
-4.591148 -0.005787
-4.582396 -0.005908
-4.573643 -0.006032
-4.564891 -0.006161
-4.556139 -0.006293
-4.547387 -0.006429
-4.538635 -0.006569
-4.529882 -0.006714
-4.521130 -0.006864
-4.512378 -0.007018
-4.503626 -0.007178
-4.494874 -0.007342
-4.486122 -0.007512
-4.477369 -0.007688
-4.468617 -0.007870
-4.459865 -0.008058
-4.451113 -0.008253
-4.442361 -0.008454
-4.433608 -0.008662
-4.424856 -0.008878
-4.416104 -0.009102
-4.407352 -0.009333
-4.398600 -0.009574
-4.389847 -0.009823
-4.381095 -0.010081
-4.372343 -0.010350
-4.363591 -0.010629
-4.354839 -0.010919
-4.346087 -0.011220
-4.337334 -0.011534
-4.328582 -0.011861
-4.319830 -0.012201
-4.311078 -0.012557
-4.302326 -0.012927
-4.293573 -0.013315
-4.284821 -0.013720
-4.276069 -0.014144
-4.267317 -0.014588
-4.258565 -0.015054
-4.249812 -0.015543
-4.241060 -0.016058
-4.232308 -0.016599
-4.223556 -0.017170
-4.214804 -0.017773
-4.206052 -0.018409
-4.197299 -0.019081
-4.188547 -0.019793
-4.179795 -0.020547
-4.171043 -0.021346
-4.162291 -0.022194
-4.153538 -0.023093
-4.144786 -0.024047
-4.136034 -0.025060
-4.127282 -0.026136
-4.118530 -0.027276
-4.109777 -0.028485
-4.101025 -0.029765
-4.092273 -0.031120
-4.083521 -0.032551
-4.074769 -0.034061
-4.066017 -0.035650
-4.057264 -0.037321
-4.048512 -0.039072
-4.039760 -0.040902
-4.031008 -0.042811
-4.022256 -0.044795
-4.013503 -0.046852
-4.004751 -0.048975
-3.995999 -0.051159
-3.987247 -0.053398
-3.978495 -0.055682
-3.969742 -0.058003
-3.960990 -0.060351
-3.952238 -0.062713
-3.943486 -0.065078
-3.934734 -0.067433
-3.925981 -0.069764
-3.917229 -0.072057
-3.908477 -0.074297
-3.899725 -0.076469
-3.890973 -0.078559
-3.882221 -0.080552
-3.873468 -0.082433
-3.864716 -0.084190
-3.855964 -0.085809
-3.847212 -0.087278
-3.838460 -0.088587
-3.829707 -0.089726
-3.820955 -0.090688
-3.812203 -0.091465
-3.803451 -0.092052
-3.794699 -0.092447
-3.785946 -0.092648
-3.777194 -0.092654
-3.768442 -0.092467
-3.759690 -0.092091
-3.750938 -0.091530
-3.742186 -0.090791
-3.733433 -0.089882
-3.724681 -0.088810
-3.715929 -0.087586
-3.707177 -0.086220
-3.698425 -0.084725
-3.689672 -0.083111
-3.680920 -0.081392
-3.672168 -0.079579
-3.663416 -0.077687
-3.654664 -0.075726
-3.645911 -0.073710
-3.637159 -0.071651
-3.628407 -0.069561
-3.619655 -0.067449
-3.610903 -0.065328
-3.602151 -0.063207
-3.593398 -0.061094
-3.584646 -0.058999
-3.575894 -0.056928
-3.567142 -0.054889
-3.558390 -0.052886
-3.549637 -0.050926
-3.540885 -0.049012
-3.532133 -0.047149
-3.523381 -0.045338
-3.514629 -0.043583
-3.505876 -0.041885
-3.497124 -0.040245
-3.488372 -0.038663
-3.479620 -0.037141
-3.470868 -0.035677
-3.462116 -0.034271
-3.453363 -0.032923
-3.444611 -0.031631
-3.435859 -0.030393
-3.427107 -0.029209
-3.418355 -0.028077
-3.409602 -0.026995
-3.400850 -0.025961
-3.392098 -0.024974
-3.383346 -0.024031
-3.374594 -0.023131
-3.365841 -0.022271
-3.357089 -0.021451
-3.348337 -0.020667
-3.339585 -0.019919
-3.330833 -0.019205
-3.322081 -0.018523
-3.313328 -0.017871
-3.304576 -0.017248
-3.295824 -0.016652
-3.287072 -0.016082
-3.278320 -0.015537
-3.269567 -0.015016
-3.260815 -0.014516
-3.252063 -0.014038
-3.243311 -0.013579
-3.234559 -0.013139
-3.225806 -0.012717
-3.217054 -0.012312
-3.208302 -0.011923
-3.199550 -0.011549
-3.190798 -0.011190
-3.182046 -0.010844
-3.173293 -0.010512
-3.164541 -0.010191
-3.155789 -0.009882
-3.147037 -0.009585
-3.138285 -0.009298
-3.129532 -0.009021
-3.120780 -0.008753
-3.112028 -0.008495
-3.103276 -0.008245
-3.094524 -0.008003
-3.085771 -0.007769
-3.077019 -0.007542
-3.068267 -0.007322
-3.059515 -0.007109
-3.050763 -0.006902
-3.042011 -0.006702
-3.033258 -0.006507
-3.024506 -0.006317
-3.015754 -0.006133
-3.007002 -0.005954
-2.998250 -0.005779
-2.989497 -0.005609
-2.980745 -0.005442
-2.971993 -0.005280
-2.963241 -0.005122
-2.954489 -0.004968
-2.945736 -0.004816
-2.936984 -0.004668
-2.928232 -0.004524
-2.919480 -0.004382
-2.910728 -0.004242
-2.901975 -0.004106
-2.893223 -0.003971
-2.884471 -0.003840
-2.875719 -0.003710
-2.866967 -0.003582
-2.858215 -0.003456
-2.849462 -0.003332
-2.840710 -0.003210
-2.831958 -0.003089
-2.823206 -0.002969
-2.814454 -0.002850
-2.805701 -0.002733
-2.796949 -0.002617
-2.788197 -0.002502
-2.779445 -0.002387
-2.770693 -0.002273
-2.761940 -0.002160
-2.753188 -0.002047
-2.744436 -0.001934
-2.735684 -0.001821
-2.726932 -0.001709
-2.718180 -0.001596
-2.709427 -0.001483
-2.700675 -0.001370
-2.691923 -0.001257
-2.683171 -0.001142
-2.674419 -0.001027
-2.665666 -0.000911
-2.656914 -0.000793
-2.648162 -0.000674
-2.639410 -0.000554
-2.630658 -0.000431
-2.621905 -0.000307
-2.613153 -0.000180
-2.604401 -0.000050
-2.595649 0.000082
-2.586897 0.000218
-2.578145 0.000358
-2.569392 0.000502
-2.560640 0.000650
-2.551888 0.000803
-2.543136 0.000962
-2.534384 0.001127
-2.525631 0.001298
-2.516879 0.001476
-2.508127 0.001662
-2.499375 0.001857
-2.490623 0.002060
-2.481870 0.002272
-2.473118 0.002495
-2.464366 0.002729
-2.455614 0.002974
-2.446862 0.003231
-2.438110 0.003500
-2.429357 0.003783
-2.420605 0.004079
-2.411853 0.004390
-2.403101 0.004715
-2.394349 0.005054
-2.385596 0.005409
-2.376844 0.005779
-2.368092 0.006163
-2.359340 0.006562
-2.350588 0.006976
-2.341835 0.007404
-2.333083 0.007844
-2.324331 0.008298
-2.315579 0.008763
-2.306827 0.009239
-2.298075 0.009723
-2.289322 0.010216
-2.280570 0.010715
-2.271818 0.011219
-2.263066 0.011726
-2.254314 0.012233
-2.245561 0.012740
-2.236809 0.013244
-2.228057 0.013743
-2.219305 0.014235
-2.210553 0.014718
-2.201800 0.015190
-2.193048 0.015650
-2.184296 0.016095
-2.175544 0.016524
-2.166792 0.016936
-2.158040 0.017328
-2.149287 0.017700
-2.140535 0.018051
-2.131783 0.018380
-2.123031 0.018686
-2.114279 0.018968
-2.105526 0.019227
-2.096774 0.019462
-2.088022 0.019673
-2.079270 0.019860
-2.070518 0.020023
-2.061765 0.020163
-2.053013 0.020279
-2.044261 0.020373
-2.035509 0.020445
-2.026757 0.020494
-2.018005 0.020522
-2.009252 0.020530
-2.000500 0.020516
-1.991748 0.020482
-1.982996 0.020429
-1.974244 0.020355
-1.965491 0.020263
-1.956739 0.020152
-1.947987 0.020021
-1.939235 0.019872
-1.930483 0.019705
-1.921730 0.019520
-1.912978 0.019317
-1.904226 0.019096
-1.895474 0.018858
-1.886722 0.018604
-1.877969 0.018333
-1.869217 0.018046
-1.860465 0.017744
-1.851713 0.017427
-1.842961 0.017097
-1.834209 0.016753
-1.825456 0.016398
-1.816704 0.016032
-1.807952 0.015656
-1.799200 0.015271
-1.790448 0.014878
-1.781695 0.014480
-1.772943 0.014075
-1.764191 0.013667
-1.755439 0.013257
-1.746687 0.012845
-1.737934 0.012432
-1.729182 0.012020
-1.720430 0.011611
-1.711678 0.011204
-1.702926 0.010801
-1.694174 0.010403
-1.685421 0.010011
-1.676669 0.009626
-1.667917 0.009248
-1.659165 0.008877
-1.650413 0.008515
-1.641660 0.008162
-1.632908 0.007819
-1.624156 0.007484
-1.615404 0.007160
-1.606652 0.006845
-1.597899 0.006541
-1.589147 0.006247
-1.580395 0.005963
-1.571643 0.005690
-1.562891 0.005426
-1.554139 0.005173
-1.545386 0.004930
-1.536634 0.004696
-1.527882 0.004473
-1.519130 0.004259
-1.510378 0.004054
-1.501625 0.003858
-1.492873 0.003671
-1.484121 0.003493
-1.475369 0.003324
-1.466617 0.003162
-1.457864 0.003009
-1.449112 0.002863
-1.440360 0.002725
-1.431608 0.002594
-1.422856 0.002470
-1.414104 0.002352
-1.405351 0.002241
-1.396599 0.002136
-1.387847 0.002036
-1.379095 0.001942
-1.370343 0.001854
-1.361590 0.001770
-1.352838 0.001691
-1.344086 0.001616
-1.335334 0.001546
-1.326582 0.001479
-1.317829 0.001415
-1.309077 0.001355
-1.300325 0.001298
-1.291573 0.001244
-1.282821 0.001192
-1.274069 0.001143
-1.265316 0.001096
-1.256564 0.001050
-1.247812 0.001007
-1.239060 0.000964
-1.230308 0.000924
-1.221555 0.000884
-1.212803 0.000845
-1.204051 0.000808
-1.195299 0.000771
-1.186547 0.000734
-1.177794 0.000699
-1.169042 0.000663
-1.160290 0.000628
-1.151538 0.000594
-1.142786 0.000560
-1.134034 0.000525
-1.125281 0.000491
-1.116529 0.000457
-1.107777 0.000423
-1.099025 0.000389
-1.090273 0.000355
-1.081520 0.000321
-1.072768 0.000287
-1.064016 0.000252
-1.055264 0.000217
-1.046512 0.000182
-1.037759 0.000146
-1.029007 0.000110
-1.020255 0.000074
-1.011503 0.000037
-1.002751 -0.000000
-0.993998 -0.000038
-0.985246 -0.000077
-0.976494 -0.000116
-0.967742 -0.000156
-0.958990 -0.000197
-0.950238 -0.000239
-0.941485 -0.000281
-0.932733 -0.000325
-0.923981 -0.000370
-0.915229 -0.000416
-0.906477 -0.000463
-0.897724 -0.000512
-0.888972 -0.000562
-0.880220 -0.000613
-0.871468 -0.000666
-0.862716 -0.000721
-0.853963 -0.000776
-0.845211 -0.000834
-0.836459 -0.000893
-0.827707 -0.000954
-0.818955 -0.001016
-0.810203 -0.001080
-0.801450 -0.001146
-0.792698 -0.001213
-0.783946 -0.001282
-0.775194 -0.001352
-0.766442 -0.001424
-0.757689 -0.001496
-0.748937 -0.001570
-0.740185 -0.001644
-0.731433 -0.001719
-0.722681 -0.001794
-0.713928 -0.001869
-0.705176 -0.001945
-0.696424 -0.002019
-0.687672 -0.002093
-0.678920 -0.002166
-0.670168 -0.002237
-0.661415 -0.002306
-0.652663 -0.002373
-0.643911 -0.002437
-0.635159 -0.002498
-0.626407 -0.002556
-0.617654 -0.002610
-0.608902 -0.002660
-0.600150 -0.002706
-0.591398 -0.002747
-0.582646 -0.002782
-0.573893 -0.002813
-0.565141 -0.002838
-0.556389 -0.002858
-0.547637 -0.002872
-0.538885 -0.002881
-0.530133 -0.002883
-0.521380 -0.002881
-0.512628 -0.002872
-0.503876 -0.002859
-0.495124 -0.002840
-0.486372 -0.002816
-0.477619 -0.002788
-0.468867 -0.002756
-0.460115 -0.002719
-0.451363 -0.002679
-0.442611 -0.002635
-0.433858 -0.002589
-0.425106 -0.002540
-0.416354 -0.002488
-0.407602 -0.002435
-0.398850 -0.002381
-0.390098 -0.002326
-0.381345 -0.002270
-0.372593 -0.002214
-0.363841 -0.002158
-0.355089 -0.002102
-0.346337 -0.002046
-0.337584 -0.001992
-0.328832 -0.001938
-0.320080 -0.001885
-0.311328 -0.001834
-0.302576 -0.001784
-0.293823 -0.001736
-0.285071 -0.001689
-0.276319 -0.001643
-0.267567 -0.001600
-0.258815 -0.001557
-0.250063 -0.001517
-0.241310 -0.001478
-0.232558 -0.001440
-0.223806 -0.001404
-0.215054 -0.001369
-0.206302 -0.001335
-0.197549 -0.001303
-0.188797 -0.001271
-0.180045 -0.001241
-0.171293 -0.001211
-0.162541 -0.001183
-0.153788 -0.001155
-0.145036 -0.001127
-0.136284 -0.001101
-0.127532 -0.001075
-0.118780 -0.001049
-0.110028 -0.001024
-0.101275 -0.000999
-0.092523 -0.000975
-0.083771 -0.000951
-0.075019 -0.000927
-0.066267 -0.000904
-0.057514 -0.000881
-0.048762 -0.000858
-0.040010 -0.000836
-0.031258 -0.000813
-0.022506 -0.000792
-0.013753 -0.000770
-0.005001 -0.000749
0.003751 -0.000728
0.012503 -0.000708
0.021255 -0.000688
0.030008 -0.000669
0.038760 -0.000650
0.047512 -0.000631
0.056264 -0.000613
0.065016 -0.000595
0.073768 -0.000578
0.082521 -0.000562
0.091273 -0.000546
0.100025 -0.000530
0.108777 -0.000515
0.117529 -0.000500
0.126282 -0.000486
0.135034 -0.000473
0.143786 -0.000460
0.152538 -0.000447
0.161290 -0.000435
0.170043 -0.000423
0.178795 -0.000412
0.187547 -0.000402
0.196299 -0.000391
0.205051 -0.000381
0.213803 -0.000372
0.222556 -0.000363
0.231308 -0.000354
0.240060 -0.000345
0.248812 -0.000337
0.257564 -0.000330
0.266317 -0.000322
0.275069 -0.000315
0.283821 -0.000308
0.292573 -0.000301
0.301325 -0.000295
0.310078 -0.000289
0.318830 -0.000283
0.327582 -0.000277
0.336334 -0.000272
0.345086 -0.000267
0.353838 -0.000262
0.362591 -0.000257
0.371343 -0.000252
0.380095 -0.000247
0.388847 -0.000243
0.397599 -0.000239
0.406352 -0.000235
0.415104 -0.000231
0.423856 -0.000227
0.432608 -0.000223
0.441360 -0.000220
0.450113 -0.000216
0.458865 -0.000213
0.467617 -0.000210
0.476369 -0.000207
0.485121 -0.000203
0.493873 -0.000200
0.502626 -0.000198
0.511378 -0.000195
0.520130 -0.000192
0.528882 -0.000190
0.537634 -0.000187
0.546387 -0.000185
0.555139 -0.000182
0.563891 -0.000180
0.572643 -0.000177
0.581395 -0.000175
0.590148 -0.000173
0.598900 -0.000171
0.607652 -0.000169
0.616404 -0.000167
0.625156 -0.000165
0.633908 -0.000163
0.642661 -0.000161
0.651413 -0.000159
0.660165 -0.000158
0.668917 -0.000156
0.677669 -0.000154
0.686422 -0.000153
0.695174 -0.000151
0.703926 -0.000150
0.712678 -0.000148
0.721430 -0.000147
0.730183 -0.000145
0.738935 -0.000144
0.747687 -0.000142
0.756439 -0.000141
0.765191 -0.000140
0.773943 -0.000138
0.782696 -0.000137
0.791448 -0.000136
0.800200 -0.000134
0.808952 -0.000133
0.817704 -0.000132
0.826457 -0.000131
0.835209 -0.000130
0.843961 -0.000129
0.852713 -0.000128
0.861465 -0.000127
0.870218 -0.000125
0.878970 -0.000124
0.887722 -0.000123
0.896474 -0.000122
0.905226 -0.000121
0.913978 -0.000121
0.922731 -0.000120
0.931483 -0.000119
0.940235 -0.000118
0.948987 -0.000117
0.957739 -0.000116
0.966492 -0.000115
0.975244 -0.000114
0.983996 -0.000113
0.992748 -0.000113
1.001500 -0.000112
1.010253 -0.000111
1.019005 -0.000110
1.027757 -0.000109
1.036509 -0.000109
1.045261 -0.000108
1.054014 -0.000107
1.062766 -0.000106
1.071518 -0.000106
1.080270 -0.000105
1.089022 -0.000104
1.097774 -0.000104
1.106527 -0.000103
1.115279 -0.000102
1.124031 -0.000102
1.132783 -0.000101
1.141535 -0.000100
1.150288 -0.000100
1.159040 -0.000099
1.167792 -0.000098
1.176544 -0.000098
1.185296 -0.000097
1.194049 -0.000097
1.202801 -0.000096
1.211553 -0.000095
1.220305 -0.000095
1.229057 -0.000094
1.237809 -0.000094
1.246562 -0.000093
1.255314 -0.000093
1.264066 -0.000092
1.272818 -0.000092
1.281570 -0.000091
1.290323 -0.000090
1.299075 -0.000090
1.307827 -0.000089
1.316579 -0.000089
1.325331 -0.000088
1.334084 -0.000088
1.342836 -0.000087
1.351588 -0.000087
1.360340 -0.000086
1.369092 -0.000086
1.377844 -0.000085
1.386597 -0.000085
1.395349 -0.000085
1.404101 -0.000084
1.412853 -0.000084
1.421605 -0.000083
1.430358 -0.000083
1.439110 -0.000082
1.447862 -0.000082
1.456614 -0.000081
1.465366 -0.000081
1.474119 -0.000081
1.482871 -0.000080
1.491623 -0.000080
1.500375 -0.000079
1.509127 -0.000079
1.517879 -0.000079
1.526632 -0.000078
1.535384 -0.000078
1.544136 -0.000077
1.552888 -0.000077
1.561640 -0.000077
1.570393 -0.000076
1.579145 -0.000076
1.587897 -0.000075
1.596649 -0.000075
1.605401 -0.000075
1.614154 -0.000074
1.622906 -0.000074
1.631658 -0.000074
1.640410 -0.000073
1.649162 -0.000073
1.657914 -0.000072
1.666667 -0.000072
1.675419 -0.000072
1.684171 -0.000071
1.692923 -0.000071
1.701675 -0.000071
1.710428 -0.000070
1.719180 -0.000070
1.727932 -0.000070
1.736684 -0.000069
1.745436 -0.000069
1.754189 -0.000069
1.762941 -0.000068
1.771693 -0.000068
1.780445 -0.000068
1.789197 -0.000068
1.797949 -0.000067
1.806702 -0.000067
1.815454 -0.000067
1.824206 -0.000066
1.832958 -0.000066
1.841710 -0.000066
1.850463 -0.000065
1.859215 -0.000065
1.867967 -0.000065
1.876719 -0.000065
1.885471 -0.000064
1.894224 -0.000064
1.902976 -0.000064
1.911728 -0.000063
1.920480 -0.000063
1.929232 -0.000063
1.937984 -0.000063
1.946737 -0.000062
1.955489 -0.000062
1.964241 -0.000062
1.972993 -0.000062
1.981745 -0.000061
1.990498 -0.000061
1.999250 -0.000061
2.008002 -0.000061
2.016754 -0.000060
2.025506 -0.000060
2.034259 -0.000060
2.043011 -0.000060
2.051763 -0.000060
2.060515 -0.000059
2.069267 -0.000059
2.078020 -0.000059
2.086772 -0.000059
2.095524 -0.000059
2.104276 -0.000058
2.113028 -0.000058
2.121780 -0.000058
2.130533 -0.000058
2.139285 -0.000058
2.148037 -0.000058
2.156789 -0.000057
2.165541 -0.000057
2.174294 -0.000057
2.183046 -0.000057
2.191798 -0.000057
2.200550 -0.000057
2.209302 -0.000057
2.218055 -0.000057
2.226807 -0.000057
2.235559 -0.000056
2.244311 -0.000056
2.253063 -0.000056
2.261815 -0.000056
2.270568 -0.000056
2.279320 -0.000056
2.288072 -0.000056
2.296824 -0.000056
2.305576 -0.000056
2.314329 -0.000056
2.323081 -0.000056
2.331833 -0.000057
2.340585 -0.000057
2.349337 -0.000057
2.358090 -0.000057
2.366842 -0.000057
2.375594 -0.000057
2.384346 -0.000057
2.393098 -0.000058
2.401850 -0.000058
2.410603 -0.000058
2.419355 -0.000059
2.428107 -0.000059
2.436859 -0.000059
2.445611 -0.000060
2.454364 -0.000060
2.463116 -0.000061
2.471868 -0.000061
2.480620 -0.000062
2.489372 -0.000063
2.498125 -0.000063
2.506877 -0.000064
2.515629 -0.000065
2.524381 -0.000066
2.533133 -0.000066
2.541885 -0.000067
2.550638 -0.000068
2.559390 -0.000069
2.568142 -0.000071
2.576894 -0.000072
2.585646 -0.000073
2.594399 -0.000074
2.603151 -0.000076
2.611903 -0.000077
2.620655 -0.000079
2.629407 -0.000080
2.638160 -0.000082
2.646912 -0.000083
2.655664 -0.000085
2.664416 -0.000087
2.673168 -0.000088
2.681920 -0.000090
2.690673 -0.000092
2.699425 -0.000094
2.708177 -0.000096
2.716929 -0.000098
2.725681 -0.000100
2.734434 -0.000102
2.743186 -0.000105
2.751938 -0.000107
2.760690 -0.000109
2.769442 -0.000111
2.778195 -0.000114
2.786947 -0.000116
2.795699 -0.000118
2.804451 -0.000121
2.813203 -0.000123
2.821955 -0.000126
2.830708 -0.000128
2.839460 -0.000131
2.848212 -0.000134
2.856964 -0.000137
2.865716 -0.000139
2.874469 -0.000142
2.883221 -0.000145
2.891973 -0.000148
2.900725 -0.000151
2.909477 -0.000154
2.918230 -0.000157
2.926982 -0.000160
2.935734 -0.000162
2.944486 -0.000165
2.953238 -0.000168
2.961990 -0.000170
2.970743 -0.000173
2.979495 -0.000175
2.988247 -0.000176
2.996999 -0.000178
3.005751 -0.000178
3.014504 -0.000179
3.023256 -0.000178
3.032008 -0.000177
3.040760 -0.000176
3.049512 -0.000173
3.058265 -0.000170
3.067017 -0.000165
3.075769 -0.000159
3.084521 -0.000152
3.093273 -0.000144
3.102026 -0.000135
3.110778 -0.000124
3.119530 -0.000111
3.128282 -0.000097
3.137034 -0.000082
3.145786 -0.000064
3.154539 -0.000045
3.163291 -0.000025
3.172043 -0.000003
3.180795 0.000021
3.189547 0.000046
3.198300 0.000073
3.207052 0.000101
3.215804 0.000130
3.224556 0.000160
3.233308 0.000192
3.242061 0.000224
3.250813 0.000257
3.259565 0.000290
3.268317 0.000324
3.277069 0.000357
3.285821 0.000391
3.294574 0.000424
3.303326 0.000456
3.312078 0.000488
3.320830 0.000518
3.329582 0.000548
3.338335 0.000576
3.347087 0.000602
3.355839 0.000627
3.364591 0.000649
3.373343 0.000670
3.382096 0.000688
3.390848 0.000704
3.399600 0.000718
3.408352 0.000730
3.417104 0.000739
3.425856 0.000745
3.434609 0.000749
3.443361 0.000751
3.452113 0.000751
3.460865 0.000748
3.469617 0.000744
3.478370 0.000737
3.487122 0.000729
3.495874 0.000719
3.504626 0.000707
3.513378 0.000694
3.522131 0.000679
3.530883 0.000664
3.539635 0.000647
3.548387 0.000630
3.557139 0.000612
3.565891 0.000594
3.574644 0.000575
3.583396 0.000556
3.592148 0.000537
3.600900 0.000518
3.609652 0.000499
3.618405 0.000480
3.627157 0.000461
3.635909 0.000443
3.644661 0.000425
3.653413 0.000407
3.662166 0.000390
3.670918 0.000373
3.679670 0.000357
3.688422 0.000342
3.697174 0.000327
3.705926 0.000312
3.714679 0.000298
3.723431 0.000285
3.732183 0.000272
3.740935 0.000260
3.749687 0.000248
3.758440 0.000237
3.767192 0.000227
3.775944 0.000217
3.784696 0.000207
3.793448 0.000198
3.802201 0.000189
3.810953 0.000181
3.819705 0.000173
3.828457 0.000165
3.837209 0.000158
3.845961 0.000151
3.854714 0.000145
3.863466 0.000138
3.872218 0.000133
3.880970 0.000127
3.889722 0.000122
3.898475 0.000117
3.907227 0.000112
3.915979 0.000107
3.924731 0.000103
3.933483 0.000099
3.942236 0.000095
3.950988 0.000091
3.959740 0.000087
3.968492 0.000084
3.977244 0.000080
3.985996 0.000077
3.994749 0.000074
4.003501 0.000071
4.012253 0.000069
4.021005 0.000066
4.029757 0.000063
4.038510 0.000061
4.047262 0.000059
4.056014 0.000057
4.064766 0.000054
4.073518 0.000052
4.082271 0.000050
4.091023 0.000049
4.099775 0.000047
4.108527 0.000045
4.117279 0.000043
4.126032 0.000042
4.134784 0.000040
4.143536 0.000039
4.152288 0.000037
4.161040 0.000036
4.169792 0.000035
4.178545 0.000033
4.187297 0.000032
4.196049 0.000031
4.204801 0.000030
4.213553 0.000029
4.222306 0.000028
4.231058 0.000027
4.239810 0.000026
4.248562 0.000025
4.257314 0.000024
4.266067 0.000023
4.274819 0.000022
4.283571 0.000021
4.292323 0.000021
4.301075 0.000020
4.309827 0.000019
4.318580 0.000019
4.327332 0.000018
4.336084 0.000017
4.344836 0.000017
4.353588 0.000016
4.362341 0.000015
4.371093 0.000015
4.379845 0.000014
4.388597 0.000014
4.397349 0.000013
4.406102 0.000013
4.414854 0.000012
4.423606 0.000012
4.432358 0.000011
4.441110 0.000011
4.449862 0.000011
4.458615 0.000010
4.467367 0.000010
4.476119 0.000009
4.484871 0.000009
4.493623 0.000009
4.502376 0.000008
4.511128 0.000008
4.519880 0.000008
4.528632 0.000007
4.537384 0.000007
4.546137 0.000007
4.554889 0.000006
4.563641 0.000006
4.572393 0.000006
4.581145 0.000006
4.589897 0.000005
4.598650 0.000005
4.607402 0.000005
4.616154 0.000005
4.624906 0.000005
4.633658 0.000004
4.642411 0.000004
4.651163 0.000004
4.659915 0.000004
4.668667 0.000004
4.677419 0.000003
4.686172 0.000003
4.694924 0.000003
4.703676 0.000003
4.712428 0.000003
4.721180 0.000003
4.729932 0.000003
4.738685 0.000002
4.747437 0.000002
4.756189 0.000002
4.764941 0.000002
4.773693 0.000002
4.782446 0.000002
4.791198 0.000002
4.799950 0.000002
4.808702 0.000002
4.817454 0.000001
4.826207 0.000001
4.834959 0.000001
4.843711 0.000001
4.852463 0.000001
4.861215 0.000001
4.869967 0.000001
4.878720 0.000001
4.887472 0.000001
4.896224 0.000001
4.904976 0.000001
4.913728 0.000001
4.922481 0.000001
4.931233 0.000001
4.939985 0.000001
4.948737 0.000001
4.957489 0.000001
4.966242 0.000000
4.974994 0.000000
4.983746 0.000000
4.992498 0.000000
5.001250 0.000000
5.010003 0.000000
5.018755 0.000000
5.027507 0.000000
5.036259 0.000000
5.045011 0.000000
5.053763 0.000000
5.062516 0.000000
5.071268 0.000000
5.080020 0.000000
5.088772 0.000000
5.097524 0.000000
5.106277 0.000000
5.115029 0.000000
5.123781 0.000000
5.132533 0.000000
5.141285 0.000000
5.150038 0.000000
5.158790 0.000000
5.167542 0.000000
5.176294 0.000000
5.185046 0.000000
5.193798 0.000000
5.202551 0.000000
5.211303 0.000000
5.220055 0.000000
5.228807 0.000000
5.237559 0.000000
5.246312 0.000000
5.255064 0.000001
5.263816 0.000001
5.272568 0.000001
5.281320 0.000001
5.290073 0.000001
5.298825 0.000001
5.307577 0.000001
5.316329 0.000001
5.325081 0.000001
5.333833 0.000001
5.342586 0.000001
5.351338 0.000001
5.360090 0.000001
5.368842 0.000001
5.377594 0.000001
5.386347 0.000001
5.395099 0.000001
5.403851 0.000001
5.412603 0.000001
5.421355 0.000001
5.430108 0.000001
5.438860 0.000001
5.447612 0.000001
5.456364 0.000001
5.465116 0.000002
5.473868 0.000002
5.482621 0.000002
5.491373 0.000002
5.500125 0.000002
5.508877 0.000002
5.517629 0.000002
5.526382 0.000002
5.535134 0.000002
5.543886 0.000002
5.552638 0.000002
5.561390 0.000002
5.570143 0.000002
5.578895 0.000002
5.587647 0.000002
5.596399 0.000002
5.605151 0.000002
5.613903 0.000003
5.622656 0.000003
5.631408 0.000003
5.640160 0.000003
5.648912 0.000003
5.657664 0.000003
5.666417 0.000003
5.675169 0.000003
5.683921 0.000003
5.692673 0.000003
5.701425 0.000003
5.710178 0.000003
5.718930 0.000003
5.727682 0.000003
5.736434 0.000004
5.745186 0.000004
5.753938 0.000004
5.762691 0.000004
5.771443 0.000004
5.780195 0.000004
5.788947 0.000004
5.797699 0.000004
5.806452 0.000004
5.815204 0.000004
5.823956 0.000004
5.832708 0.000004
5.841460 0.000004
5.850213 0.000005
5.858965 0.000005
5.867717 0.000005
5.876469 0.000005
5.885221 0.000005
5.893973 0.000005
5.902726 0.000005
5.911478 0.000005
5.920230 0.000005
5.928982 0.000005
5.937734 0.000005
5.946487 0.000005
5.955239 0.000006
5.963991 0.000006
5.972743 0.000006
5.981495 0.000006
5.990248 0.000006
5.999000 0.000006
6.007752 0.000006
6.016504 0.000006
6.025256 0.000006
6.034009 0.000006
6.042761 0.000006
6.051513 0.000006
6.060265 0.000007
6.069017 0.000007
6.077769 0.000007
6.086522 0.000007
6.095274 0.000007
6.104026 0.000007
6.112778 0.000007
6.121530 0.000007
6.130283 0.000007
6.139035 0.000007
6.147787 0.000008
6.156539 0.000008
6.165291 0.000008
6.174044 0.000008
6.182796 0.000008
6.191548 0.000008
6.200300 0.000008
6.209052 0.000008
6.217804 0.000008
6.226557 0.000008
6.235309 0.000008
6.244061 0.000009
6.252813 0.000009
6.261565 0.000009
6.270318 0.000009
6.279070 0.000009
6.287822 0.000009
6.296574 0.000009
6.305326 0.000009
6.314079 0.000009
6.322831 0.000009
6.331583 0.000010
6.340335 0.000010
6.349087 0.000010
6.357839 0.000010
6.366592 0.000010
6.375344 0.000010
6.384096 0.000010
6.392848 0.000010
6.401600 0.000010
6.410353 0.000011
6.419105 0.000011
6.427857 0.000011
6.436609 0.000011
6.445361 0.000011
6.454114 0.000011
6.462866 0.000011
6.471618 0.000011
6.480370 0.000011
6.489122 0.000011
6.497874 0.000012
6.506627 0.000012
6.515379 0.000012
6.524131 0.000012
6.532883 0.000012
6.541635 0.000012
6.550388 0.000012
6.559140 0.000012
6.567892 0.000012
6.576644 0.000013
6.585396 0.000013
6.594149 0.000013
6.602901 0.000013
6.611653 0.000013
6.620405 0.000013
6.629157 0.000013
6.637909 0.000013
6.646662 0.000013
6.655414 0.000014
6.664166 0.000014
6.672918 0.000014
6.681670 0.000014
6.690423 0.000014
6.699175 0.000014
6.707927 0.000014
6.716679 0.000014
6.725431 0.000015
6.734184 0.000015
6.742936 0.000015
6.751688 0.000015
6.760440 0.000015
6.769192 0.000015
6.777944 0.000015
6.786697 0.000015
6.795449 0.000015
6.804201 0.000016
6.812953 0.000016
6.821705 0.000016
6.830458 0.000016
6.839210 0.000016
6.847962 0.000016
6.856714 0.000016
6.865466 0.000016
6.874219 0.000017
6.882971 0.000017
6.891723 0.000017
6.900475 0.000017
6.909227 0.000017
6.917979 0.000017
6.926732 0.000017
6.935484 0.000017
6.944236 0.000018
6.952988 0.000018
6.961740 0.000018
6.970493 0.000018
6.979245 0.000018
6.987997 0.000018
6.996749 0.000018
7.005501 0.000018
7.014254 0.000019
7.023006 0.000019
7.031758 0.000019
7.040510 0.000019
7.049262 0.000019
7.058015 0.000019
7.066767 0.000019
7.075519 0.000020
7.084271 0.000020
7.093023 0.000020
7.101775 0.000020
7.110528 0.000020
7.119280 0.000020
7.128032 0.000020
7.136784 0.000020
7.145536 0.000021
7.154289 0.000021
7.163041 0.000021
7.171793 0.000021
7.180545 0.000021
7.189297 0.000021
7.198050 0.000021
7.206802 0.000022
7.215554 0.000022
7.224306 0.000022
7.233058 0.000022
7.241810 0.000022
7.250563 0.000022
7.259315 0.000022
7.268067 0.000023
7.276819 0.000023
7.285571 0.000023
7.294324 0.000023
7.303076 0.000023
7.311828 0.000023
7.320580 0.000023
7.329332 0.000024
7.338085 0.000024
7.346837 0.000024
7.355589 0.000024
7.364341 0.000024
7.373093 0.000024
7.381845 0.000024
7.390598 0.000025
7.399350 0.000025
7.408102 0.000025
7.416854 0.000025
7.425606 0.000025
7.434359 0.000025
7.443111 0.000025
7.451863 0.000026
7.460615 0.000026
7.469367 0.000026
7.478120 0.000026
7.486872 0.000026
7.495624 0.000026
7.504376 0.000026
7.513128 0.000027
7.521880 0.000027
7.530633 0.000027
7.539385 0.000027
7.548137 0.000027
7.556889 0.000027
7.565641 0.000028
7.574394 0.000028
7.583146 0.000028
7.591898 0.000028
7.600650 0.000028
7.609402 0.000028
7.618155 0.000029
7.626907 0.000029
7.635659 0.000029
7.644411 0.000029
7.653163 0.000029
7.661915 0.000029
7.670668 0.000029
7.679420 0.000030
7.688172 0.000030
7.696924 0.000030
7.705676 0.000030
7.714429 0.000030
7.723181 0.000030
7.731933 0.000031
7.740685 0.000031
7.749437 0.000031
7.758190 0.000031
7.766942 0.000031
7.775694 0.000031
7.784446 0.000032
7.793198 0.000032
7.801950 0.000032
7.810703 0.000032
7.819455 0.000032
7.828207 0.000033
7.836959 0.000033
7.845711 0.000033
7.854464 0.000033
7.863216 0.000033
7.871968 0.000033
7.880720 0.000034
7.889472 0.000034
7.898225 0.000034
7.906977 0.000034
7.915729 0.000034
7.924481 0.000034
7.933233 0.000035
7.941985 0.000035
7.950738 0.000035
7.959490 0.000035
7.968242 0.000035
7.976994 0.000036
7.985746 0.000036
7.994499 0.000036
8.003251 0.000036
8.012003 0.000036
8.020755 0.000036
8.029507 0.000037
8.038260 0.000037
8.047012 0.000037
8.055764 0.000037
8.064516 0.000037
8.073268 0.000038
8.082021 0.000038
8.090773 0.000038
8.099525 0.000038
8.108277 0.000038
8.117029 0.000039
8.125781 0.000039
8.134534 0.000039
8.143286 0.000039
8.152038 0.000039
8.160790 0.000040
8.169542 0.000040
8.178295 0.000040
8.187047 0.000040
8.195799 0.000040
8.204551 0.000041
8.213303 0.000041
8.222056 0.000041
8.230808 0.000041
8.239560 0.000041
8.248312 0.000042
8.257064 0.000042
8.265816 0.000042
8.274569 0.000042
8.283321 0.000042
8.292073 0.000043
8.300825 0.000043
8.309577 0.000043
8.318330 0.000043
8.327082 0.000043
8.335834 0.000044
8.344586 0.000044
8.353338 0.000044
8.362091 0.000044
8.370843 0.000045
8.379595 0.000045
8.388347 0.000045
8.397099 0.000045
8.405851 0.000045
8.414604 0.000046
8.423356 0.000046
8.432108 0.000046
8.440860 0.000046
8.449612 0.000047
8.458365 0.000047
8.467117 0.000047
8.475869 0.000047
8.484621 0.000047
8.493373 0.000048
8.502126 0.000048
8.510878 0.000048
8.519630 0.000048
8.528382 0.000049
8.537134 0.000049
8.545886 0.000049
8.554639 0.000049
8.563391 0.000050
8.572143 0.000050
8.580895 0.000050
8.589647 0.000050
8.598400 0.000051
8.607152 0.000051
8.615904 0.000051
8.624656 0.000051
8.633408 0.000051
8.642161 0.000052
8.650913 0.000052
8.659665 0.000052
8.668417 0.000052
8.677169 0.000053
8.685921 0.000053
8.694674 0.000053
8.703426 0.000054
8.712178 0.000054
8.720930 0.000054
8.729682 0.000054
8.738435 0.000055
8.747187 0.000055
8.755939 0.000055
8.764691 0.000055
8.773443 0.000056
8.782196 0.000056
8.790948 0.000056
8.799700 0.000056
8.808452 0.000057
8.817204 0.000057
8.825956 0.000057
8.834709 0.000057
8.843461 0.000058
8.852213 0.000058
8.860965 0.000058
8.869717 0.000059
8.878470 0.000059
8.887222 0.000059
8.895974 0.000059
8.904726 0.000060
8.913478 0.000060
8.922231 0.000060
8.930983 0.000061
8.939735 0.000061
8.948487 0.000061
8.957239 0.000061
8.965991 0.000062
8.974744 0.000062
8.983496 0.000062
8.992248 0.000063
9.001000 0.000063
9.009752 0.000063
9.018505 0.000064
9.027257 0.000064
9.036009 0.000064
9.044761 0.000064
9.053513 0.000065
9.062266 0.000065
9.071018 0.000065
9.079770 0.000066
9.088522 0.000066
9.097274 0.000066
9.106027 0.000067
9.114779 0.000067
9.123531 0.000067
9.132283 0.000068
9.141035 0.000068
9.149787 0.000068
9.158540 0.000069
9.167292 0.000069
9.176044 0.000069
9.184796 0.000070
9.193548 0.000070
9.202301 0.000070
9.211053 0.000071
9.219805 0.000071
9.228557 0.000071
9.237309 0.000072
9.246062 0.000072
9.254814 0.000072
9.263566 0.000073
9.272318 0.000073
9.281070 0.000073
9.289822 0.000074
9.298575 0.000074
9.307327 0.000074
9.316079 0.000075
9.324831 0.000075
9.333583 0.000075
9.342336 0.000076
9.351088 0.000076
9.359840 0.000077
9.368592 0.000077
9.377344 0.000077
9.386097 0.000078
9.394849 0.000078
9.403601 0.000078
9.412353 0.000079
9.421105 0.000079
9.429857 0.000080
9.438610 0.000080
9.447362 0.000080
9.456114 0.000081
9.464866 0.000081
9.473618 0.000082
9.482371 0.000082
9.491123 0.000082
9.499875 0.000083
9.508627 0.000083
9.517379 0.000084
9.526132 0.000084
9.534884 0.000084
9.543636 0.000085
9.552388 0.000085
9.561140 0.000086
9.569892 0.000086
9.578645 0.000086
9.587397 0.000087
9.596149 0.000087
9.604901 0.000088
9.613653 0.000088
9.622406 0.000089
9.631158 0.000089
9.639910 0.000089
9.648662 0.000090
9.657414 0.000090
9.666167 0.000091
9.674919 0.000091
9.683671 0.000092
9.692423 0.000092
9.701175 0.000093
9.709927 0.000093
9.718680 0.000094
9.727432 0.000094
9.736184 0.000094
9.744936 0.000095
9.753688 0.000095
9.762441 0.000096
9.771193 0.000096
9.779945 0.000097
9.788697 0.000097
9.797449 0.000098
9.806202 0.000098
9.814954 0.000099
9.823706 0.000099
9.832458 0.000100
9.841210 0.000100
9.849962 0.000101
9.858715 0.000101
9.867467 0.000102
9.876219 0.000102
9.884971 0.000103
9.893723 0.000103
9.902476 0.000104
9.911228 0.000104
9.919980 0.000105
9.928732 0.000106
9.937484 0.000106
9.946237 0.000107
9.954989 0.000107
9.963741 0.000108
9.972493 0.000108
9.981245 0.000109
9.989997 0.000109
9.998750 0.000110
10.007502 0.000111
10.016254 0.000111
10.025006 0.000112
10.033758 0.000112
10.042511 0.000113
10.051263 0.000113
10.060015 0.000114
10.068767 0.000115
10.077519 0.000115
10.086272 0.000116
10.095024 0.000116
10.103776 0.000117
10.112528 0.000118
10.121280 0.000118
10.130033 0.000119
10.138785 0.000120
10.147537 0.000120
10.156289 0.000121
10.165041 0.000121
10.173793 0.000122
10.182546 0.000123
10.191298 0.000123
10.200050 0.000124
10.208802 0.000125
10.217554 0.000125
10.226307 0.000126
10.235059 0.000127
10.243811 0.000127
10.252563 0.000128
10.261315 0.000129
10.270068 0.000129
10.278820 0.000130
10.287572 0.000131
10.296324 0.000132
10.305076 0.000132
10.313828 0.000133
10.322581 0.000134
10.331333 0.000134
10.340085 0.000135
10.348837 0.000136
10.357589 0.000137
10.366342 0.000137
10.375094 0.000138
10.383846 0.000139
10.392598 0.000140
10.401350 0.000141
10.410103 0.000141
10.418855 0.000142
10.427607 0.000143
10.436359 0.000144
10.445111 0.000145
10.453863 0.000145
10.462616 0.000146
10.471368 0.000147
10.480120 0.000148
10.488872 0.000149
10.497624 0.000150
10.506377 0.000150
10.515129 0.000151
10.523881 0.000152
10.532633 0.000153
10.541385 0.000154
10.550138 0.000155
10.558890 0.000156
10.567642 0.000156
10.576394 0.000157
10.585146 0.000158
10.593898 0.000159
10.602651 0.000160
10.611403 0.000161
10.620155 0.000162
10.628907 0.000163
10.637659 0.000164
10.646412 0.000165
10.655164 0.000166
10.663916 0.000167
10.672668 0.000168
10.681420 0.000169
10.690173 0.000170
10.698925 0.000171
10.707677 0.000172
10.716429 0.000173
10.725181 0.000174
10.733933 0.000175
10.742686 0.000176
10.751438 0.000177
10.760190 0.000178
10.768942 0.000179
10.777694 0.000180
10.786447 0.000181
10.795199 0.000183
10.803951 0.000184
10.812703 0.000185
10.821455 0.000186
10.830208 0.000187
10.838960 0.000188
10.847712 0.000189
10.856464 0.000191
10.865216 0.000192
10.873968 0.000193
10.882721 0.000194
10.891473 0.000195
10.900225 0.000197
10.908977 0.000198
10.917729 0.000199
10.926482 0.000200
10.935234 0.000202
10.943986 0.000203
10.952738 0.000204
10.961490 0.000206
10.970243 0.000207
10.978995 0.000208
10.987747 0.000210
10.996499 0.000211
11.005251 0.000212
11.014004 0.000214
11.022756 0.000215
11.031508 0.000217
11.040260 0.000218
11.049012 0.000220
11.057764 0.000221
11.066517 0.000222
11.075269 0.000224
11.084021 0.000225
11.092773 0.000227
11.101525 0.000228
11.110278 0.000230
11.119030 0.000232
11.127782 0.000233
11.136534 0.000235
11.145286 0.000236
11.154039 0.000238
11.162791 0.000240
11.171543 0.000241
11.180295 0.000243
11.189047 0.000245
11.197799 0.000246
11.206552 0.000248
11.215304 0.000250
11.224056 0.000252
11.232808 0.000253
11.241560 0.000255
11.250313 0.000257
11.259065 0.000259
11.267817 0.000261
11.276569 0.000262
11.285321 0.000264
11.294074 0.000266
11.302826 0.000268
11.311578 0.000270
11.320330 0.000272
11.329082 0.000274
11.337834 0.000276
11.346587 0.000278
11.355339 0.000280
11.364091 0.000282
11.372843 0.000284
11.381595 0.000287
11.390348 0.000289
11.399100 0.000291
11.407852 0.000293
11.416604 0.000295
11.425356 0.000298
11.434109 0.000300
11.442861 0.000302
11.451613 0.000304
11.460365 0.000307
11.469117 0.000309
11.477869 0.000312
11.486622 0.000314
11.495374 0.000317
11.504126 0.000319
11.512878 0.000322
11.521630 0.000324
11.530383 0.000327
11.539135 0.000329
11.547887 0.000332
11.556639 0.000335
11.565391 0.000337
11.574144 0.000340
11.582896 0.000343
11.591648 0.000346
11.600400 0.000349
11.609152 0.000352
11.617904 0.000354
11.626657 0.000357
11.635409 0.000360
11.644161 0.000364
11.652913 0.000367
11.661665 0.000370
11.670418 0.000373
11.679170 0.000376
11.687922 0.000379
11.696674 0.000383
11.705426 0.000386
11.714179 0.000389
11.722931 0.000393
11.731683 0.000396
11.740435 0.000400
11.749187 0.000403
11.757939 0.000407
11.766692 0.000411
11.775444 0.000414
11.784196 0.000418
11.792948 0.000422
11.801700 0.000426
11.810453 0.000430
11.819205 0.000434
11.827957 0.000438
11.836709 0.000442
11.845461 0.000446
11.854214 0.000450
11.862966 0.000455
11.871718 0.000459
11.880470 0.000463
11.889222 0.000468
11.897974 0.000472
11.906727 0.000477
11.915479 0.000482
11.924231 0.000486
11.932983 0.000491
11.941735 0.000496
11.950488 0.000501
11.959240 0.000506
11.967992 0.000511
11.976744 0.000517
11.985496 0.000522
11.994249 0.000527
12.003001 0.000533
12.011753 0.000538
12.020505 0.000544
12.029257 0.000550
12.038010 0.000556
12.046762 0.000562
12.055514 0.000568
12.064266 0.000574
12.073018 0.000580
12.081770 0.000587
12.090523 0.000593
12.099275 0.000600
12.108027 0.000606
12.116779 0.000613
12.125531 0.000620
12.134284 0.000627
12.143036 0.000635
12.151788 0.000642
12.160540 0.000650
12.169292 0.000657
12.178045 0.000665
12.186797 0.000673
12.195549 0.000681
12.204301 0.000689
12.213053 0.000698
12.221805 0.000706
12.230558 0.000715
12.239310 0.000724
12.248062 0.000733
12.256814 0.000742
12.265566 0.000752
12.274319 0.000761
12.283071 0.000771
12.291823 0.000781
12.300575 0.000791
12.309327 0.000802
12.318080 0.000813
12.326832 0.000823
12.335584 0.000835
12.344336 0.000846
12.353088 0.000858
12.361840 0.000870
12.370593 0.000882
12.379345 0.000894
12.388097 0.000907
12.396849 0.000920
12.405601 0.000934
12.414354 0.000947
12.423106 0.000961
12.431858 0.000976
12.440610 0.000990
12.449362 0.001005
12.458115 0.001021
12.466867 0.001037
12.475619 0.001053
12.484371 0.001069
12.493123 0.001086
12.501875 0.001104
12.510628 0.001122
12.519380 0.001140
12.528132 0.001159
12.536884 0.001179
12.545636 0.001199
12.554389 0.001219
12.563141 0.001240
12.571893 0.001262
12.580645 0.001284
12.589397 0.001307
12.598150 0.001331
12.606902 0.001355
12.615654 0.001380
12.624406 0.001406
12.633158 0.001433
12.641910 0.001460
12.650663 0.001488
12.659415 0.001518
12.668167 0.001548
12.676919 0.001579
12.685671 0.001611
12.694424 0.001644
12.703176 0.001678
12.711928 0.001714
12.720680 0.001750
12.729432 0.001788
12.738185 0.001828
12.746937 0.001868
12.755689 0.001910
12.764441 0.001954
12.773193 0.001999
12.781945 0.002046
12.790698 0.002095
12.799450 0.002145
12.808202 0.002198
12.816954 0.002253
12.825706 0.002309
12.834459 0.002368
12.843211 0.002430
12.851963 0.002494
12.860715 0.002560
12.869467 0.002630
12.878220 0.002702
12.886972 0.002778
12.895724 0.002856
12.904476 0.002939
12.913228 0.003025
12.921980 0.003114
12.930733 0.003208
12.939485 0.003306
12.948237 0.003409
12.956989 0.003516
12.965741 0.003629
12.974494 0.003746
12.983246 0.003869
12.991998 0.003998
13.000750 0.004134
13.009502 0.004275
13.018255 0.004424
13.027007 0.004579
13.035759 0.004742
13.044511 0.004912
13.053263 0.005091
13.062016 0.005278
13.070768 0.005473
13.079520 0.005678
13.088272 0.005891
13.097024 0.006114
13.105776 0.006347
13.114529 0.006589
13.123281 0.006841
13.132033 0.007103
13.140785 0.007374
13.149537 0.007655
13.158290 0.007946
13.167042 0.008245
13.175794 0.008553
13.184546 0.008869
13.193298 0.009192
13.202051 0.009521
13.210803 0.009856
13.219555 0.010195
13.228307 0.010537
13.237059 0.010880
13.245811 0.011222
13.254564 0.011562
13.263316 0.011898
13.272068 0.012228
13.280820 0.012549
13.289572 0.012859
13.298325 0.013156
13.307077 0.013437
13.315829 0.013700
13.324581 0.013943
13.333333 0.014162
13.342086 0.014356
13.350838 0.014523
13.359590 0.014661
13.368342 0.014768
13.377094 0.014842
13.385846 0.014883
13.394599 0.014889
13.403351 0.014860
13.412103 0.014796
13.420855 0.014696
13.429607 0.014562
13.438360 0.014394
13.447112 0.014194
13.455864 0.013963
13.464616 0.013704
13.473368 0.013418
13.482121 0.013107
13.490873 0.012776
13.499625 0.012426
13.508377 0.012061
13.517129 0.011683
13.525881 0.011297
13.534634 0.010904
13.543386 0.010509
13.552138 0.010114
13.560890 0.009721
13.569642 0.009335
13.578395 0.008956
13.587147 0.008588
13.595899 0.008232
13.604651 0.007890
13.613403 0.007564
13.622156 0.007255
13.630908 0.006963
13.639660 0.006689
13.648412 0.006434
13.657164 0.006198
13.665916 0.005981
13.674669 0.005783
13.683421 0.005604
13.692173 0.005442
13.700925 0.005298
13.709677 0.005170
13.718430 0.005059
13.727182 0.004962
13.735934 0.004880
13.744686 0.004812
13.753438 0.004756
13.762191 0.004713
13.770943 0.004680
13.779695 0.004658
13.788447 0.004645
13.797199 0.004642
13.805951 0.004647
13.814704 0.004660
13.823456 0.004680
13.832208 0.004707
13.840960 0.004741
13.849712 0.004782
13.858465 0.004828
13.867217 0.004880
13.875969 0.004938
13.884721 0.005002
13.893473 0.005071
13.902226 0.005146
13.910978 0.005227
13.919730 0.005313
13.928482 0.005404
13.937234 0.005502
13.945986 0.005606
13.954739 0.005715
13.963491 0.005832
13.972243 0.005955
13.980995 0.006085
13.989747 0.006222
13.998500 0.006366
14.007252 0.006519
14.016004 0.006680
14.024756 0.006849
14.033508 0.007028
14.042261 0.007216
14.051013 0.007415
14.059765 0.007624
14.068517 0.007843
14.077269 0.008075
14.086022 0.008319
14.094774 0.008575
14.103526 0.008845
14.112278 0.009129
14.121030 0.009428
14.129782 0.009742
14.138535 0.010072
14.147287 0.010419
14.156039 0.010782
14.164791 0.011164
14.173543 0.011564
14.182296 0.011983
14.191048 0.012421
14.199800 0.012879
14.208552 0.013358
14.217304 0.013857
14.226057 0.014376
14.234809 0.014916
14.243561 0.015477
14.252313 0.016058
14.261065 0.016659
14.269817 0.017278
14.278570 0.017916
14.287322 0.018571
14.296074 0.019241
14.304826 0.019926
14.313578 0.020622
14.322331 0.021328
14.331083 0.022042
14.339835 0.022760
14.348587 0.023481
14.357339 0.024199
14.366092 0.024912
14.374844 0.025617
14.383596 0.026308
14.392348 0.026983
14.401100 0.027637
14.409852 0.028266
14.418605 0.028865
14.427357 0.029431
14.436109 0.029959
14.444861 0.030445
14.453613 0.030886
14.462366 0.031278
14.471118 0.031618
14.479870 0.031903
14.488622 0.032131
14.497374 0.032299
14.506127 0.032407
14.514879 0.032453
14.523631 0.032437
14.532383 0.032359
14.541135 0.032220
14.549887 0.032020
14.558640 0.031762
14.567392 0.031448
14.576144 0.031079
14.584896 0.030660
14.593648 0.030193
14.602401 0.029681
14.611153 0.029130
14.619905 0.028542
14.628657 0.027922
14.637409 0.027274
14.646162 0.026602
14.654914 0.025911
14.663666 0.025204
14.672418 0.024486
14.681170 0.023760
14.689922 0.023031
14.698675 0.022301
14.707427 0.021574
14.716179 0.020852
14.724931 0.020139
14.733683 0.019436
14.742436 0.018746
14.751188 0.018070
14.759940 0.017411
14.768692 0.016769
14.777444 0.016145
14.786197 0.015540
14.794949 0.014956
14.803701 0.014391
14.812453 0.013847
14.821205 0.013324
14.829957 0.012821
14.838710 0.012338
14.847462 0.011876
14.856214 0.011433
14.864966 0.011009
14.873718 0.010604
14.882471 0.010217
14.891223 0.009847
14.899975 0.009495
14.908727 0.009158
14.917479 0.008838
14.926232 0.008532
14.934984 0.008241
14.943736 0.007963
14.952488 0.007699
14.961240 0.007447
14.969992 0.007207
14.978745 0.006978
14.987497 0.006760
14.996249 0.006553
15.005001 0.006355
15.013753 0.006166
15.022506 0.005987
15.031258 0.005816
15.040010 0.005653
15.048762 0.005497
15.057514 0.005349
15.066267 0.005208
15.075019 0.005073
15.083771 0.004945
15.092523 0.004822
15.101275 0.004705
15.110028 0.004594
15.118780 0.004487
15.127532 0.004385
15.136284 0.004288
15.145036 0.004195
15.153788 0.004106
15.162541 0.004020
15.171293 0.003938
15.180045 0.003860
15.188797 0.003784
15.197549 0.003711
15.206302 0.003640
15.215054 0.003572
15.223806 0.003506
15.232558 0.003441
15.241310 0.003378
15.250063 0.003317
15.258815 0.003256
15.267567 0.003197
15.276319 0.003138
15.285071 0.003080
15.293823 0.003022
15.302576 0.002964
15.311328 0.002907
15.320080 0.002850
15.328832 0.002792
15.337584 0.002734
15.346337 0.002677
15.355089 0.002619
15.363841 0.002560
15.372593 0.002502
15.381345 0.002444
15.390098 0.002385
15.398850 0.002326
15.407602 0.002268
15.416354 0.002210
15.425106 0.002152
15.433858 0.002095
15.442611 0.002038
15.451363 0.001982
15.460115 0.001927
15.468867 0.001873
15.477619 0.001820
15.486372 0.001769
15.495124 0.001719
15.503876 0.001670
15.512628 0.001623
15.521380 0.001578
15.530133 0.001534
15.538885 0.001493
15.547637 0.001453
15.556389 0.001415
15.565141 0.001378
15.573893 0.001344
15.582646 0.001311
15.591398 0.001280
15.600150 0.001250
15.608902 0.001222
15.617654 0.001196
15.626407 0.001171
15.635159 0.001147
15.643911 0.001124
15.652663 0.001102
15.661415 0.001082
15.670168 0.001062
15.678920 0.001043
15.687672 0.001025
15.696424 0.001007
15.705176 0.000990
15.713928 0.000973
15.722681 0.000957
15.731433 0.000941
15.740185 0.000925
15.748937 0.000910
15.757689 0.000894
15.766442 0.000879
15.775194 0.000864
15.783946 0.000849
15.792698 0.000834
15.801450 0.000819
15.810203 0.000804
15.818955 0.000789
15.827707 0.000773
15.836459 0.000758
15.845211 0.000743
15.853963 0.000728
15.862716 0.000713
15.871468 0.000697
15.880220 0.000682
15.888972 0.000667
15.897724 0.000652
15.906477 0.000637
15.915229 0.000622
15.923981 0.000607
15.932733 0.000592
15.941485 0.000578
15.950238 0.000564
15.958990 0.000550
15.967742 0.000537
15.976494 0.000524
15.985246 0.000511
15.993998 0.000499
16.002751 0.000487
16.011503 0.000476
16.020255 0.000465
16.029007 0.000455
16.037759 0.000445
16.046512 0.000436
16.055264 0.000428
16.064016 0.000420
16.072768 0.000413
16.081520 0.000407
16.090273 0.000401
16.099025 0.000396
16.107777 0.000392
16.116529 0.000388
16.125281 0.000385
16.134034 0.000383
16.142786 0.000381
16.151538 0.000380
16.160290 0.000379
16.169042 0.000379
16.177794 0.000380
16.186547 0.000380
16.195299 0.000382
16.204051 0.000383
16.212803 0.000385
16.221555 0.000388
16.230308 0.000391
16.239060 0.000394
16.247812 0.000397
16.256564 0.000401
16.265316 0.000405
16.274069 0.000409
16.282821 0.000413
16.291573 0.000417
16.300325 0.000422
16.309077 0.000427
16.317829 0.000432
16.326582 0.000437
16.335334 0.000442
16.344086 0.000448
16.352838 0.000453
16.361590 0.000459
16.370343 0.000465
16.379095 0.000470
16.387847 0.000476
16.396599 0.000482
16.405351 0.000489
16.414104 0.000495
16.422856 0.000501
16.431608 0.000508
16.440360 0.000515
16.449112 0.000521
16.457864 0.000528
16.466617 0.000535
16.475369 0.000542
16.484121 0.000549
16.492873 0.000556
16.501625 0.000563
16.510378 0.000570
16.519130 0.000577
16.527882 0.000584
16.536634 0.000591
16.545386 0.000598
16.554139 0.000605
16.562891 0.000611
16.571643 0.000618
16.580395 0.000624
16.589147 0.000629
16.597899 0.000635
16.606652 0.000640
16.615404 0.000644
16.624156 0.000648
16.632908 0.000652
16.641660 0.000655
16.650413 0.000657
16.659165 0.000659
16.667917 0.000660
16.676669 0.000661
16.685421 0.000661
16.694174 0.000660
16.702926 0.000659
16.711678 0.000657
16.720430 0.000654
16.729182 0.000650
16.737934 0.000646
16.746687 0.000642
16.755439 0.000637
16.764191 0.000631
16.772943 0.000624
16.781695 0.000618
16.790448 0.000610
16.799200 0.000603
16.807952 0.000595
16.816704 0.000586
16.825456 0.000578
16.834209 0.000569
16.842961 0.000560
16.851713 0.000551
16.860465 0.000542
16.869217 0.000532
16.877969 0.000523
16.886722 0.000514
16.895474 0.000505
16.904226 0.000495
16.912978 0.000486
16.921730 0.000477
16.930483 0.000469
16.939235 0.000460
16.947987 0.000452
16.956739 0.000443
16.965491 0.000435
16.974244 0.000428
16.982996 0.000420
16.991748 0.000413
17.000500 0.000405
17.009252 0.000398
17.018005 0.000392
17.026757 0.000385
17.035509 0.000379
17.044261 0.000373
17.053013 0.000367
17.061765 0.000361
17.070518 0.000356
17.079270 0.000351
17.088022 0.000346
17.096774 0.000341
17.105526 0.000336
17.114279 0.000331
17.123031 0.000327
17.131783 0.000323
17.140535 0.000319
17.149287 0.000315
17.158040 0.000311
17.166792 0.000307
17.175544 0.000303
17.184296 0.000300
17.193048 0.000296
17.201800 0.000293
17.210553 0.000290
17.219305 0.000287
17.228057 0.000284
17.236809 0.000281
17.245561 0.000278
17.254314 0.000275
17.263066 0.000272
17.271818 0.000270
17.280570 0.000267
17.289322 0.000265
17.298075 0.000262
17.306827 0.000260
17.315579 0.000257
17.324331 0.000255
17.333083 0.000253
17.341835 0.000251
17.350588 0.000248
17.359340 0.000246
17.368092 0.000244
17.376844 0.000242
17.385596 0.000240
17.394349 0.000238
17.403101 0.000236
17.411853 0.000235
17.420605 0.000233
17.429357 0.000231
17.438110 0.000229
17.446862 0.000227
17.455614 0.000226
17.464366 0.000224
17.473118 0.000222
17.481870 0.000221
17.490623 0.000219
17.499375 0.000218
17.508127 0.000216
17.516879 0.000215
17.525631 0.000213
17.534384 0.000212
17.543136 0.000210
17.551888 0.000209
17.560640 0.000207
17.569392 0.000206
17.578145 0.000205
17.586897 0.000203
17.595649 0.000202
17.604401 0.000201
17.613153 0.000199
17.621905 0.000198
17.630658 0.000197
17.639410 0.000195
17.648162 0.000194
17.656914 0.000193
17.665666 0.000192
17.674419 0.000191
17.683171 0.000190
17.691923 0.000188
17.700675 0.000187
17.709427 0.000186
17.718180 0.000185
17.726932 0.000184
17.735684 0.000183
17.744436 0.000182
17.753188 0.000181
17.761940 0.000180
17.770693 0.000179
17.779445 0.000178
17.788197 0.000177
17.796949 0.000176
17.805701 0.000175
17.814454 0.000174
17.823206 0.000173
17.831958 0.000172
17.840710 0.000171
17.849462 0.000170
17.858215 0.000169
17.866967 0.000168
17.875719 0.000167
17.884471 0.000166
17.893223 0.000165
17.901975 0.000164
17.910728 0.000163
17.919480 0.000163
17.928232 0.000162
17.936984 0.000161
17.945736 0.000160
17.954489 0.000159
17.963241 0.000158
17.971993 0.000158
17.980745 0.000157
17.989497 0.000156
17.998250 0.000155
18.007002 0.000154
18.015754 0.000154
18.024506 0.000153
18.033258 0.000152
18.042011 0.000151
18.050763 0.000151
18.059515 0.000150
18.068267 0.000149
18.077019 0.000148
18.085771 0.000148
18.094524 0.000147
18.103276 0.000146
18.112028 0.000145
18.120780 0.000145
18.129532 0.000144
18.138285 0.000143
18.147037 0.000143
18.155789 0.000142
18.164541 0.000141
18.173293 0.000141
18.182046 0.000140
18.190798 0.000139
18.199550 0.000139
18.208302 0.000138
18.217054 0.000138
18.225806 0.000137
18.234559 0.000136
18.243311 0.000136
18.252063 0.000135
18.260815 0.000134
18.269567 0.000134
18.278320 0.000133
18.287072 0.000133
18.295824 0.000132
18.304576 0.000132
18.313328 0.000131
18.322081 0.000130
18.330833 0.000130
18.339585 0.000129
18.348337 0.000129
18.357089 0.000128
18.365841 0.000128
18.374594 0.000127
18.383346 0.000127
18.392098 0.000126
18.400850 0.000126
18.409602 0.000125
18.418355 0.000125
18.427107 0.000124
18.435859 0.000124
18.444611 0.000123
18.453363 0.000123
18.462116 0.000122
18.470868 0.000122
18.479620 0.000121
18.488372 0.000121
18.497124 0.000120
18.505876 0.000120
18.514629 0.000119
18.523381 0.000119
18.532133 0.000118
18.540885 0.000118
18.549637 0.000117
18.558390 0.000117
18.567142 0.000117
18.575894 0.000116
18.584646 0.000116
18.593398 0.000115
18.602151 0.000115
18.610903 0.000114
18.619655 0.000114
18.628407 0.000114
18.637159 0.000113
18.645911 0.000113
18.654664 0.000112
18.663416 0.000112
18.672168 0.000112
18.680920 0.000111
18.689672 0.000111
18.698425 0.000110
18.707177 0.000110
18.715929 0.000110
18.724681 0.000109
18.733433 0.000109
18.742186 0.000109
18.750938 0.000108
18.759690 0.000108
18.768442 0.000108
18.777194 0.000107
18.785946 0.000107
18.794699 0.000107
18.803451 0.000106
18.812203 0.000106
18.820955 0.000106
18.829707 0.000105
18.838460 0.000105
18.847212 0.000105
18.855964 0.000104
18.864716 0.000104
18.873468 0.000104
18.882221 0.000103
18.890973 0.000103
18.899725 0.000103
18.908477 0.000103
18.917229 0.000102
18.925981 0.000102
18.934734 0.000102
18.943486 0.000101
18.952238 0.000101
18.960990 0.000101
18.969742 0.000101
18.978495 0.000100
18.987247 0.000100
18.995999 0.000100
19.004751 0.000100
19.013503 0.000099
19.022256 0.000099
19.031008 0.000099
19.039760 0.000099
19.048512 0.000098
19.057264 0.000098
19.066017 0.000098
19.074769 0.000098
19.083521 0.000098
19.092273 0.000097
19.101025 0.000097
19.109777 0.000097
19.118530 0.000097
19.127282 0.000097
19.136034 0.000097
19.144786 0.000096
19.153538 0.000096
19.162291 0.000096
19.171043 0.000096
19.179795 0.000096
19.188547 0.000096
19.197299 0.000095
19.206052 0.000095
19.214804 0.000095
19.223556 0.000095
19.232308 0.000095
19.241060 0.000095
19.249812 0.000095
19.258565 0.000095
19.267317 0.000095
19.276069 0.000094
19.284821 0.000094
19.293573 0.000094
19.302326 0.000094
19.311078 0.000094
19.319830 0.000094
19.328582 0.000094
19.337334 0.000094
19.346087 0.000094
19.354839 0.000094
19.363591 0.000094
19.372343 0.000094
19.381095 0.000094
19.389847 0.000094
19.398600 0.000094
19.407352 0.000094
19.416104 0.000094
19.424856 0.000094
19.433608 0.000094
19.442361 0.000094
19.451113 0.000094
19.459865 0.000094
19.468617 0.000094
19.477369 0.000094
19.486122 0.000094
19.494874 0.000094
19.503626 0.000095
19.512378 0.000095
19.521130 0.000095
19.529882 0.000095
19.538635 0.000095
19.547387 0.000095
19.556139 0.000096
19.564891 0.000096
19.573643 0.000096
19.582396 0.000096
19.591148 0.000096
19.599900 0.000097
19.608652 0.000097
19.617404 0.000097
19.626157 0.000097
19.634909 0.000098
19.643661 0.000098
19.652413 0.000098
19.661165 0.000099
19.669917 0.000099
19.678670 0.000100
19.687422 0.000100
19.696174 0.000100
19.704926 0.000101
19.713678 0.000101
19.722431 0.000102
19.731183 0.000102
19.739935 0.000103
19.748687 0.000104
19.757439 0.000104
19.766192 0.000105
19.774944 0.000106
19.783696 0.000106
19.792448 0.000107
19.801200 0.000108
19.809952 0.000109
19.818705 0.000109
19.827457 0.000110
19.836209 0.000111
19.844961 0.000112
19.853713 0.000113
19.862466 0.000114
19.871218 0.000115
19.879970 0.000117
19.888722 0.000118
19.897474 0.000119
19.906227 0.000121
19.914979 0.000122
19.923731 0.000123
19.932483 0.000125
19.941235 0.000127
19.949987 0.000128
19.958740 0.000130
19.967492 0.000132
19.976244 0.000134
19.984996 0.000136
19.993748 0.000139
20.002501 0.000141
20.011253 0.000143
20.020005 0.000146
20.028757 0.000149
20.037509 0.000151
20.046262 0.000154
20.055014 0.000158
20.063766 0.000161
20.072518 0.000164
20.081270 0.000168
20.090023 0.000172
20.098775 0.000176
20.107527 0.000180
20.116279 0.000185
20.125031 0.000189
20.133783 0.000194
20.142536 0.000199
20.151288 0.000205
20.160040 0.000210
20.168792 0.000216
20.177544 0.000222
20.186297 0.000228
20.195049 0.000235
20.203801 0.000242
20.212553 0.000249
20.221305 0.000257
20.230058 0.000265
20.238810 0.000273
20.247562 0.000281
20.256314 0.000290
20.265066 0.000299
20.273818 0.000308
20.282571 0.000318
20.291323 0.000328
20.300075 0.000338
20.308827 0.000348
20.317579 0.000359
20.326332 0.000369
20.335084 0.000380
20.343836 0.000391
20.352588 0.000402
20.361340 0.000413
20.370093 0.000425
20.378845 0.000436
20.387597 0.000447
20.396349 0.000458
20.405101 0.000469
20.413853 0.000479
20.422606 0.000489
20.431358 0.000499
20.440110 0.000509
20.448862 0.000518
20.457614 0.000526
20.466367 0.000534
20.475119 0.000541
20.483871 0.000548
20.492623 0.000554
20.501375 0.000559
20.510128 0.000563
20.518880 0.000566
20.527632 0.000569
20.536384 0.000570
20.545136 0.000571
20.553888 0.000570
20.562641 0.000569
20.571393 0.000566
20.580145 0.000563
20.588897 0.000559
20.597649 0.000554
20.606402 0.000548
20.615154 0.000542
20.623906 0.000534
20.632658 0.000526
20.641410 0.000517
20.650163 0.000508
20.658915 0.000498
20.667667 0.000488
20.676419 0.000477
20.685171 0.000466
20.693923 0.000455
20.702676 0.000443
20.711428 0.000432
20.720180 0.000420
20.728932 0.000408
20.737684 0.000396
20.746437 0.000384
20.755189 0.000373
20.763941 0.000361
20.772693 0.000350
20.781445 0.000339
20.790198 0.000328
20.798950 0.000317
20.807702 0.000307
20.816454 0.000297
20.825206 0.000287
20.833958 0.000278
20.842711 0.000269
20.851463 0.000260
20.860215 0.000252
20.868967 0.000243
20.877719 0.000236
20.886472 0.000228
20.895224 0.000221
20.903976 0.000214
20.912728 0.000208
20.921480 0.000201
20.930233 0.000195
20.938985 0.000190
20.947737 0.000184
20.956489 0.000179
20.965241 0.000174
20.973993 0.000169
20.982746 0.000164
20.991498 0.000160
21.000250 0.000156
21.009002 0.000152
21.017754 0.000148
21.026507 0.000144
21.035259 0.000141
21.044011 0.000138
21.052763 0.000134
21.061515 0.000131
21.070268 0.000128
21.079020 0.000126
21.087772 0.000123
21.096524 0.000120
21.105276 0.000118
21.114029 0.000116
21.122781 0.000113
21.131533 0.000111
21.140285 0.000109
21.149037 0.000107
21.157789 0.000105
21.166542 0.000103
21.175294 0.000101
21.184046 0.000099
21.192798 0.000098
21.201550 0.000096
21.210303 0.000095
21.219055 0.000093
21.227807 0.000092
21.236559 0.000090
21.245311 0.000089
21.254064 0.000088
21.262816 0.000086
21.271568 0.000085
21.280320 0.000084
21.289072 0.000083
21.297824 0.000082
21.306577 0.000080
21.315329 0.000079
21.324081 0.000078
21.332833 0.000077
21.341585 0.000076
21.350338 0.000075
21.359090 0.000075
21.367842 0.000074
21.376594 0.000073
21.385346 0.000072
21.394099 0.000071
21.402851 0.000070
21.411603 0.000070
21.420355 0.000069
21.429107 0.000068
21.437859 0.000067
21.446612 0.000067
21.455364 0.000066
21.464116 0.000065
21.472868 0.000065
21.481620 0.000064
21.490373 0.000063
21.499125 0.000063
21.507877 0.000062
21.516629 0.000062
21.525381 0.000061
21.534134 0.000061
21.542886 0.000060
21.551638 0.000060
21.560390 0.000059
21.569142 0.000059
21.577894 0.000058
21.586647 0.000058
21.595399 0.000057
21.604151 0.000057
21.612903 0.000056
21.621655 0.000056
21.630408 0.000055
21.639160 0.000055
21.647912 0.000054
21.656664 0.000054
21.665416 0.000054
21.674169 0.000053
21.682921 0.000053
21.691673 0.000052
21.700425 0.000052
21.709177 0.000052
21.717929 0.000051
21.726682 0.000051
21.735434 0.000051
21.744186 0.000050
21.752938 0.000050
21.761690 0.000050
21.770443 0.000049
21.779195 0.000049
21.787947 0.000049
21.796699 0.000048
21.805451 0.000048
21.814204 0.000048
21.822956 0.000047
21.831708 0.000047
21.840460 0.000047
21.849212 0.000047
21.857964 0.000046
21.866717 0.000046
21.875469 0.000046
21.884221 0.000046
21.892973 0.000045
21.901725 0.000045
21.910478 0.000045
21.919230 0.000044
21.927982 0.000044
21.936734 0.000044
21.945486 0.000044
21.954239 0.000044
21.962991 0.000043
21.971743 0.000043
21.980495 0.000043
21.989247 0.000043
21.997999 0.000042
22.006752 0.000042
22.015504 0.000042
22.024256 0.000042
22.033008 0.000042
22.041760 0.000041
22.050513 0.000041
22.059265 0.000041
22.068017 0.000041
22.076769 0.000041
22.085521 0.000040
22.094274 0.000040
22.103026 0.000040
22.111778 0.000040
22.120530 0.000040
22.129282 0.000039
22.138035 0.000039
22.146787 0.000039
22.155539 0.000039
22.164291 0.000039
22.173043 0.000038
22.181795 0.000038
22.190548 0.000038
22.199300 0.000038
22.208052 0.000038
22.216804 0.000038
22.225556 0.000037
22.234309 0.000037
22.243061 0.000037
22.251813 0.000037
22.260565 0.000037
22.269317 0.000037
22.278070 0.000037
22.286822 0.000036
22.295574 0.000036
22.304326 0.000036
22.313078 0.000036
22.321830 0.000036
22.330583 0.000036
22.339335 0.000035
22.348087 0.000035
22.356839 0.000035
22.365591 0.000035
22.374344 0.000035
22.383096 0.000035
22.391848 0.000035
22.400600 0.000035
22.409352 0.000034
22.418105 0.000034
22.426857 0.000034
22.435609 0.000034
22.444361 0.000034
22.453113 0.000034
22.461865 0.000034
22.470618 0.000033
22.479370 0.000033
22.488122 0.000033
22.496874 0.000033
22.505626 0.000033
22.514379 0.000033
22.523131 0.000033
22.531883 0.000033
22.540635 0.000032
22.549387 0.000032
22.558140 0.000032
22.566892 0.000032
22.575644 0.000032
22.584396 0.000032
22.593148 0.000032
22.601900 0.000032
22.610653 0.000032
22.619405 0.000031
22.628157 0.000031
22.636909 0.000031
22.645661 0.000031
22.654414 0.000031
22.663166 0.000031
22.671918 0.000031
22.680670 0.000031
22.689422 0.000031
22.698175 0.000031
22.706927 0.000030
22.715679 0.000030
22.724431 0.000030
22.733183 0.000030
22.741935 0.000030
22.750688 0.000030
22.759440 0.000030
22.768192 0.000030
22.776944 0.000030
22.785696 0.000030
22.794449 0.000029
22.803201 0.000029
22.811953 0.000029
22.820705 0.000029
22.829457 0.000029
22.838210 0.000029
22.846962 0.000029
22.855714 0.000029
22.864466 0.000029
22.873218 0.000029
22.881970 0.000029
22.890723 0.000028
22.899475 0.000028
22.908227 0.000028
22.916979 0.000028
22.925731 0.000028
22.934484 0.000028
22.943236 0.000028
22.951988 0.000028
22.960740 0.000028
22.969492 0.000028
22.978245 0.000028
22.986997 0.000027
22.995749 0.000027
23.004501 0.000027
23.013253 0.000027
23.022006 0.000027
23.030758 0.000027
23.039510 0.000027
23.048262 0.000027
23.057014 0.000027
23.065766 0.000027
23.074519 0.000027
23.083271 0.000027
23.092023 0.000027
23.100775 0.000026
23.109527 0.000026
23.118280 0.000026
23.127032 0.000026
23.135784 0.000026
23.144536 0.000026
23.153288 0.000026
23.162041 0.000026
23.170793 0.000026
23.179545 0.000026
23.188297 0.000026
23.197049 0.000026
23.205801 0.000026
23.214554 0.000025
23.223306 0.000025
23.232058 0.000025
23.240810 0.000025
23.249562 0.000025
23.258315 0.000025
23.267067 0.000025
23.275819 0.000025
23.284571 0.000025
23.293323 0.000025
23.302076 0.000025
23.310828 0.000025
23.319580 0.000025
23.328332 0.000025
23.337084 0.000024
23.345836 0.000024
23.354589 0.000024
23.363341 0.000024
23.372093 0.000024
23.380845 0.000024
23.389597 0.000024
23.398350 0.000024
23.407102 0.000024
23.415854 0.000024
23.424606 0.000024
23.433358 0.000024
23.442111 0.000024
23.450863 0.000024
23.459615 0.000024
23.468367 0.000024
23.477119 0.000023
23.485871 0.000023
23.494624 0.000023
23.503376 0.000023
23.512128 0.000023
23.520880 0.000023
23.529632 0.000023
23.538385 0.000023
23.547137 0.000023
23.555889 0.000023
23.564641 0.000023
23.573393 0.000023
23.582146 0.000023
23.590898 0.000023
23.599650 0.000023
23.608402 0.000023
23.617154 0.000023
23.625906 0.000022
23.634659 0.000022
23.643411 0.000022
23.652163 0.000022
23.660915 0.000022
23.669667 0.000022
23.678420 0.000022
23.687172 0.000022
23.695924 0.000022
23.704676 0.000022
23.713428 0.000022
23.722181 0.000022
23.730933 0.000022
23.739685 0.000022
23.748437 0.000022
23.757189 0.000022
23.765941 0.000022
23.774694 0.000022
23.783446 0.000021
23.792198 0.000021
23.800950 0.000021
23.809702 0.000021
23.818455 0.000021
23.827207 0.000021
23.835959 0.000021
23.844711 0.000021
23.853463 0.000021
23.862216 0.000021
23.870968 0.000021
23.879720 0.000021
23.888472 0.000021
23.897224 0.000021
23.905976 0.000021
23.914729 0.000021
23.923481 0.000021
23.932233 0.000021
23.940985 0.000021
23.949737 0.000020
23.958490 0.000020
23.967242 0.000020
23.975994 0.000020
23.984746 0.000020
23.993498 0.000020
24.002251 0.000020
24.011003 0.000020
24.019755 0.000020
24.028507 0.000020
24.037259 0.000020
24.046012 0.000020
24.054764 0.000020
24.063516 0.000020
24.072268 0.000020
24.081020 0.000020
24.089772 0.000020
24.098525 0.000020
24.107277 0.000020
24.116029 0.000020
24.124781 0.000020
24.133533 0.000019
24.142286 0.000019
24.151038 0.000019
24.159790 0.000019
24.168542 0.000019
24.177294 0.000019
24.186047 0.000019
24.194799 0.000019
24.203551 0.000019
24.212303 0.000019
24.221055 0.000019
24.229807 0.000019
24.238560 0.000019
24.247312 0.000019
24.256064 0.000019
24.264816 0.000019
24.273568 0.000019
24.282321 0.000019
24.291073 0.000019
24.299825 0.000019
24.308577 0.000019
24.317329 0.000019
24.326082 0.000019
24.334834 0.000018
24.343586 0.000018
24.352338 0.000018
24.361090 0.000018
24.369842 0.000018
24.378595 0.000018
24.387347 0.000018
24.396099 0.000018
24.404851 0.000018
24.413603 0.000018
24.422356 0.000018
24.431108 0.000018
24.439860 0.000018
24.448612 0.000018
24.457364 0.000018
24.466117 0.000018
24.474869 0.000018
24.483621 0.000018
24.492373 0.000018
24.501125 0.000018
24.509877 0.000018
24.518630 0.000018
24.527382 0.000018
24.536134 0.000018
24.544886 0.000018
24.553638 0.000017
24.562391 0.000017
24.571143 0.000017
24.579895 0.000017
24.588647 0.000017
24.597399 0.000017
24.606152 0.000017
24.614904 0.000017
24.623656 0.000017
24.632408 0.000017
24.641160 0.000017
24.649912 0.000017
24.658665 0.000017
24.667417 0.000017
24.676169 0.000017
24.684921 0.000017
24.693673 0.000017
24.702426 0.000017
24.711178 0.000017
24.719930 0.000017
24.728682 0.000017
24.737434 0.000017
24.746187 0.000017
24.754939 0.000017
24.763691 0.000016
24.772443 0.000016
24.781195 0.000016
24.789947 0.000016
24.798700 0.000016
24.807452 0.000016
24.816204 0.000016
24.824956 0.000016
24.833708 0.000016
24.842461 0.000015
24.851213 0.000015
24.859965 0.000015
24.868717 0.000015
24.877469 0.000014
24.886222 0.000014
24.894974 0.000014
24.903726 0.000013
24.912478 0.000013
24.921230 0.000012
24.929982 0.000012
24.938735 0.000012
24.947487 0.000011
24.956239 0.000011
24.964991 0.000010
24.973743 0.000009
24.982496 0.000009
24.991248 0.000008

Sticks
-4.039760 0.000001
-4.022256 -0.010474
-3.995999 0.014729
-3.952238 0.018750
-3.864716 -0.042696
-3.768442 -0.046949
-2.525631 0.000028
-2.324331 -0.001698
-2.131783 0.011001
-1.895474 0.008059
-1.790448 0.001630
-1.422856 -0.000504
-1.247812 0.000096
-0.538885 -0.002194
-0.136284 -0.000284
-0.013753 0.000010
2.725681 0.000001
2.734434 -0.000001
2.751938 0.000004
2.778195 0.000001
2.804451 -0.000037
2.900725 -0.000007
2.918230 0.000005
3.172043 -0.000534
3.180795 0.000134
3.189547 0.000118
3.242061 -0.000175
3.399600 0.000844
13.438360 0.017031
13.534634 -0.008209
14.514879 0.023901
15.390098 0.001060
15.468867 -0.000888
16.064016 -0.000208
16.247812 -0.000037
16.702926 0.000251
20.011253 -0.000001
20.072518 -0.000001
20.431358 0.000113
20.457614 -0.000075
20.562641 0.000361
