700.000000 0.000227
700.050000 0.000295
700.100000 0.000342
700.150000 0.000369
700.200000 0.000382
700.250000 0.000388
700.300000 0.000391
700.350000 0.000394
700.400000 0.000397
700.450000 0.000400
700.500000 0.000403
700.550000 0.000406
700.600000 0.000409
700.650000 0.000412
700.700000 0.000415
700.750000 0.000418
700.800000 0.000421
700.850000 0.000424
700.900000 0.000427
700.950000 0.000430
701.000000 0.000433
701.050000 0.000437
701.100000 0.000440
701.150000 0.000443
701.200000 0.000447
701.250000 0.000450
701.300000 0.000454
701.350000 0.000457
701.400000 0.000461
701.450000 0.000464
701.500000 0.000468
701.550000 0.000472
701.600000 0.000475
701.650000 0.000479
701.700000 0.000483
701.750000 0.000487
701.800000 0.000491
701.850000 0.000495
701.900000 0.000499
701.950000 0.000503
702.000000 0.000507
702.050000 0.000512
702.100000 0.000516
702.150000 0.000520
702.200000 0.000525
702.250000 0.000529
702.300000 0.000534
702.350000 0.000538
702.400000 0.000543
702.450000 0.000548
702.500000 0.000552
702.550000 0.000557
702.600000 0.000562
702.650000 0.000567
702.700000 0.000572
702.750000 0.000578
702.800000 0.000583
702.850000 0.000588
702.900000 0.000593
702.950000 0.000599
703.000000 0.000604
703.050000 0.000610
703.100000 0.000616
703.150000 0.000622
703.200000 0.000628
703.250000 0.000634
703.300000 0.000640
703.350000 0.000646
703.400000 0.000652
703.450000 0.000659
703.500000 0.000665
703.550000 0.000672
703.600000 0.000678
703.650000 0.000685
703.700000 0.000692
703.750000 0.000699
703.800000 0.000706
703.850000 0.000714
703.900000 0.000721
703.950000 0.000729
704.000000 0.000736
704.050000 0.000744
704.100000 0.000752
704.150000 0.000760
704.200000 0.000768
704.250000 0.000777
704.300000 0.000785
704.350000 0.000794
704.400000 0.000803
704.450000 0.000812
704.500000 0.000821
704.550000 0.000831
704.600000 0.000840
704.650000 0.000850
704.700000 0.000860
704.750000 0.000870
704.800000 0.000880
704.850000 0.000891
704.900000 0.000902
704.950000 0.000913
705.000000 0.000924
705.050000 0.000935
705.100000 0.000947
705.150000 0.000959
705.200000 0.000971
705.250000 0.000984
705.300000 0.000997
705.350000 0.001010
705.400000 0.001023
705.450000 0.001037
705.500000 0.001050
705.550000 0.001065
705.600000 0.001079
705.650000 0.001094
705.700000 0.001110
705.750000 0.001125
705.800000 0.001141
705.850000 0.001158
705.900000 0.001175
705.950000 0.001192
706.000000 0.001210
706.050000 0.001228
706.100000 0.001246
706.150000 0.001266
706.200000 0.001285
706.250000 0.001305
706.300000 0.001326
706.350000 0.001348
706.400000 0.001370
706.450000 0.001392
706.500000 0.001415
706.550000 0.001439
706.600000 0.001464
706.650000 0.001489
706.700000 0.001516
706.750000 0.001543
706.800000 0.001571
706.850000 0.001599
706.900000 0.001629
706.950000 0.001660
707.000000 0.001692
707.050000 0.001724
707.100000 0.001758
707.150000 0.001794
707.200000 0.001830
707.250000 0.001868
707.300000 0.001908
707.350000 0.001948
707.400000 0.001991
707.450000 0.002035
707.500000 0.002081
707.550000 0.002129
707.600000 0.002179
707.650000 0.002231
707.700000 0.002286
707.750000 0.002343
707.800000 0.002403
707.850000 0.002465
707.900000 0.002531
707.950000 0.002600
708.000000 0.002672
708.050000 0.002749
708.100000 0.002829
708.150000 0.002914
708.200000 0.003004
708.250000 0.003100
708.300000 0.003201
708.350000 0.003308
708.400000 0.003423
708.450000 0.003545
708.500000 0.003676
708.550000 0.003816
708.600000 0.003966
708.650000 0.004128
708.700000 0.004304
708.750000 0.004493
708.800000 0.004699
708.850000 0.004924
708.900000 0.005169
708.950000 0.005439
709.000000 0.005736
709.050000 0.006064
709.100000 0.006430
709.150000 0.006838
709.200000 0.007297
709.250000 0.007816
709.300000 0.008405
709.350000 0.009080
709.400000 0.009857
709.450000 0.010761
709.500000 0.011820
709.550000 0.013072
709.600000 0.014567
709.650000 0.016368
709.700000 0.018560
709.750000 0.021252
709.800000 0.024580
709.850000 0.028709
709.900000 0.033810
709.950000 0.040026
710.000000 0.047389
710.050000 0.055707
710.100000 0.064448
710.150000 0.072707
710.200000 0.079319
710.250000 0.083163
710.300000 0.083539
710.350000 0.080428
710.400000 0.074505
710.450000 0.066870
710.500000 0.058687
710.550000 0.050887
710.600000 0.044038
710.650000 0.038378
710.700000 0.033913
710.750000 0.030532
710.800000 0.028082
710.850000 0.026410
710.900000 0.025371
710.950000 0.024827
711.000000 0.024641
711.050000 0.024679
711.100000 0.024815
711.150000 0.024950
711.200000 0.025024
711.250000 0.025022
711.300000 0.024961
711.350000 0.024876
711.400000 0.024798
711.450000 0.024750
711.500000 0.024743
711.550000 0.024795
711.600000 0.024926
711.650000 0.025165
711.700000 0.025536
711.750000 0.026059
711.800000 0.026751
711.850000 0.027641
711.900000 0.028776
711.950000 0.030229
712.000000 0.032096
712.050000 0.034485
712.100000 0.037513
712.150000 0.041305
712.200000 0.045988
712.250000 0.051690
712.300000 0.058519
712.350000 0.066519
712.400000 0.075596
712.450000 0.085445
712.500000 0.095521
712.550000 0.105115
712.600000 0.113520
712.650000 0.120250
712.700000 0.125179
712.750000 0.128535
712.800000 0.130757
712.850000 0.132309
712.900000 0.133543
712.950000 0.134659
713.000000 0.135752
713.050000 0.136869
713.100000 0.138079
713.150000 0.139506
713.200000 0.141353
713.250000 0.143900
713.300000 0.147458
713.350000 0.152281
713.400000 0.158458
713.450000 0.165820
713.500000 0.173916
713.550000 0.182067
713.600000 0.189457
713.650000 0.195250
713.700000 0.198753
713.750000 0.199616
713.800000 0.198021
713.850000 0.194718
713.900000 0.190847
713.950000 0.187604
714.000000 0.185909
714.050000 0.186170
714.100000 0.188213
714.150000 0.191319
714.200000 0.194393
714.250000 0.196218
714.300000 0.195782
714.350000 0.192562
714.400000 0.186654
714.450000 0.178694
714.500000 0.169618
714.550000 0.160369
714.600000 0.151678
714.650000 0.143959
714.700000 0.137332
714.750000 0.131694
714.800000 0.126820
714.850000 0.122436
714.900000 0.118264
714.950000 0.114052
715.000000 0.109588
715.050000 0.104728
715.100000 0.099432
715.150000 0.093780
715.200000 0.087963
715.250000 0.082225
715.300000 0.076789
715.350000 0.071790
715.400000 0.067256
715.450000 0.063135
715.500000 0.059357
715.550000 0.055887
715.600000 0.052741
715.650000 0.049962
715.700000 0.047575
715.750000 0.045554
715.800000 0.043818
715.850000 0.042258
715.900000 0.040779
715.950000 0.039335
716.000000 0.037943
716.050000 0.036659
716.100000 0.035552
716.150000 0.034663
716.200000 0.033997
716.250000 0.033529
716.300000 0.033225
716.350000 0.033058
716.400000 0.033012
716.450000 0.033074
716.500000 0.033224
716.550000 0.033424
716.600000 0.033610
716.650000 0.033701
716.700000 0.033611
716.750000 0.033273
716.800000 0.032654
716.850000 0.031771
716.900000 0.030686
716.950000 0.029490
717.000000 0.028275
717.050000 0.027109
717.100000 0.026020
717.150000 0.024994
717.200000 0.023991
717.250000 0.022965
717.300000 0.021887
717.350000 0.020759
717.400000 0.019613
717.450000 0.018496
717.500000 0.017454
717.550000 0.016515
717.600000 0.015690
717.650000 0.014967
717.700000 0.014323
717.750000 0.013729
717.800000 0.013160
717.850000 0.012600
717.900000 0.012050
717.950000 0.011515
718.000000 0.011007
718.050000 0.010532
718.100000 0.010090
718.150000 0.009681
718.200000 0.009303
718.250000 0.008958
718.300000 0.008648
718.350000 0.008373
718.400000 0.008130
718.450000 0.007913
718.500000 0.007713
718.550000 0.007525
718.600000 0.007344
718.650000 0.007169
718.700000 0.007003
718.750000 0.006850
718.800000 0.006716
718.850000 0.006605
718.900000 0.006522
718.950000 0.006470
719.000000 0.006446
719.050000 0.006444
719.100000 0.006454
719.150000 0.006462
719.200000 0.006455
719.250000 0.006420
719.300000 0.006349
719.350000 0.006242
719.400000 0.006103
719.450000 0.005944
719.500000 0.005775
719.550000 0.005607
719.600000 0.005449
719.650000 0.005304
719.700000 0.005174
719.750000 0.005059
719.800000 0.004958
719.850000 0.004869
719.900000 0.004791
719.950000 0.004724
720.000000 0.004667
720.050000 0.004621
720.100000 0.004585
720.150000 0.004561
720.200000 0.004547
720.250000 0.004543
720.300000 0.004548
720.350000 0.004561
720.400000 0.004579
720.450000 0.004602
720.500000 0.004629
720.550000 0.004658
720.600000 0.004688
720.650000 0.004718
720.700000 0.004748
720.750000 0.004776
720.800000 0.004803
720.850000 0.004829
720.900000 0.004855
720.950000 0.004880
721.000000 0.004907
721.050000 0.004935
721.100000 0.004966
721.150000 0.005001
721.200000 0.005040
721.250000 0.005084
721.300000 0.005133
721.350000 0.005189
721.400000 0.005251
721.450000 0.005320
721.500000 0.005397
721.550000 0.005484
721.600000 0.005580
721.650000 0.005688
721.700000 0.005808
721.750000 0.005942
721.800000 0.006091
721.850000 0.006257
721.900000 0.006443
721.950000 0.006649
722.000000 0.006880
722.050000 0.007137
722.100000 0.007425
722.150000 0.007745
722.200000 0.008102
722.250000 0.008500
722.300000 0.008943
722.350000 0.009433
722.400000 0.009974
722.450000 0.010566
722.500000 0.011208
722.550000 0.011895
722.600000 0.012617
722.650000 0.013358
722.700000 0.014097
722.750000 0.014805
722.800000 0.015452
722.850000 0.016006
722.900000 0.016439
722.950000 0.016732
723.000000 0.016880
723.050000 0.016890
723.100000 0.016782
723.150000 0.016585
723.200000 0.016333
723.250000 0.016059
723.300000 0.015795
723.350000 0.015566
723.400000 0.015390
723.450000 0.015280
723.500000 0.015246
723.550000 0.015291
723.600000 0.015419
723.650000 0.015632
723.700000 0.015930
723.750000 0.016315
723.800000 0.016788
723.850000 0.017351
723.900000 0.018006
723.950000 0.018753
724.000000 0.019596
724.050000 0.020538
724.100000 0.021580
724.150000 0.022727
724.200000 0.023985
724.250000 0.025361
724.300000 0.026866
724.350000 0.028512
724.400000 0.030315
724.450000 0.032290
724.500000 0.034453
724.550000 0.036820
724.600000 0.039399
724.650000 0.042196
724.700000 0.045209
724.750000 0.048430
724.800000 0.051846
724.850000 0.055434
724.900000 0.059170
724.950000 0.063016
725.000000 0.066927
725.050000 0.070845
725.100000 0.074701
725.150000 0.078418
725.200000 0.081924
725.250000 0.085158
725.300000 0.088085
725.350000 0.090701
725.400000 0.093037
725.450000 0.095144
725.500000 0.097087
725.550000 0.098919
725.600000 0.100674
725.650000 0.102347
725.700000 0.103896
725.750000 0.105245
725.800000 0.106295
725.850000 0.106941
725.900000 0.107088
725.950000 0.106669
726.000000 0.105653
726.050000 0.104049
726.100000 0.101904
726.150000 0.099293
726.200000 0.096310
726.250000 0.093058
726.300000 0.089638
726.350000 0.086142
726.400000 0.082647
726.450000 0.079214
726.500000 0.075886
726.550000 0.072692
726.600000 0.069647
726.650000 0.066757
726.700000 0.064026
726.750000 0.061456
726.800000 0.059048
726.850000 0.056800
726.900000 0.054706
726.950000 0.052754
727.000000 0.050925
727.050000 0.049195
727.100000 0.047535
727.150000 0.045920
727.200000 0.044331
727.250000 0.042756
727.300000 0.041195
727.350000 0.039657
727.400000 0.038159
727.450000 0.036719
727.500000 0.035359
727.550000 0.034093
727.600000 0.032932
727.650000 0.031878
727.700000 0.030926
727.750000 0.030068
727.800000 0.029289
727.850000 0.028574
727.900000 0.027909
727.950000 0.027280
728.000000 0.026674
728.050000 0.026082
728.100000 0.025497
728.150000 0.024911
728.200000 0.024320
728.250000 0.023723
728.300000 0.023117
728.350000 0.022504
728.400000 0.021884
728.450000 0.021261
728.500000 0.020638
728.550000 0.020018
728.600000 0.019403
728.650000 0.018797
728.700000 0.018203
728.750000 0.017623
728.800000 0.017060
728.850000 0.016514
728.900000 0.015985
728.950000 0.015473
729.000000 0.014974
729.050000 0.014486
729.100000 0.014005
729.150000 0.013527
729.200000 0.013050
729.250000 0.012573
729.300000 0.012095
729.350000 0.011619
729.400000 0.011145
729.450000 0.010678
729.500000 0.010221
729.550000 0.009776
729.600000 0.009347
729.650000 0.008935
729.700000 0.008542
729.750000 0.008168
729.800000 0.007815
729.850000 0.007481
729.900000 0.007166
729.950000 0.006871
730.000000 0.006593
730.050000 0.006333
730.100000 0.006089
730.150000 0.005862
730.200000 0.005650
730.250000 0.005453
730.300000 0.005270
730.350000 0.005099
730.400000 0.004938
730.450000 0.004788
730.500000 0.004645
730.550000 0.004511
730.600000 0.004383
730.650000 0.004261
730.700000 0.004146
730.750000 0.004036
730.800000 0.003932
730.850000 0.003835
730.900000 0.003743
730.950000 0.003657
731.000000 0.003576
731.050000 0.003502
731.100000 0.003433
731.150000 0.003369
731.200000 0.003310
731.250000 0.003254
731.300000 0.003203
731.350000 0.003154
731.400000 0.003107
731.450000 0.003062
731.500000 0.003018
731.550000 0.002974
731.600000 0.002930
731.650000 0.002887
731.700000 0.002844
731.750000 0.002801
731.800000 0.002759
731.850000 0.002719
731.900000 0.002680
731.950000 0.002642
732.000000 0.002607
732.050000 0.002573
732.100000 0.002539
732.150000 0.002507
732.200000 0.002474
732.250000 0.002441
732.300000 0.002407
732.350000 0.002371
732.400000 0.002333
732.450000 0.002294
732.500000 0.002253
732.550000 0.002211
732.600000 0.002168
732.650000 0.002125
732.700000 0.002081
732.750000 0.002038
732.800000 0.001996
732.850000 0.001954
732.900000 0.001913
732.950000 0.001873
733.000000 0.001833
733.050000 0.001795
733.100000 0.001757
733.150000 0.001720
733.200000 0.001685
733.250000 0.001650
733.300000 0.001616
733.350000 0.001583
733.400000 0.001552
733.450000 0.001522
733.500000 0.001492
733.550000 0.001465
733.600000 0.001438
733.650000 0.001413
733.700000 0.001388
733.750000 0.001364
733.800000 0.001341
733.850000 0.001318
733.900000 0.001295
733.950000 0.001272
734.000000 0.001249
734.050000 0.001227
734.100000 0.001205
734.150000 0.001183
734.200000 0.001162
734.250000 0.001142
734.300000 0.001122
734.350000 0.001103
734.400000 0.001084
734.450000 0.001066
734.500000 0.001049
734.550000 0.001033
734.600000 0.001018
734.650000 0.001003
734.700000 0.000988
734.750000 0.000974
734.800000 0.000961
734.850000 0.000948
734.900000 0.000936
734.950000 0.000924
735.000000 0.000913
735.050000 0.000902
735.100000 0.000891
735.150000 0.000881
735.200000 0.000871
735.250000 0.000862
735.300000 0.000852
735.350000 0.000843
735.400000 0.000834
735.450000 0.000825
735.500000 0.000816
735.550000 0.000807
735.600000 0.000799
735.650000 0.000790
735.700000 0.000781
735.750000 0.000773
735.800000 0.000764
735.850000 0.000755
735.900000 0.000747
735.950000 0.000739
736.000000 0.000730
736.050000 0.000722
736.100000 0.000714
736.150000 0.000706
736.200000 0.000698
736.250000 0.000691
736.300000 0.000683
736.350000 0.000676
736.400000 0.000669
736.450000 0.000661
736.500000 0.000655
736.550000 0.000648
736.600000 0.000641
736.650000 0.000635
736.700000 0.000628
736.750000 0.000622
736.800000 0.000615
736.850000 0.000609
736.900000 0.000603
736.950000 0.000596
737.000000 0.000590
737.050000 0.000584
737.100000 0.000578
737.150000 0.000572
737.200000 0.000566
737.250000 0.000561
737.300000 0.000555
737.350000 0.000550
737.400000 0.000544
737.450000 0.000539
737.500000 0.000534
737.550000 0.000529
737.600000 0.000525
737.650000 0.000520
737.700000 0.000515
737.750000 0.000511
737.800000 0.000507
737.850000 0.000502
737.900000 0.000498
737.950000 0.000494
738.000000 0.000490
738.050000 0.000485
738.100000 0.000481
738.150000 0.000477
738.200000 0.000474
738.250000 0.000470
738.300000 0.000466
738.350000 0.000462
738.400000 0.000459
738.450000 0.000455
738.500000 0.000452
738.550000 0.000448
738.600000 0.000445
738.650000 0.000441
738.700000 0.000438
738.750000 0.000435
738.800000 0.000432
738.850000 0.000428
738.900000 0.000425
738.950000 0.000422
739.000000 0.000419
739.050000 0.000416
739.100000 0.000413
739.150000 0.000410
739.200000 0.000407
739.250000 0.000404
739.300000 0.000401
739.350000 0.000398
739.400000 0.000395
739.450000 0.000392
739.500000 0.000389
739.550000 0.000386
739.600000 0.000383
739.650000 0.000380
739.700000 0.000378
739.750000 0.000375
739.800000 0.000372
739.850000 0.000370
739.900000 0.000367
739.950000 0.000365
740.000000 0.000362
740.050000 0.000360
740.100000 0.000357
740.150000 0.000355
740.200000 0.000353
740.250000 0.000350
740.300000 0.000348
740.350000 0.000346
740.400000 0.000343
740.450000 0.000341
740.500000 0.000339
740.550000 0.000337
740.600000 0.000334
740.650000 0.000332
740.700000 0.000330
740.750000 0.000328
740.800000 0.000326
740.850000 0.000324
740.900000 0.000322
740.950000 0.000320
741.000000 0.000318
741.050000 0.000316
741.100000 0.000314
741.150000 0.000312
741.200000 0.000310
741.250000 0.000308
741.300000 0.000306
741.350000 0.000305
741.400000 0.000303
741.450000 0.000301
741.500000 0.000299
741.550000 0.000297
741.600000 0.000296
741.650000 0.000294
741.700000 0.000292
741.750000 0.000290
741.800000 0.000289
741.850000 0.000287
741.900000 0.000285
741.950000 0.000284
742.000000 0.000282
742.050000 0.000280
742.100000 0.000279
742.150000 0.000277
742.200000 0.000276
742.250000 0.000274
742.300000 0.000272
742.350000 0.000271
742.400000 0.000269
742.450000 0.000268
742.500000 0.000266
742.550000 0.000265
742.600000 0.000263
742.650000 0.000262
742.700000 0.000261
742.750000 0.000259
742.800000 0.000258
742.850000 0.000256
742.900000 0.000255
742.950000 0.000254
743.000000 0.000252
743.050000 0.000251
743.100000 0.000249
743.150000 0.000248
743.200000 0.000247
743.250000 0.000245
743.300000 0.000244
743.350000 0.000243
743.400000 0.000242
743.450000 0.000240
743.500000 0.000239
743.550000 0.000238
743.600000 0.000237
743.650000 0.000235
743.700000 0.000234
743.750000 0.000233
743.800000 0.000232
743.850000 0.000231
743.900000 0.000229
743.950000 0.000228
744.000000 0.000227
744.050000 0.000226
744.100000 0.000225
744.150000 0.000224
744.200000 0.000223
744.250000 0.000221
744.300000 0.000220
744.350000 0.000219
744.400000 0.000218
744.450000 0.000217
744.500000 0.000216
744.550000 0.000215
744.600000 0.000214
744.650000 0.000213
744.700000 0.000212
744.750000 0.000211
744.800000 0.000210
744.850000 0.000209
744.900000 0.000208
744.950000 0.000207
745.000000 0.000206
745.050000 0.000205
745.100000 0.000204
745.150000 0.000203
745.200000 0.000202
745.250000 0.000201
745.300000 0.000200
745.350000 0.000199
745.400000 0.000198
745.450000 0.000197
745.500000 0.000196
745.550000 0.000195
745.600000 0.000194
745.650000 0.000193
745.700000 0.000193
745.750000 0.000192
745.800000 0.000191
745.850000 0.000190
745.900000 0.000189
745.950000 0.000188
746.000000 0.000187
746.050000 0.000186
746.100000 0.000186
746.150000 0.000185
746.200000 0.000184
746.250000 0.000183
746.300000 0.000182
746.350000 0.000181
746.400000 0.000181
746.450000 0.000180
746.500000 0.000179
746.550000 0.000178
746.600000 0.000177
746.650000 0.000177
746.700000 0.000176
746.750000 0.000175
746.800000 0.000174
746.850000 0.000174
746.900000 0.000173
746.950000 0.000172
747.000000 0.000171
747.050000 0.000171
747.100000 0.000170
747.150000 0.000169
747.200000 0.000168
747.250000 0.000168
747.300000 0.000167
747.350000 0.000166
747.400000 0.000166
747.450000 0.000165
747.500000 0.000164
747.550000 0.000163
747.600000 0.000163
747.650000 0.000162
747.700000 0.000161
747.750000 0.000161
747.800000 0.000160
747.850000 0.000159
747.900000 0.000159
747.950000 0.000158
748.000000 0.000157
748.050000 0.000157
748.100000 0.000156
748.150000 0.000156
748.200000 0.000155
748.250000 0.000154
748.300000 0.000154
748.350000 0.000153
748.400000 0.000152
748.450000 0.000152
748.500000 0.000151
748.550000 0.000151
748.600000 0.000150
748.650000 0.000149
748.700000 0.000149
748.750000 0.000148
748.800000 0.000148
748.850000 0.000147
748.900000 0.000146
748.950000 0.000146
749.000000 0.000145
749.050000 0.000145
749.100000 0.000144
749.150000 0.000144
749.200000 0.000143
749.250000 0.000142
749.300000 0.000142
749.350000 0.000141
749.400000 0.000141
749.450000 0.000140
749.500000 0.000140
749.550000 0.000139
749.600000 0.000139
749.650000 0.000138
749.700000 0.000137
749.750000 0.000135
749.800000 0.000131
749.850000 0.000122
749.900000 0.000105
749.950000 0.000081

#Sticks
710.200000 0.000405
710.250000 0.054674
710.350000 0.015504
710.900000 0.000011
710.950000 0.000000
711.000000 0.000638
711.050000 0.000020
711.100000 0.003111
711.150000 0.000617
711.200000 0.000024
711.250000 0.001886
711.300000 0.000504
711.350000 0.000570
711.400000 0.000066
711.450000 0.002192
711.500000 0.000032
711.550000 0.001262
711.650000 0.000143
711.700000 0.000316
711.750000 0.000165
711.800000 0.001077
711.850000 0.000883
711.950000 0.000449
712.050000 0.000014
712.100000 0.000023
712.150000 0.000001
712.200000 0.000036
712.250000 0.001267
712.300000 0.000563
712.350000 0.000230
712.400000 0.000277
712.450000 0.001611
712.500000 0.000466
712.550000 0.003281
712.600000 0.034445
712.650000 0.000350
712.700000 0.016238
712.750000 0.004335
712.850000 0.011858
712.900000 0.006672
712.950000 0.014515
713.000000 0.001523
713.050000 0.005612
713.100000 0.007924
713.150000 0.011286
713.200000 0.000831
713.250000 0.017035
713.300000 0.001725
713.400000 0.004825
713.450000 0.000757
713.500000 0.009642
713.550000 0.027714
713.650000 0.012043
713.700000 0.000333
713.750000 0.071010
713.800000 0.000075
713.850000 0.008416
713.900000 0.000579
713.950000 0.004686
714.000000 0.011806
714.050000 0.000256
714.100000 0.000274
714.150000 0.019012
714.200000 0.000067
714.250000 0.026276
714.300000 0.031881
714.350000 0.017597
714.400000 0.013612
714.450000 0.007263
714.500000 0.011459
714.550000 0.000767
714.600000 0.004706
714.650000 0.004018
714.700000 0.009809
714.750000 0.003873
714.800000 0.008422
714.850000 0.002531
714.900000 0.009462
714.950000 0.003989
715.000000 0.003801
715.050000 0.015427
715.100000 0.001243
715.150000 0.009813
715.200000 0.002030
715.250000 0.002106
715.300000 0.002464
715.350000 0.000630
715.400000 0.001097
715.450000 0.003467
715.500000 0.005625
715.550000 0.002176
715.600000 0.000612
715.650000 0.000181
715.700000 0.001419
715.750000 0.001403
715.800000 0.000955
715.850000 0.001200
715.900000 0.005935
715.950000 0.000309
716.000000 0.000841
716.050000 0.000606
716.100000 0.000174
716.150000 0.000880
716.200000 0.001555
716.250000 0.001503
716.300000 0.001008
716.350000 0.000334
716.400000 0.002801
716.450000 0.000049
716.500000 0.001417
716.550000 0.001346
716.600000 0.002203
716.650000 0.000991
716.700000 0.003808
716.750000 0.000433
716.800000 0.003863
716.850000 0.002513
716.900000 0.000832
716.950000 0.000970
717.000000 0.001390
717.050000 0.000330
717.100000 0.000783
717.150000 0.001568
717.200000 0.000063
717.250000 0.002260
717.300000 0.002077
717.350000 0.000621
717.400000 0.000145
717.450000 0.000061
717.500000 0.001028
717.550000 0.000232
717.600000 0.000446
717.650000 0.000091
717.700000 0.000125
717.750000 0.000891
717.800000 0.000844
717.850000 0.000601
717.900000 0.000077
717.950000 0.000104
718.000000 0.000233
718.050000 0.000113
718.100000 0.000627
718.150000 0.000117
718.200000 0.000271
718.250000 0.000079
718.300000 0.000234
718.350000 0.000018
718.400000 0.000088
718.450000 0.000511
718.500000 0.000002
718.550000 0.000147
718.600000 0.000237
718.650000 0.000167
718.700000 0.000130
718.750000 0.000117
718.800000 0.000134
718.850000 0.000093
718.900000 0.000052
718.950000 0.000104
719.000000 0.000053
719.050000 0.000104
719.100000 0.000137
719.150000 0.000226
719.200000 0.000334
719.250000 0.000009
719.300000 0.000290
719.350000 0.000454
719.400000 0.000151
719.450000 0.000108
719.500000 0.000072
719.550000 0.000089
719.600000 0.000078
719.650000 0.000004
719.700000 0.000156
719.750000 0.000019
719.800000 0.000044
719.850000 0.000034
719.900000 0.000053
719.950000 0.000049
720.000000 0.000029
720.050000 0.000186
720.100000 0.000023
720.150000 0.000012
720.200000 0.000155
720.250000 0.000002
720.300000 0.000031
720.350000 0.000014
720.400000 0.000069
720.450000 0.000070
720.500000 0.000150
720.550000 0.000080
720.600000 0.000017
720.650000 0.000038
720.700000 0.000256
720.750000 0.000102
720.800000 0.000004
720.850000 0.000306
720.900000 0.000058
720.950000 0.000007
721.000000 0.000109
721.050000 0.000047
721.100000 0.000000
721.150000 0.000060
721.200000 0.000061
721.250000 0.000040
721.300000 0.000044
721.350000 0.000143
721.400000 0.000023
721.450000 0.000027
721.500000 0.000015
721.550000 0.000058
721.600000 0.000001
721.650000 0.000057
721.700000 0.000043
721.800000 0.000024
721.850000 0.000030
721.900000 0.000012
721.950000 0.000025
722.000000 0.000022
722.100000 0.000002
722.150000 0.000018
722.200000 0.000005
722.250000 0.000007
722.300000 0.000010
722.350000 0.000001
722.400000 0.000004
722.450000 0.000034
722.500000 0.000015
722.550000 0.000000
722.600000 0.000002
722.650000 0.000035
722.700000 0.000075
722.750000 0.000001
722.800000 0.000204
722.850000 0.000011
722.900000 0.002260
722.950000 0.013164
723.000000 0.000019
723.050000 0.000075
723.100000 0.000109
723.150000 0.000202
723.200000 0.000005
723.250000 0.000009
723.300000 0.000005
723.350000 0.000001
723.400000 0.000012
723.500000 0.000006
723.550000 0.000097
723.600000 0.000034
723.650000 0.000022
723.700000 0.000028
723.750000 0.000012
723.800000 0.000000
723.900000 0.000036
723.950000 0.000003
724.050000 0.000075
724.100000 0.000060
724.150000 0.000752
724.200000 0.000135
724.250000 0.000421
724.300000 0.000211
724.350000 0.001355
724.400000 0.000599
724.450000 0.000074
724.500000 0.000023
724.550000 0.000012
724.600000 0.000069
724.650000 0.000308
724.700000 0.000250
724.750000 0.000199
724.800000 0.002020
724.850000 0.002208
724.900000 0.008798
724.950000 0.000118
725.000000 0.001069
725.100000 0.000847
725.150000 0.011617
725.200000 0.000361
725.250000 0.010342
725.300000 0.033727
725.350000 0.004910
725.400000 0.000957
725.450000 0.005203
725.500000 0.001951
725.550000 0.006150
725.600000 0.001652
725.650000 0.001300
725.700000 0.004640
725.750000 0.003931
725.800000 0.019009
725.850000 0.000613
725.900000 0.036690
725.950000 0.000146
726.000000 0.000267
726.050000 0.032322
726.100000 0.001095
726.150000 0.005640
726.200000 0.012668
726.250000 0.000068
726.300000 0.007202
726.350000 0.008841
726.400000 0.000270
726.500000 0.003630
726.550000 0.000071
726.600000 0.008762
726.650000 0.005952
726.750000 0.004317
726.800000 0.000010
726.850000 0.001553
726.900000 0.000217
726.950000 0.000093
727.000000 0.004849
727.050000 0.000243
727.100000 0.000849
727.150000 0.003314
727.200000 0.009759
727.250000 0.000055
727.300000 0.002346
727.350000 0.002746
727.450000 0.000164
727.500000 0.001115
727.550000 0.000078
727.600000 0.000715
727.650000 0.000047
727.700000 0.000027
727.750000 0.001485
727.800000 0.000035
727.850000 0.003656
727.900000 0.002018
727.950000 0.000177
728.000000 0.000088
728.050000 0.002371
728.100000 0.001046
728.150000 0.000044
728.200000 0.002715
728.250000 0.000887
728.300000 0.001684
728.350000 0.001247
728.400000 0.000516
728.450000 0.001004
728.500000 0.000087
728.550000 0.000517
728.600000 0.001986
728.650000 0.000498
728.700000 0.000587
728.750000 0.000915
728.800000 0.000712
728.900000 0.000742
728.950000 0.000386
729.000000 0.000295
729.050000 0.000826
729.100000 0.000536
729.150000 0.000169
729.200000 0.001026
729.250000 0.001755
729.350000 0.000098
729.400000 0.000109
729.450000 0.000465
729.500000 0.000485
729.550000 0.000221
729.600000 0.000185
729.650000 0.000070
729.700000 0.000082
729.750000 0.000035
729.800000 0.000002
729.850000 0.000364
729.900000 0.000032
729.950000 0.000138
730.000000 0.000076
730.050000 0.000098
730.100000 0.000024
730.200000 0.000019
730.250000 0.000002
730.300000 0.000002
730.350000 0.000047
730.400000 0.000191
730.450000 0.000035
730.500000 0.000020
730.550000 0.000106
730.650000 0.000165
730.750000 0.000005
730.800000 0.000007
730.850000 0.000048
730.900000 0.000023
730.950000 0.000037
731.000000 0.000005
731.050000 0.000054
731.100000 0.000012
731.150000 0.000006
731.200000 0.000001
731.250000 0.000065
731.300000 0.000008
731.350000 0.000079
731.400000 0.000018
731.450000 0.000121
731.500000 0.000014
731.550000 0.000001
731.600000 0.000121
731.650000 0.000048
731.700000 0.000139
731.750000 0.000015
731.800000 0.000004
731.850000 0.000057
731.900000 0.000020
731.950000 0.000016
732.000000 0.000036
732.050000 0.000004
732.100000 0.000002
732.150000 0.000115
732.200000 0.000049
732.250000 0.000005
732.300000 0.000257
732.400000 0.000021
732.450000 0.000143
732.500000 0.000004
732.550000 0.000030
732.600000 0.000045
732.650000 0.000014
732.700000 0.000011
732.750000 0.000049
732.800000 0.000047
732.850000 0.000025
732.900000 0.000023
733.000000 0.000082
733.050000 0.000001
733.100000 0.000001
733.150000 0.000023
733.200000 0.000003
733.250000 0.000098
733.300000 0.000001
733.350000 0.000001
733.400000 0.000008
733.450000 0.000007
733.650000 0.000001
733.700000 0.000031
733.750000 0.000006
733.800000 0.000047
733.850000 0.000001
733.900000 0.000025
733.950000 0.000012
734.000000 0.000001
734.050000 0.000005
734.100000 0.000020
734.150000 0.000000
734.250000 0.000016
734.300000 0.000000
734.350000 0.000001
734.400000 0.000000
734.500000 0.000001
734.550000 0.000002
734.600000 0.000001
734.650000 0.000013
734.750000 0.000004
734.800000 0.000000
734.900000 0.000001
735.000000 0.000001
735.050000 0.000007
735.150000 0.000000
735.250000 0.000011
735.300000 0.000001
735.350000 0.000001
735.400000 0.000000
735.450000 0.000011
735.500000 0.000004
735.550000 0.000003
735.650000 0.000002
735.700000 0.000016
735.800000 0.000000
735.850000 0.000002
735.950000 0.000003
736.050000 0.000003
736.100000 0.000011
736.200000 0.000000
736.250000 0.000001
736.300000 0.000000
736.350000 0.000000
736.450000 0.000002
736.500000 0.000003
736.600000 0.000002
736.700000 0.000001
736.800000 0.000008
736.900000 0.000003
737.050000 0.000003
737.750000 0.000001
737.800000 0.000002
738.550000 0.000002
739.100000 0.000002
739.150000 0.000001
