700.000000 0.000068
700.050000 0.000089
700.100000 0.000103
700.150000 0.000111
700.200000 0.000115
700.250000 0.000116
700.300000 0.000117
700.350000 0.000118
700.400000 0.000119
700.450000 0.000120
700.500000 0.000121
700.550000 0.000121
700.600000 0.000122
700.650000 0.000123
700.700000 0.000124
700.750000 0.000125
700.800000 0.000126
700.850000 0.000126
700.900000 0.000127
700.950000 0.000128
701.000000 0.000129
701.050000 0.000130
701.100000 0.000131
701.150000 0.000132
701.200000 0.000133
701.250000 0.000134
701.300000 0.000135
701.350000 0.000136
701.400000 0.000137
701.450000 0.000138
701.500000 0.000139
701.550000 0.000140
701.600000 0.000141
701.650000 0.000142
701.700000 0.000143
701.750000 0.000144
701.800000 0.000145
701.850000 0.000146
701.900000 0.000147
701.950000 0.000148
702.000000 0.000149
702.050000 0.000150
702.100000 0.000152
702.150000 0.000153
702.200000 0.000154
702.250000 0.000155
702.300000 0.000156
702.350000 0.000158
702.400000 0.000159
702.450000 0.000160
702.500000 0.000161
702.550000 0.000163
702.600000 0.000164
702.650000 0.000165
702.700000 0.000167
702.750000 0.000168
702.800000 0.000169
702.850000 0.000171
702.900000 0.000172
702.950000 0.000174
703.000000 0.000175
703.050000 0.000177
703.100000 0.000178
703.150000 0.000180
703.200000 0.000181
703.250000 0.000183
703.300000 0.000184
703.350000 0.000186
703.400000 0.000188
703.450000 0.000189
703.500000 0.000191
703.550000 0.000193
703.600000 0.000195
703.650000 0.000196
703.700000 0.000198
703.750000 0.000200
703.800000 0.000202
703.850000 0.000204
703.900000 0.000206
703.950000 0.000207
704.000000 0.000209
704.050000 0.000211
704.100000 0.000213
704.150000 0.000215
704.200000 0.000218
704.250000 0.000220
704.300000 0.000222
704.350000 0.000224
704.400000 0.000226
704.450000 0.000229
704.500000 0.000231
704.550000 0.000233
704.600000 0.000236
704.650000 0.000238
704.700000 0.000240
704.750000 0.000243
704.800000 0.000245
704.850000 0.000248
704.900000 0.000251
704.950000 0.000253
705.000000 0.000256
705.050000 0.000259
705.100000 0.000262
705.150000 0.000265
705.200000 0.000268
705.250000 0.000271
705.300000 0.000274
705.350000 0.000277
705.400000 0.000280
705.450000 0.000283
705.500000 0.000286
705.550000 0.000290
705.600000 0.000293
705.650000 0.000297
705.700000 0.000300
705.750000 0.000304
705.800000 0.000308
705.850000 0.000312
705.900000 0.000315
705.950000 0.000319
706.000000 0.000323
706.050000 0.000328
706.100000 0.000332
706.150000 0.000336
706.200000 0.000341
706.250000 0.000345
706.300000 0.000350
706.350000 0.000354
706.400000 0.000359
706.450000 0.000364
706.500000 0.000369
706.550000 0.000374
706.600000 0.000380
706.650000 0.000385
706.700000 0.000391
706.750000 0.000397
706.800000 0.000402
706.850000 0.000408
706.900000 0.000415
706.950000 0.000421
707.000000 0.000428
707.050000 0.000434
707.100000 0.000441
707.150000 0.000448
707.200000 0.000456
707.250000 0.000463
707.300000 0.000471
707.350000 0.000479
707.400000 0.000487
707.450000 0.000495
707.500000 0.000504
707.550000 0.000513
707.600000 0.000523
707.650000 0.000532
707.700000 0.000542
707.750000 0.000553
707.800000 0.000563
707.850000 0.000574
707.900000 0.000586
707.950000 0.000598
708.000000 0.000610
708.050000 0.000623
708.100000 0.000637
708.150000 0.000651
708.200000 0.000665
708.250000 0.000680
708.300000 0.000696
708.350000 0.000713
708.400000 0.000731
708.450000 0.000749
708.500000 0.000768
708.550000 0.000789
708.600000 0.000810
708.650000 0.000833
708.700000 0.000857
708.750000 0.000882
708.800000 0.000910
708.850000 0.000939
708.900000 0.000970
708.950000 0.001003
709.000000 0.001039
709.050000 0.001078
709.100000 0.001120
709.150000 0.001166
709.200000 0.001216
709.250000 0.001271
709.300000 0.001332
709.350000 0.001400
709.400000 0.001477
709.450000 0.001563
709.500000 0.001660
709.550000 0.001773
709.600000 0.001903
709.650000 0.002055
709.700000 0.002234
709.750000 0.002449
709.800000 0.002709
709.850000 0.003025
709.900000 0.003413
709.950000 0.003890
710.000000 0.004472
710.050000 0.005168
710.100000 0.005971
710.150000 0.006842
710.200000 0.007707
710.250000 0.008456
710.300000 0.008969
710.350000 0.009159
710.400000 0.008998
710.450000 0.008539
710.500000 0.007886
710.550000 0.007161
710.600000 0.006468
710.650000 0.005874
710.700000 0.005408
710.750000 0.005072
710.800000 0.004856
710.850000 0.004737
710.900000 0.004694
710.950000 0.004703
711.000000 0.004746
711.050000 0.004808
711.100000 0.004882
711.150000 0.004962
711.200000 0.005045
711.250000 0.005129
711.300000 0.005211
711.350000 0.005293
711.400000 0.005384
711.450000 0.005494
711.500000 0.005634
711.550000 0.005815
711.600000 0.006044
711.650000 0.006326
711.700000 0.006662
711.750000 0.007052
711.800000 0.007495
711.850000 0.007992
711.900000 0.008551
711.950000 0.009189
712.000000 0.009932
712.050000 0.010813
712.100000 0.011865
712.150000 0.013120
712.200000 0.014608
712.250000 0.016362
712.300000 0.018418
712.350000 0.020808
712.400000 0.023543
712.450000 0.026582
712.500000 0.029814
712.550000 0.033069
712.600000 0.036152
712.650000 0.038902
712.700000 0.041226
712.750000 0.043096
712.800000 0.044530
712.850000 0.045565
712.900000 0.046253
712.950000 0.046668
713.000000 0.046923
713.050000 0.047175
713.100000 0.047622
713.150000 0.048492
713.200000 0.050013
713.250000 0.052362
713.300000 0.055604
713.350000 0.059632
713.400000 0.064142
713.450000 0.068657
713.500000 0.072626
713.550000 0.075548
713.600000 0.077075
713.650000 0.077048
713.700000 0.075478
713.750000 0.072502
713.800000 0.068373
713.850000 0.063444
713.900000 0.058139
713.950000 0.052881
714.000000 0.048018
714.050000 0.043786
714.100000 0.040307
714.150000 0.037612
714.200000 0.035667
714.250000 0.034395
714.300000 0.033696
714.350000 0.033459
714.400000 0.033579
714.450000 0.033956
714.500000 0.034501
714.550000 0.035136
714.600000 0.035799
714.650000 0.036443
714.700000 0.037033
714.750000 0.037539
714.800000 0.037930
714.850000 0.038179
714.900000 0.038268
714.950000 0.038187
715.000000 0.037931
715.050000 0.037480
715.100000 0.036802
715.150000 0.035872
715.200000 0.034696
715.250000 0.033322
715.300000 0.031827
715.350000 0.030279
715.400000 0.028716
715.450000 0.027147
715.500000 0.025581
715.550000 0.024050
715.600000 0.022614
715.650000 0.021342
715.700000 0.020277
715.750000 0.019412
715.800000 0.018690
715.850000 0.018018
715.900000 0.017307
715.950000 0.016504
716.000000 0.015606
716.050000 0.014658
716.100000 0.013726
716.150000 0.012865
716.200000 0.012106
716.250000 0.011452
716.300000 0.010893
716.350000 0.010416
716.400000 0.010016
716.450000 0.009694
716.500000 0.009448
716.550000 0.009273
716.600000 0.009152
716.650000 0.009066
716.700000 0.008996
716.750000 0.008934
716.800000 0.008882
716.850000 0.008846
716.900000 0.008828
716.950000 0.008826
717.000000 0.008829
717.050000 0.008827
717.100000 0.008809
717.150000 0.008768
717.200000 0.008689
717.250000 0.008555
717.300000 0.008352
717.350000 0.008074
717.400000 0.007732
717.450000 0.007353
717.500000 0.006970
717.550000 0.006611
717.600000 0.006293
717.650000 0.006018
717.700000 0.005772
717.750000 0.005538
717.800000 0.005295
717.850000 0.005034
717.900000 0.004757
717.950000 0.004478
718.000000 0.004211
718.050000 0.003972
718.100000 0.003768
718.150000 0.003597
718.200000 0.003456
718.250000 0.003338
718.300000 0.003239
718.350000 0.003152
718.400000 0.003074
718.450000 0.003001
718.500000 0.002930
718.550000 0.002861
718.600000 0.002792
718.650000 0.002726
718.700000 0.002663
718.750000 0.002604
718.800000 0.002551
718.850000 0.002503
718.900000 0.002461
718.950000 0.002426
719.000000 0.002395
719.050000 0.002365
719.100000 0.002334
719.150000 0.002299
719.200000 0.002256
719.250000 0.002206
719.300000 0.002149
719.350000 0.002089
719.400000 0.002028
719.450000 0.001969
719.500000 0.001916
719.550000 0.001868
719.600000 0.001828
719.650000 0.001795
719.700000 0.001768
719.750000 0.001747
719.800000 0.001730
719.850000 0.001717
719.900000 0.001706
719.950000 0.001697
720.000000 0.001690
720.050000 0.001685
720.100000 0.001684
720.150000 0.001686
720.200000 0.001691
720.250000 0.001700
720.300000 0.001711
720.350000 0.001725
720.400000 0.001742
720.450000 0.001760
720.500000 0.001780
720.550000 0.001800
720.600000 0.001820
720.650000 0.001840
720.700000 0.001858
720.750000 0.001876
720.800000 0.001892
720.850000 0.001906
720.900000 0.001920
720.950000 0.001933
721.000000 0.001946
721.050000 0.001960
721.100000 0.001976
721.150000 0.001994
721.200000 0.002014
721.250000 0.002037
721.300000 0.002063
721.350000 0.002093
721.400000 0.002126
721.450000 0.002163
721.500000 0.002204
721.550000 0.002250
721.600000 0.002300
721.650000 0.002356
721.700000 0.002417
721.750000 0.002485
721.800000 0.002560
721.850000 0.002643
721.900000 0.002736
721.950000 0.002839
722.000000 0.002954
722.050000 0.003083
722.100000 0.003227
722.150000 0.003388
722.200000 0.003569
722.250000 0.003771
722.300000 0.003997
722.350000 0.004248
722.400000 0.004527
722.450000 0.004834
722.500000 0.005168
722.550000 0.005528
722.600000 0.005908
722.650000 0.006301
722.700000 0.006695
722.750000 0.007075
722.800000 0.007422
722.850000 0.007718
722.900000 0.007947
722.950000 0.008095
723.000000 0.008156
723.050000 0.008134
723.100000 0.008037
723.150000 0.007882
723.200000 0.007687
723.250000 0.007473
723.300000 0.007256
723.350000 0.007052
723.400000 0.006872
723.450000 0.006723
723.500000 0.006610
723.550000 0.006535
723.600000 0.006500
723.650000 0.006504
723.700000 0.006548
723.750000 0.006630
723.800000 0.006750
723.850000 0.006908
723.900000 0.007101
723.950000 0.007330
724.000000 0.007593
724.050000 0.007888
724.100000 0.008214
724.150000 0.008569
724.200000 0.008955
724.250000 0.009371
724.300000 0.009820
724.350000 0.010307
724.400000 0.010838
724.450000 0.011420
724.500000 0.012061
724.550000 0.012769
724.600000 0.013553
724.650000 0.014416
724.700000 0.015363
724.750000 0.016394
724.800000 0.017505
724.850000 0.018689
724.900000 0.019933
724.950000 0.021222
725.000000 0.022535
725.050000 0.023854
725.100000 0.025158
725.150000 0.026433
725.200000 0.027673
725.250000 0.028879
725.300000 0.030062
725.350000 0.031240
725.400000 0.032429
725.450000 0.033644
725.500000 0.034890
725.550000 0.036156
725.600000 0.037416
725.650000 0.038626
725.700000 0.039727
725.750000 0.040653
725.800000 0.041339
725.850000 0.041731
725.900000 0.041793
725.950000 0.041514
726.000000 0.040908
726.050000 0.040012
726.100000 0.038875
726.150000 0.037558
726.200000 0.036119
726.250000 0.034618
726.300000 0.033104
726.350000 0.031622
726.400000 0.030208
726.450000 0.028890
726.500000 0.027686
726.550000 0.026607
726.600000 0.025656
726.650000 0.024832
726.700000 0.024126
726.750000 0.023532
726.800000 0.023037
726.850000 0.022627
726.900000 0.022285
726.950000 0.021991
727.000000 0.021719
727.050000 0.021445
727.100000 0.021144
727.150000 0.020796
727.200000 0.020387
727.250000 0.019915
727.300000 0.019387
727.350000 0.018817
727.400000 0.018225
727.450000 0.017632
727.500000 0.017056
727.550000 0.016512
727.600000 0.016005
727.650000 0.015538
727.700000 0.015104
727.750000 0.014698
727.800000 0.014309
727.850000 0.013930
727.900000 0.013553
727.950000 0.013173
728.000000 0.012787
728.050000 0.012394
728.100000 0.011992
728.150000 0.011581
728.200000 0.011161
728.250000 0.010732
728.300000 0.010296
728.350000 0.009856
728.400000 0.009416
728.450000 0.008982
728.500000 0.008558
728.550000 0.008150
728.600000 0.007763
728.650000 0.007399
728.700000 0.007061
728.750000 0.006749
728.800000 0.006460
728.850000 0.006194
728.900000 0.005946
728.950000 0.005712
729.000000 0.005490
729.050000 0.005276
729.100000 0.005069
729.150000 0.004867
729.200000 0.004670
729.250000 0.004478
729.300000 0.004291
729.350000 0.004109
729.400000 0.003932
729.450000 0.003760
729.500000 0.003594
729.550000 0.003433
729.600000 0.003277
729.650000 0.003127
729.700000 0.002983
729.750000 0.002846
729.800000 0.002717
729.850000 0.002595
729.900000 0.002480
729.950000 0.002373
730.000000 0.002273
730.050000 0.002179
730.100000 0.002092
730.150000 0.002011
730.200000 0.001936
730.250000 0.001866
730.300000 0.001800
730.350000 0.001739
730.400000 0.001682
730.450000 0.001629
730.500000 0.001579
730.550000 0.001532
730.600000 0.001487
730.650000 0.001446
730.700000 0.001406
730.750000 0.001369
730.800000 0.001334
730.850000 0.001301
730.900000 0.001270
730.950000 0.001240
731.000000 0.001212
731.050000 0.001186
731.100000 0.001161
731.150000 0.001138
731.200000 0.001115
731.250000 0.001094
731.300000 0.001074
731.350000 0.001055
731.400000 0.001037
731.450000 0.001020
731.500000 0.001003
731.550000 0.000988
731.600000 0.000973
731.650000 0.000958
731.700000 0.000944
731.750000 0.000931
731.800000 0.000919
731.850000 0.000907
731.900000 0.000895
731.950000 0.000885
732.000000 0.000874
732.050000 0.000864
732.100000 0.000855
732.150000 0.000845
732.200000 0.000835
732.250000 0.000826
732.300000 0.000816
732.350000 0.000806
732.400000 0.000796
732.450000 0.000784
732.500000 0.000773
732.550000 0.000760
732.600000 0.000747
732.650000 0.000734
732.700000 0.000720
732.750000 0.000705
732.800000 0.000691
732.850000 0.000676
732.900000 0.000661
732.950000 0.000647
733.000000 0.000633
733.050000 0.000619
733.100000 0.000605
733.150000 0.000592
733.200000 0.000580
733.250000 0.000568
733.300000 0.000557
733.350000 0.000547
733.400000 0.000537
733.450000 0.000528
733.500000 0.000519
733.550000 0.000511
733.600000 0.000503
733.650000 0.000496
733.700000 0.000489
733.750000 0.000483
733.800000 0.000476
733.850000 0.000469
733.900000 0.000463
733.950000 0.000456
734.000000 0.000450
734.050000 0.000443
734.100000 0.000436
734.150000 0.000430
734.200000 0.000423
734.250000 0.000417
734.300000 0.000410
734.350000 0.000404
734.400000 0.000398
734.450000 0.000393
734.500000 0.000387
734.550000 0.000382
734.600000 0.000376
734.650000 0.000371
734.700000 0.000366
734.750000 0.000361
734.800000 0.000357
734.850000 0.000352
734.900000 0.000348
734.950000 0.000344
735.000000 0.000340
735.050000 0.000336
735.100000 0.000332
735.150000 0.000328
735.200000 0.000325
735.250000 0.000321
735.300000 0.000317
735.350000 0.000314
735.400000 0.000310
735.450000 0.000307
735.500000 0.000303
735.550000 0.000299
735.600000 0.000296
735.650000 0.000292
735.700000 0.000289
735.750000 0.000286
735.800000 0.000282
735.850000 0.000279
735.900000 0.000276
735.950000 0.000273
736.000000 0.000270
736.050000 0.000267
736.100000 0.000265
736.150000 0.000262
736.200000 0.000259
736.250000 0.000256
736.300000 0.000254
736.350000 0.000251
736.400000 0.000249
736.450000 0.000246
736.500000 0.000244
736.550000 0.000242
736.600000 0.000239
736.650000 0.000237
736.700000 0.000235
736.750000 0.000232
736.800000 0.000230
736.850000 0.000228
736.900000 0.000225
736.950000 0.000223
737.000000 0.000221
737.050000 0.000218
737.100000 0.000216
737.150000 0.000214
737.200000 0.000211
737.250000 0.000209
737.300000 0.000207
737.350000 0.000205
737.400000 0.000203
737.450000 0.000201
737.500000 0.000199
737.550000 0.000197
737.600000 0.000195
737.650000 0.000194
737.700000 0.000192
737.750000 0.000190
737.800000 0.000189
737.850000 0.000187
737.900000 0.000185
737.950000 0.000184
738.000000 0.000182
738.050000 0.000181
738.100000 0.000179
738.150000 0.000178
738.200000 0.000176
738.250000 0.000175
738.300000 0.000173
738.350000 0.000172
738.400000 0.000171
738.450000 0.000169
738.500000 0.000168
738.550000 0.000167
738.600000 0.000166
738.650000 0.000164
738.700000 0.000163
738.750000 0.000162
738.800000 0.000160
738.850000 0.000159
738.900000 0.000158
738.950000 0.000156
739.000000 0.000155
739.050000 0.000154
739.100000 0.000153
739.150000 0.000152
739.200000 0.000150
739.250000 0.000149
739.300000 0.000148
739.350000 0.000147
739.400000 0.000146
739.450000 0.000145
739.500000 0.000144
739.550000 0.000143
739.600000 0.000142
739.650000 0.000141
739.700000 0.000140
739.750000 0.000139
739.800000 0.000138
739.850000 0.000137
739.900000 0.000136
739.950000 0.000135
740.000000 0.000134
740.050000 0.000133
740.100000 0.000132
740.150000 0.000131
740.200000 0.000130
740.250000 0.000129
740.300000 0.000129
740.350000 0.000128
740.400000 0.000127
740.450000 0.000126
740.500000 0.000125
740.550000 0.000124
740.600000 0.000124
740.650000 0.000123
740.700000 0.000122
740.750000 0.000121
740.800000 0.000120
740.850000 0.000120
740.900000 0.000119
740.950000 0.000118
741.000000 0.000117
741.050000 0.000117
741.100000 0.000116
741.150000 0.000115
741.200000 0.000114
741.250000 0.000114
741.300000 0.000113
741.350000 0.000112
741.400000 0.000112
741.450000 0.000111
741.500000 0.000110
741.550000 0.000110
741.600000 0.000109
741.650000 0.000108
741.700000 0.000108
741.750000 0.000107
741.800000 0.000106
741.850000 0.000106
741.900000 0.000105
741.950000 0.000104
742.000000 0.000104
742.050000 0.000103
742.100000 0.000103
742.150000 0.000102
742.200000 0.000101
742.250000 0.000101
742.300000 0.000100
742.350000 0.000100
742.400000 0.000099
742.450000 0.000099
742.500000 0.000098
742.550000 0.000097
742.600000 0.000097
742.650000 0.000096
742.700000 0.000096
742.750000 0.000095
742.800000 0.000095
742.850000 0.000094
742.900000 0.000094
742.950000 0.000093
743.000000 0.000093
743.050000 0.000092
743.100000 0.000092
743.150000 0.000091
743.200000 0.000091
743.250000 0.000090
743.300000 0.000090
743.350000 0.000089
743.400000 0.000089
743.450000 0.000088
743.500000 0.000088
743.550000 0.000087
743.600000 0.000087
743.650000 0.000086
743.700000 0.000086
743.750000 0.000085
743.800000 0.000085
743.850000 0.000085
743.900000 0.000084
743.950000 0.000084
744.000000 0.000083
744.050000 0.000083
744.100000 0.000082
744.150000 0.000082
744.200000 0.000082
744.250000 0.000081
744.300000 0.000081
744.350000 0.000080
744.400000 0.000080
744.450000 0.000079
744.500000 0.000079
744.550000 0.000079
744.600000 0.000078
744.650000 0.000078
744.700000 0.000078
744.750000 0.000077
744.800000 0.000077
744.850000 0.000076
744.900000 0.000076
744.950000 0.000076
745.000000 0.000075
745.050000 0.000075
745.100000 0.000075
745.150000 0.000074
745.200000 0.000074
745.250000 0.000073
745.300000 0.000073
745.350000 0.000073
745.400000 0.000072
745.450000 0.000072
745.500000 0.000072
745.550000 0.000071
745.600000 0.000071
745.650000 0.000071
745.700000 0.000070
745.750000 0.000070
745.800000 0.000070
745.850000 0.000069
745.900000 0.000069
745.950000 0.000069
746.000000 0.000068
746.050000 0.000068
746.100000 0.000068
746.150000 0.000067
746.200000 0.000067
746.250000 0.000067
746.300000 0.000067
746.350000 0.000066
746.400000 0.000066
746.450000 0.000066
746.500000 0.000065
746.550000 0.000065
746.600000 0.000065
746.650000 0.000064
746.700000 0.000064
746.750000 0.000064
746.800000 0.000064
746.850000 0.000063
746.900000 0.000063
746.950000 0.000063
747.000000 0.000062
747.050000 0.000062
747.100000 0.000062
747.150000 0.000062
747.200000 0.000061
747.250000 0.000061
747.300000 0.000061
747.350000 0.000061
747.400000 0.000060
747.450000 0.000060
747.500000 0.000060
747.550000 0.000060
747.600000 0.000059
747.650000 0.000059
747.700000 0.000059
747.750000 0.000059
747.800000 0.000058
747.850000 0.000058
747.900000 0.000058
747.950000 0.000058
748.000000 0.000057
748.050000 0.000057
748.100000 0.000057
748.150000 0.000057
748.200000 0.000056
748.250000 0.000056
748.300000 0.000056
748.350000 0.000056
748.400000 0.000055
748.450000 0.000055
748.500000 0.000055
748.550000 0.000055
748.600000 0.000055
748.650000 0.000054
748.700000 0.000054
748.750000 0.000054
748.800000 0.000054
748.850000 0.000053
748.900000 0.000053
748.950000 0.000053
749.000000 0.000053
749.050000 0.000053
749.100000 0.000052
749.150000 0.000052
749.200000 0.000052
749.250000 0.000052
749.300000 0.000052
749.350000 0.000051
749.400000 0.000051
749.450000 0.000051
749.500000 0.000051
749.550000 0.000051
749.600000 0.000050
749.650000 0.000050
749.700000 0.000050
749.750000 0.000049
749.800000 0.000048
749.850000 0.000044
749.900000 0.000038
749.950000 0.000030

#Sticks
710.350000 0.006682
711.000000 0.000601
711.100000 0.000047
711.150000 0.000006
711.250000 0.000097
711.300000 0.000508
711.350000 0.000179
711.550000 0.000215
711.750000 0.000141
711.850000 0.000383
711.950000 0.000385
712.100000 0.000023
712.250000 0.000899
712.300000 0.000476
712.350000 0.000180
712.500000 0.000001
712.550000 0.000285
712.600000 0.011455
712.700000 0.001787
712.750000 0.002043
712.850000 0.008771
712.900000 0.000884
712.950000 0.006742
713.050000 0.000130
713.100000 0.006220
713.150000 0.000636
713.250000 0.001279
713.300000 0.000127
713.400000 0.003670
713.500000 0.004725
713.550000 0.024810
713.650000 0.005887
713.750000 0.024865
713.850000 0.003077
714.000000 0.004092
714.100000 0.000280
714.250000 0.001885
714.350000 0.002067
714.400000 0.000665
714.450000 0.001948
714.500000 0.001908
714.600000 0.004320
714.650000 0.000823
714.700000 0.002439
714.750000 0.000672
714.800000 0.005523
714.900000 0.003185
714.950000 0.001221
715.000000 0.003592
715.050000 0.000235
715.100000 0.000884
715.150000 0.009456
715.200000 0.000660
715.250000 0.000068
715.300000 0.002225
715.350000 0.000172
715.400000 0.000443
715.450000 0.002584
715.500000 0.003961
715.550000 0.000001
715.600000 0.000517
715.650000 0.000016
715.700000 0.000432
715.750000 0.000489
715.800000 0.000312
715.850000 0.000108
715.900000 0.004871
716.000000 0.000733
716.050000 0.000015
716.150000 0.000384
716.250000 0.000538
716.300000 0.000721
716.350000 0.000261
716.400000 0.000314
716.450000 0.000001
716.500000 0.000096
716.550000 0.000288
716.600000 0.000088
716.650000 0.000038
716.700000 0.001335
716.750000 0.000279
716.800000 0.000360
716.850000 0.000097
716.900000 0.000230
716.950000 0.000085
717.000000 0.001421
717.050000 0.000047
717.100000 0.000614
717.150000 0.000020
717.250000 0.000433
717.300000 0.002039
717.350000 0.000084
717.400000 0.000216
717.450000 0.000036
717.500000 0.000521
717.550000 0.000106
717.650000 0.000072
717.700000 0.000042
717.750000 0.000517
717.800000 0.000398
717.850000 0.000556
717.900000 0.000009
718.000000 0.000044
718.050000 0.000026
718.100000 0.000004
718.150000 0.000117
718.200000 0.000134
718.250000 0.000020
718.300000 0.000116
718.350000 0.000005
718.400000 0.000012
718.450000 0.000324
718.550000 0.000037
718.600000 0.000035
718.650000 0.000144
718.700000 0.000007
718.750000 0.000054
718.800000 0.000125
718.850000 0.000017
718.900000 0.000027
718.950000 0.000077
719.000000 0.000017
719.050000 0.000056
719.100000 0.000120
719.150000 0.000099
719.200000 0.000045
719.250000 0.000001
719.300000 0.000142
719.350000 0.000046
719.450000 0.000005
719.500000 0.000025
719.550000 0.000056
719.600000 0.000004
719.650000 0.000003
719.700000 0.000001
719.750000 0.000019
719.800000 0.000033
719.900000 0.000034
719.950000 0.000002
720.050000 0.000101
720.100000 0.000006
720.150000 0.000005
720.200000 0.000057
720.250000 0.000001
720.300000 0.000026
720.350000 0.000009
720.450000 0.000031
720.500000 0.000009
720.550000 0.000075
720.650000 0.000025
720.700000 0.000140
720.750000 0.000052
720.850000 0.000175
720.900000 0.000041
721.000000 0.000014
721.050000 0.000035
721.150000 0.000003
721.250000 0.000040
721.300000 0.000018
721.350000 0.000051
721.400000 0.000008
721.500000 0.000013
721.550000 0.000034
721.650000 0.000057
721.700000 0.000007
721.800000 0.000020
721.850000 0.000028
721.900000 0.000001
721.950000 0.000025
722.000000 0.000005
722.100000 0.000001
722.250000 0.000001
722.300000 0.000002
722.400000 0.000001
722.450000 0.000020
722.500000 0.000022
722.650000 0.000012
722.700000 0.000003
722.800000 0.000148
722.900000 0.000023
722.950000 0.008762
723.050000 0.000057
723.100000 0.000028
723.150000 0.000100
723.250000 0.000005
723.300000 0.000004
723.550000 0.000085
723.650000 0.000019
723.700000 0.000028
723.750000 0.000012
724.050000 0.000051
724.150000 0.000648
724.200000 0.000093
724.250000 0.000288
724.300000 0.000171
724.350000 0.000528
724.400000 0.000415
724.450000 0.000071
724.600000 0.000001
724.700000 0.000185
724.850000 0.000659
724.900000 0.001615
725.000000 0.000228
725.150000 0.011782
725.300000 0.003641
725.350000 0.001413
725.450000 0.000513
725.500000 0.001584
725.550000 0.002428
725.600000 0.000071
725.700000 0.003625
725.750000 0.001876
725.800000 0.010996
725.850000 0.000025
725.900000 0.025441
726.050000 0.003150
726.200000 0.009108
726.300000 0.000696
726.350000 0.002548
726.500000 0.000027
726.650000 0.004121
726.750000 0.000745
726.850000 0.000542
727.000000 0.002209
727.150000 0.002994
727.200000 0.009850
727.300000 0.000373
727.500000 0.001101
727.750000 0.001432
727.850000 0.003334
727.900000 0.001352
728.100000 0.000974
728.200000 0.002080
728.250000 0.000259
728.300000 0.001338
728.400000 0.000347
728.450000 0.000520
728.550000 0.000162
728.600000 0.000061
728.650000 0.000006
728.700000 0.000034
728.750000 0.000034
728.800000 0.000171
728.900000 0.000383
729.000000 0.000019
729.050000 0.000680
729.100000 0.000431
729.150000 0.000018
729.200000 0.000001
729.250000 0.000157
729.350000 0.000007
729.400000 0.000056
729.450000 0.000402
729.550000 0.000214
729.650000 0.000002
729.750000 0.000016
729.850000 0.000002
729.950000 0.000009
730.000000 0.000054
730.350000 0.000015
730.400000 0.000001
730.450000 0.000002
730.550000 0.000026
730.650000 0.000001
730.800000 0.000005
730.850000 0.000001
730.900000 0.000007
730.950000 0.000016
731.100000 0.000002
731.150000 0.000001
731.250000 0.000012
731.350000 0.000009
731.400000 0.000007
731.450000 0.000022
731.500000 0.000001
731.650000 0.000021
731.700000 0.000007
731.750000 0.000010
731.800000 0.000002
731.900000 0.000013
732.000000 0.000026
732.150000 0.000038
732.200000 0.000017
732.400000 0.000021
732.450000 0.000054
732.500000 0.000004
732.550000 0.000029
732.600000 0.000032
732.650000 0.000004
732.800000 0.000003
732.850000 0.000024
733.000000 0.000028
733.150000 0.000005
733.400000 0.000001
733.450000 0.000002
733.700000 0.000005
733.750000 0.000001
733.800000 0.000017
733.900000 0.000006
733.950000 0.000005
734.100000 0.000012
734.250000 0.000005
734.350000 0.000001
734.500000 0.000001
734.600000 0.000001
734.650000 0.000007
734.750000 0.000003
735.250000 0.000010
735.450000 0.000007
735.550000 0.000001
735.700000 0.000002
736.050000 0.000001
736.100000 0.000005
736.250000 0.000001
736.600000 0.000002
736.800000 0.000006
736.900000 0.000002
737.750000 0.000001
738.550000 0.000002
