700.000000 0.000059
700.050000 0.000077
700.100000 0.000089
700.150000 0.000096
700.200000 0.000099
700.250000 0.000101
700.300000 0.000102
700.350000 0.000103
700.400000 0.000103
700.450000 0.000104
700.500000 0.000105
700.550000 0.000106
700.600000 0.000106
700.650000 0.000107
700.700000 0.000108
700.750000 0.000109
700.800000 0.000109
700.850000 0.000110
700.900000 0.000111
700.950000 0.000112
701.000000 0.000113
701.050000 0.000113
701.100000 0.000114
701.150000 0.000115
701.200000 0.000116
701.250000 0.000117
701.300000 0.000118
701.350000 0.000119
701.400000 0.000120
701.450000 0.000120
701.500000 0.000121
701.550000 0.000122
701.600000 0.000123
701.650000 0.000124
701.700000 0.000125
701.750000 0.000126
701.800000 0.000127
701.850000 0.000128
701.900000 0.000129
701.950000 0.000130
702.000000 0.000131
702.050000 0.000132
702.100000 0.000133
702.150000 0.000134
702.200000 0.000136
702.250000 0.000137
702.300000 0.000138
702.350000 0.000139
702.400000 0.000140
702.450000 0.000141
702.500000 0.000143
702.550000 0.000144
702.600000 0.000145
702.650000 0.000146
702.700000 0.000147
702.750000 0.000149
702.800000 0.000150
702.850000 0.000151
702.900000 0.000153
702.950000 0.000154
703.000000 0.000155
703.050000 0.000157
703.100000 0.000158
703.150000 0.000160
703.200000 0.000161
703.250000 0.000163
703.300000 0.000164
703.350000 0.000166
703.400000 0.000167
703.450000 0.000169
703.500000 0.000170
703.550000 0.000172
703.600000 0.000174
703.650000 0.000175
703.700000 0.000177
703.750000 0.000179
703.800000 0.000180
703.850000 0.000182
703.900000 0.000184
703.950000 0.000186
704.000000 0.000188
704.050000 0.000190
704.100000 0.000192
704.150000 0.000193
704.200000 0.000195
704.250000 0.000198
704.300000 0.000200
704.350000 0.000202
704.400000 0.000204
704.450000 0.000206
704.500000 0.000208
704.550000 0.000210
704.600000 0.000213
704.650000 0.000215
704.700000 0.000217
704.750000 0.000220
704.800000 0.000222
704.850000 0.000225
704.900000 0.000227
704.950000 0.000230
705.000000 0.000233
705.050000 0.000235
705.100000 0.000238
705.150000 0.000241
705.200000 0.000244
705.250000 0.000247
705.300000 0.000250
705.350000 0.000253
705.400000 0.000256
705.450000 0.000259
705.500000 0.000262
705.550000 0.000266
705.600000 0.000269
705.650000 0.000272
705.700000 0.000276
705.750000 0.000280
705.800000 0.000283
705.850000 0.000287
705.900000 0.000291
705.950000 0.000295
706.000000 0.000299
706.050000 0.000303
706.100000 0.000307
706.150000 0.000312
706.200000 0.000316
706.250000 0.000320
706.300000 0.000325
706.350000 0.000330
706.400000 0.000335
706.450000 0.000340
706.500000 0.000345
706.550000 0.000350
706.600000 0.000356
706.650000 0.000361
706.700000 0.000367
706.750000 0.000373
706.800000 0.000379
706.850000 0.000385
706.900000 0.000391
706.950000 0.000398
707.000000 0.000405
707.050000 0.000412
707.100000 0.000419
707.150000 0.000426
707.200000 0.000434
707.250000 0.000442
707.300000 0.000450
707.350000 0.000458
707.400000 0.000467
707.450000 0.000476
707.500000 0.000485
707.550000 0.000495
707.600000 0.000505
707.650000 0.000515
707.700000 0.000526
707.750000 0.000537
707.800000 0.000549
707.850000 0.000561
707.900000 0.000574
707.950000 0.000587
708.000000 0.000601
708.050000 0.000615
708.100000 0.000630
708.150000 0.000646
708.200000 0.000662
708.250000 0.000679
708.300000 0.000697
708.350000 0.000716
708.400000 0.000736
708.450000 0.000758
708.500000 0.000780
708.550000 0.000804
708.600000 0.000829
708.650000 0.000856
708.700000 0.000884
708.750000 0.000915
708.800000 0.000947
708.850000 0.000982
708.900000 0.001020
708.950000 0.001061
709.000000 0.001106
709.050000 0.001154
709.100000 0.001207
709.150000 0.001264
709.200000 0.001328
709.250000 0.001399
709.300000 0.001478
709.350000 0.001567
709.400000 0.001667
709.450000 0.001780
709.500000 0.001911
709.550000 0.002061
709.600000 0.002237
709.650000 0.002444
709.700000 0.002690
709.750000 0.002985
709.800000 0.003344
709.850000 0.003784
709.900000 0.004326
709.950000 0.004995
710.000000 0.005813
710.050000 0.006793
710.100000 0.007924
710.150000 0.009150
710.200000 0.010364
710.250000 0.011409
710.300000 0.012116
710.350000 0.012359
710.400000 0.012106
710.450000 0.011429
710.500000 0.010480
710.550000 0.009433
710.600000 0.008435
710.650000 0.007579
710.700000 0.006910
710.750000 0.006437
710.800000 0.006146
710.850000 0.006017
710.900000 0.006022
710.950000 0.006127
711.000000 0.006288
711.050000 0.006457
711.100000 0.006587
711.150000 0.006645
711.200000 0.006623
711.250000 0.006532
711.300000 0.006402
711.350000 0.006267
711.400000 0.006158
711.450000 0.006098
711.500000 0.006105
711.550000 0.006185
711.600000 0.006344
711.650000 0.006578
711.700000 0.006883
711.750000 0.007253
711.800000 0.007686
711.850000 0.008184
711.900000 0.008760
711.950000 0.009439
712.000000 0.010258
712.050000 0.011260
712.100000 0.012497
712.150000 0.014027
712.200000 0.015914
712.250000 0.018223
712.300000 0.021014
712.350000 0.024311
712.400000 0.028071
712.450000 0.032147
712.500000 0.036279
712.550000 0.040138
712.600000 0.043415
712.650000 0.045928
712.700000 0.047665
712.750000 0.048761
712.800000 0.049400
712.850000 0.049731
712.900000 0.049832
712.950000 0.049735
713.000000 0.049468
713.050000 0.049071
713.100000 0.048567
713.150000 0.047919
713.200000 0.047020
713.250000 0.045737
713.300000 0.044001
713.350000 0.041874
713.400000 0.039544
713.450000 0.037273
713.500000 0.035307
713.550000 0.033829
713.600000 0.032936
713.650000 0.032649
713.700000 0.032937
713.750000 0.033724
713.800000 0.034909
713.850000 0.036384
713.900000 0.038054
713.950000 0.039873
714.000000 0.041852
714.050000 0.044050
714.100000 0.046526
714.150000 0.049261
714.200000 0.052105
714.250000 0.054766
714.300000 0.056875
714.350000 0.058096
714.400000 0.058222
714.450000 0.057227
714.500000 0.055240
714.550000 0.052488
714.600000 0.049219
714.650000 0.045653
714.700000 0.041962
714.750000 0.038283
714.800000 0.034743
714.850000 0.031466
714.900000 0.028559
714.950000 0.026085
715.000000 0.024053
715.050000 0.022416
715.100000 0.021094
715.150000 0.019995
715.200000 0.019040
715.250000 0.018175
715.300000 0.017366
715.350000 0.016599
715.400000 0.015868
715.450000 0.015170
715.500000 0.014510
715.550000 0.013893
715.600000 0.013332
715.650000 0.012834
715.700000 0.012399
715.750000 0.012016
715.800000 0.011667
715.850000 0.011339
715.900000 0.011027
715.950000 0.010737
716.000000 0.010485
716.050000 0.010291
716.100000 0.010172
716.150000 0.010141
716.200000 0.010202
716.250000 0.010356
716.300000 0.010599
716.350000 0.010923
716.400000 0.011316
716.450000 0.011756
716.500000 0.012218
716.550000 0.012668
716.600000 0.013067
716.650000 0.013365
716.700000 0.013508
716.750000 0.013446
716.800000 0.013152
716.850000 0.012630
716.900000 0.011922
716.950000 0.011094
717.000000 0.010219
717.050000 0.009356
717.100000 0.008542
717.150000 0.007793
717.200000 0.007115
717.250000 0.006507
717.300000 0.005968
717.350000 0.005498
717.400000 0.005089
717.450000 0.004733
717.500000 0.004418
717.550000 0.004134
717.600000 0.003876
717.650000 0.003644
717.700000 0.003438
717.750000 0.003258
717.800000 0.003103
717.850000 0.002968
717.900000 0.002850
717.950000 0.002745
718.000000 0.002651
718.050000 0.002565
718.100000 0.002486
718.150000 0.002411
718.200000 0.002339
718.250000 0.002270
718.300000 0.002205
718.350000 0.002144
718.400000 0.002089
718.450000 0.002039
718.500000 0.001993
718.550000 0.001948
718.600000 0.001903
718.650000 0.001857
718.700000 0.001809
718.750000 0.001761
718.800000 0.001715
718.850000 0.001672
718.900000 0.001635
718.950000 0.001603
719.000000 0.001578
719.050000 0.001558
719.100000 0.001544
719.150000 0.001534
719.200000 0.001527
719.250000 0.001522
719.300000 0.001515
719.350000 0.001506
719.400000 0.001491
719.450000 0.001469
719.500000 0.001441
719.550000 0.001408
719.600000 0.001372
719.650000 0.001336
719.700000 0.001303
719.750000 0.001274
719.800000 0.001250
719.850000 0.001231
719.900000 0.001215
719.950000 0.001203
720.000000 0.001192
720.050000 0.001184
720.100000 0.001177
720.150000 0.001173
720.200000 0.001170
720.250000 0.001169
720.300000 0.001169
720.350000 0.001172
720.400000 0.001176
720.450000 0.001182
720.500000 0.001190
720.550000 0.001199
720.600000 0.001210
720.650000 0.001221
720.700000 0.001233
720.750000 0.001245
720.800000 0.001257
720.850000 0.001268
720.900000 0.001280
720.950000 0.001291
721.000000 0.001302
721.050000 0.001313
721.100000 0.001326
721.150000 0.001339
721.200000 0.001354
721.250000 0.001370
721.300000 0.001388
721.350000 0.001409
721.400000 0.001431
721.450000 0.001456
721.500000 0.001483
721.550000 0.001513
721.600000 0.001546
721.650000 0.001582
721.700000 0.001622
721.750000 0.001667
721.800000 0.001716
721.850000 0.001770
721.900000 0.001830
721.950000 0.001897
722.000000 0.001972
722.050000 0.002054
722.100000 0.002146
722.150000 0.002248
722.200000 0.002361
722.250000 0.002487
722.300000 0.002627
722.350000 0.002782
722.400000 0.002952
722.450000 0.003140
722.500000 0.003343
722.550000 0.003562
722.600000 0.003793
722.650000 0.004032
722.700000 0.004272
722.750000 0.004505
722.800000 0.004720
722.850000 0.004907
722.900000 0.005056
722.950000 0.005160
723.000000 0.005217
723.050000 0.005227
723.100000 0.005196
723.150000 0.005133
723.200000 0.005050
723.250000 0.004957
723.300000 0.004865
723.350000 0.004782
723.400000 0.004716
723.450000 0.004670
723.500000 0.004648
723.550000 0.004653
723.600000 0.004684
723.650000 0.004743
723.700000 0.004831
723.750000 0.004948
723.800000 0.005094
723.850000 0.005271
723.900000 0.005480
723.950000 0.005723
724.000000 0.006001
724.050000 0.006317
724.100000 0.006674
724.150000 0.007075
724.200000 0.007523
724.250000 0.008024
724.300000 0.008582
724.350000 0.009202
724.400000 0.009889
724.450000 0.010647
724.500000 0.011480
724.550000 0.012386
724.600000 0.013364
724.650000 0.014406
724.700000 0.015502
724.750000 0.016638
724.800000 0.017797
724.850000 0.018961
724.900000 0.020113
724.950000 0.021236
725.000000 0.022312
725.050000 0.023321
725.100000 0.024241
725.150000 0.025046
725.200000 0.025711
725.250000 0.026215
725.300000 0.026544
725.350000 0.026697
725.400000 0.026685
725.450000 0.026532
725.500000 0.026267
725.550000 0.025926
725.600000 0.025541
725.650000 0.025140
725.700000 0.024749
725.750000 0.024387
725.800000 0.024070
725.850000 0.023810
725.900000 0.023613
725.950000 0.023482
726.000000 0.023410
726.050000 0.023385
726.100000 0.023385
726.150000 0.023383
726.200000 0.023345
726.250000 0.023242
726.300000 0.023047
726.350000 0.022741
726.400000 0.022319
726.450000 0.021783
726.500000 0.021145
726.550000 0.020421
726.600000 0.019630
726.650000 0.018792
726.700000 0.017925
726.750000 0.017042
726.800000 0.016160
726.850000 0.015290
726.900000 0.014445
726.950000 0.013634
727.000000 0.012864
727.050000 0.012142
727.100000 0.011468
727.150000 0.010843
727.200000 0.010262
727.250000 0.009722
727.300000 0.009218
727.350000 0.008749
727.400000 0.008311
727.450000 0.007903
727.500000 0.007526
727.550000 0.007179
727.600000 0.006863
727.650000 0.006578
727.700000 0.006320
727.750000 0.006089
727.800000 0.005881
727.850000 0.005694
727.900000 0.005525
727.950000 0.005374
728.000000 0.005238
728.050000 0.005119
728.100000 0.005015
728.150000 0.004927
728.200000 0.004854
728.250000 0.004794
728.300000 0.004748
728.350000 0.004712
728.400000 0.004684
728.450000 0.004661
728.500000 0.004640
728.550000 0.004619
728.600000 0.004595
728.650000 0.004567
728.700000 0.004534
728.750000 0.004494
728.800000 0.004448
728.850000 0.004396
728.900000 0.004339
728.950000 0.004276
729.000000 0.004207
729.050000 0.004131
729.100000 0.004045
729.150000 0.003950
729.200000 0.003843
729.250000 0.003725
729.300000 0.003597
729.350000 0.003460
729.400000 0.003319
729.450000 0.003176
729.500000 0.003035
729.550000 0.002898
729.600000 0.002767
729.650000 0.002643
729.700000 0.002527
729.750000 0.002418
729.800000 0.002315
729.850000 0.002217
729.900000 0.002124
729.950000 0.002034
730.000000 0.001948
730.050000 0.001866
730.100000 0.001787
730.150000 0.001713
730.200000 0.001642
730.250000 0.001576
730.300000 0.001513
730.350000 0.001455
730.400000 0.001401
730.450000 0.001350
730.500000 0.001303
730.550000 0.001259
730.600000 0.001219
730.650000 0.001181
730.700000 0.001146
730.750000 0.001114
730.800000 0.001085
730.850000 0.001058
730.900000 0.001033
730.950000 0.001011
731.000000 0.000990
731.050000 0.000970
731.100000 0.000951
731.150000 0.000934
731.200000 0.000917
731.250000 0.000900
731.300000 0.000883
731.350000 0.000866
731.400000 0.000850
731.450000 0.000833
731.500000 0.000816
731.550000 0.000799
731.600000 0.000782
731.650000 0.000765
731.700000 0.000748
731.750000 0.000732
731.800000 0.000716
731.850000 0.000701
731.900000 0.000687
731.950000 0.000673
732.000000 0.000660
732.050000 0.000648
732.100000 0.000637
732.150000 0.000627
732.200000 0.000617
732.250000 0.000609
732.300000 0.000601
732.350000 0.000593
732.400000 0.000587
732.450000 0.000581
732.500000 0.000576
732.550000 0.000571
732.600000 0.000567
732.650000 0.000562
732.700000 0.000557
732.750000 0.000552
732.800000 0.000546
732.850000 0.000539
732.900000 0.000532
732.950000 0.000524
733.000000 0.000515
733.050000 0.000506
733.100000 0.000496
733.150000 0.000486
733.200000 0.000477
733.250000 0.000467
733.300000 0.000458
733.350000 0.000450
733.400000 0.000442
733.450000 0.000435
733.500000 0.000429
733.550000 0.000422
733.600000 0.000416
733.650000 0.000411
733.700000 0.000405
733.750000 0.000399
733.800000 0.000393
733.850000 0.000387
733.900000 0.000380
733.950000 0.000372
734.000000 0.000365
734.050000 0.000357
734.100000 0.000349
734.150000 0.000342
734.200000 0.000334
734.250000 0.000326
734.300000 0.000319
734.350000 0.000312
734.400000 0.000305
734.450000 0.000298
734.500000 0.000292
734.550000 0.000286
734.600000 0.000281
734.650000 0.000275
734.700000 0.000270
734.750000 0.000266
734.800000 0.000262
734.850000 0.000258
734.900000 0.000254
734.950000 0.000250
735.000000 0.000247
735.050000 0.000244
735.100000 0.000241
735.150000 0.000239
735.200000 0.000236
735.250000 0.000234
735.300000 0.000232
735.350000 0.000230
735.400000 0.000228
735.450000 0.000226
735.500000 0.000224
735.550000 0.000222
735.600000 0.000220
735.650000 0.000217
735.700000 0.000215
735.750000 0.000213
735.800000 0.000211
735.850000 0.000208
735.900000 0.000205
735.950000 0.000203
736.000000 0.000200
736.050000 0.000197
736.100000 0.000195
736.150000 0.000192
736.200000 0.000190
736.250000 0.000187
736.300000 0.000185
736.350000 0.000182
736.400000 0.000180
736.450000 0.000178
736.500000 0.000176
736.550000 0.000174
736.600000 0.000172
736.650000 0.000170
736.700000 0.000168
736.750000 0.000166
736.800000 0.000164
736.850000 0.000162
736.900000 0.000161
736.950000 0.000159
737.000000 0.000157
737.050000 0.000155
737.100000 0.000154
737.150000 0.000152
737.200000 0.000151
737.250000 0.000149
737.300000 0.000148
737.350000 0.000146
737.400000 0.000145
737.450000 0.000143
737.500000 0.000142
737.550000 0.000141
737.600000 0.000139
737.650000 0.000138
737.700000 0.000137
737.750000 0.000136
737.800000 0.000134
737.850000 0.000133
737.900000 0.000132
737.950000 0.000131
738.000000 0.000130
738.050000 0.000129
738.100000 0.000128
738.150000 0.000127
738.200000 0.000126
738.250000 0.000125
738.300000 0.000124
738.350000 0.000123
738.400000 0.000122
738.450000 0.000121
738.500000 0.000120
738.550000 0.000119
738.600000 0.000118
738.650000 0.000118
738.700000 0.000117
738.750000 0.000116
738.800000 0.000115
738.850000 0.000114
738.900000 0.000114
738.950000 0.000113
739.000000 0.000112
739.050000 0.000111
739.100000 0.000110
739.150000 0.000110
739.200000 0.000109
739.250000 0.000108
739.300000 0.000107
739.350000 0.000106
739.400000 0.000105
739.450000 0.000105
739.500000 0.000104
739.550000 0.000103
739.600000 0.000102
739.650000 0.000102
739.700000 0.000101
739.750000 0.000100
739.800000 0.000099
739.850000 0.000099
739.900000 0.000098
739.950000 0.000097
740.000000 0.000097
740.050000 0.000096
740.100000 0.000095
740.150000 0.000095
740.200000 0.000094
740.250000 0.000093
740.300000 0.000093
740.350000 0.000092
740.400000 0.000091
740.450000 0.000091
740.500000 0.000090
740.550000 0.000090
740.600000 0.000089
740.650000 0.000089
740.700000 0.000088
740.750000 0.000087
740.800000 0.000087
740.850000 0.000086
740.900000 0.000086
740.950000 0.000085
741.000000 0.000085
741.050000 0.000084
741.100000 0.000084
741.150000 0.000083
741.200000 0.000083
741.250000 0.000082
741.300000 0.000082
741.350000 0.000081
741.400000 0.000081
741.450000 0.000080
741.500000 0.000080
741.550000 0.000079
741.600000 0.000079
741.650000 0.000078
741.700000 0.000078
741.750000 0.000077
741.800000 0.000077
741.850000 0.000076
741.900000 0.000076
741.950000 0.000076
742.000000 0.000075
742.050000 0.000075
742.100000 0.000074
742.150000 0.000074
742.200000 0.000073
742.250000 0.000073
742.300000 0.000073
742.350000 0.000072
742.400000 0.000072
742.450000 0.000071
742.500000 0.000071
742.550000 0.000071
742.600000 0.000070
742.650000 0.000070
742.700000 0.000069
742.750000 0.000069
742.800000 0.000069
742.850000 0.000068
742.900000 0.000068
742.950000 0.000068
743.000000 0.000067
743.050000 0.000067
743.100000 0.000066
743.150000 0.000066
743.200000 0.000066
743.250000 0.000065
743.300000 0.000065
743.350000 0.000065
743.400000 0.000064
743.450000 0.000064
743.500000 0.000064
743.550000 0.000063
743.600000 0.000063
743.650000 0.000063
743.700000 0.000062
743.750000 0.000062
743.800000 0.000062
743.850000 0.000061
743.900000 0.000061
743.950000 0.000061
744.000000 0.000061
744.050000 0.000060
744.100000 0.000060
744.150000 0.000060
744.200000 0.000059
744.250000 0.000059
744.300000 0.000059
744.350000 0.000058
744.400000 0.000058
744.450000 0.000058
744.500000 0.000058
744.550000 0.000057
744.600000 0.000057
744.650000 0.000057
744.700000 0.000056
744.750000 0.000056
744.800000 0.000056
744.850000 0.000056
744.900000 0.000055
744.950000 0.000055
745.000000 0.000055
745.050000 0.000055
745.100000 0.000054
745.150000 0.000054
745.200000 0.000054
745.250000 0.000054
745.300000 0.000053
745.350000 0.000053
745.400000 0.000053
745.450000 0.000053
745.500000 0.000052
745.550000 0.000052
745.600000 0.000052
745.650000 0.000052
745.700000 0.000051
745.750000 0.000051
745.800000 0.000051
745.850000 0.000051
745.900000 0.000050
745.950000 0.000050
746.000000 0.000050
746.050000 0.000050
746.100000 0.000049
746.150000 0.000049
746.200000 0.000049
746.250000 0.000049
746.300000 0.000049
746.350000 0.000048
746.400000 0.000048
746.450000 0.000048
746.500000 0.000048
746.550000 0.000048
746.600000 0.000047
746.650000 0.000047
746.700000 0.000047
746.750000 0.000047
746.800000 0.000047
746.850000 0.000046
746.900000 0.000046
746.950000 0.000046
747.000000 0.000046
747.050000 0.000046
747.100000 0.000045
747.150000 0.000045
747.200000 0.000045
747.250000 0.000045
747.300000 0.000045
747.350000 0.000044
747.400000 0.000044
747.450000 0.000044
747.500000 0.000044
747.550000 0.000044
747.600000 0.000043
747.650000 0.000043
747.700000 0.000043
747.750000 0.000043
747.800000 0.000043
747.850000 0.000043
747.900000 0.000042
747.950000 0.000042
748.000000 0.000042
748.050000 0.000042
748.100000 0.000042
748.150000 0.000041
748.200000 0.000041
748.250000 0.000041
748.300000 0.000041
748.350000 0.000041
748.400000 0.000041
748.450000 0.000040
748.500000 0.000040
748.550000 0.000040
748.600000 0.000040
748.650000 0.000040
748.700000 0.000040
748.750000 0.000040
748.800000 0.000039
748.850000 0.000039
748.900000 0.000039
748.950000 0.000039
749.000000 0.000039
749.050000 0.000039
749.100000 0.000038
749.150000 0.000038
749.200000 0.000038
749.250000 0.000038
749.300000 0.000038
749.350000 0.000038
749.400000 0.000038
749.450000 0.000037
749.500000 0.000037
749.550000 0.000037
749.600000 0.000037
749.650000 0.000037
749.700000 0.000037
749.750000 0.000036
749.800000 0.000035
749.850000 0.000033
749.900000 0.000028
749.950000 0.000022

#Sticks
710.250000 0.000001
710.350000 0.009501
711.000000 0.000070
711.100000 0.001619
711.150000 0.000588
711.300000 0.000015
711.350000 0.000403
711.400000 0.000025
711.550000 0.000031
711.700000 0.000164
711.850000 0.000522
711.950000 0.000081
712.100000 0.000001
712.250000 0.000365
712.300000 0.000098
712.350000 0.000054
712.500000 0.000114
712.550000 0.002597
712.600000 0.016953
712.700000 0.003354
712.750000 0.001645
712.850000 0.003386
712.900000 0.005557
712.950000 0.008329
713.050000 0.001727
713.100000 0.002039
713.150000 0.000350
713.250000 0.016371
713.300000 0.001175
713.400000 0.001366
713.500000 0.000195
713.550000 0.001804
713.650000 0.000675
713.750000 0.001889
713.850000 0.004600
714.000000 0.008047
714.100000 0.000004
714.150000 0.000000
714.250000 0.006690
714.300000 0.000001
714.350000 0.016158
714.400000 0.004419
714.450000 0.003947
714.500000 0.009651
714.600000 0.000172
714.650000 0.003403
714.700000 0.004196
714.750000 0.003040
714.800000 0.000771
714.900000 0.000397
714.950000 0.000022
715.000000 0.000009
715.050000 0.000882
715.100000 0.001172
715.150000 0.000041
715.200000 0.001052
715.250000 0.001926
715.300000 0.000235
715.350000 0.000009
715.400000 0.000374
715.450000 0.000982
715.500000 0.001314
715.550000 0.000354
715.600000 0.000099
715.650000 0.000005
715.700000 0.000970
715.750000 0.000312
715.800000 0.000227
715.850000 0.000891
715.900000 0.000766
716.000000 0.000105
716.050000 0.000475
716.150000 0.000263
716.250000 0.000972
716.300000 0.000035
716.350000 0.000019
716.400000 0.000832
716.450000 0.000051
716.500000 0.000966
716.550000 0.000599
716.600000 0.001266
716.650000 0.000268
716.700000 0.001964
716.750000 0.000015
716.800000 0.003539
716.850000 0.000178
716.900000 0.000599
716.950000 0.000635
717.050000 0.000024
717.100000 0.000191
717.150000 0.000918
717.250000 0.000163
717.300000 0.000074
717.400000 0.000041
717.450000 0.000018
717.500000 0.000530
717.550000 0.000031
717.650000 0.000005
717.700000 0.000053
717.750000 0.000008
717.800000 0.000022
717.850000 0.000197
717.900000 0.000030
718.000000 0.000048
718.050000 0.000091
718.100000 0.000058
718.150000 0.000005
718.200000 0.000074
718.250000 0.000033
718.300000 0.000080
718.350000 0.000003
718.400000 0.000053
718.450000 0.000041
718.550000 0.000009
718.600000 0.000192
718.650000 0.000005
718.700000 0.000019
718.750000 0.000029
718.800000 0.000006
718.850000 0.000051
718.900000 0.000011
718.950000 0.000010
719.000000 0.000012
719.050000 0.000029
719.100000 0.000008
719.150000 0.000063
719.300000 0.000068
719.350000 0.000008
719.450000 0.000140
719.500000 0.000036
719.550000 0.000033
719.600000 0.000005
719.650000 0.000001
719.750000 0.000001
719.800000 0.000011
719.900000 0.000012
719.950000 0.000003
720.050000 0.000090
720.100000 0.000010
720.150000 0.000002
720.200000 0.000019
720.250000 0.000001
720.300000 0.000004
720.350000 0.000002
720.450000 0.000016
720.550000 0.000007
720.650000 0.000012
720.750000 0.000026
720.800000 0.000001
720.850000 0.000142
720.900000 0.000015
721.000000 0.000014
721.050000 0.000010
721.150000 0.000003
721.250000 0.000001
721.350000 0.000033
721.400000 0.000015
721.550000 0.000026
721.650000 0.000001
721.700000 0.000009
721.850000 0.000001
721.900000 0.000003
721.950000 0.000001
722.000000 0.000001
722.150000 0.000004
722.250000 0.000004
722.450000 0.000005
722.600000 0.000001
722.650000 0.000002
722.700000 0.000031
722.800000 0.000065
722.900000 0.000019
722.950000 0.004969
723.050000 0.000009
723.100000 0.000037
723.150000 0.000085
723.250000 0.000004
723.400000 0.000004
723.550000 0.000015
724.050000 0.000028
724.150000 0.000135
724.200000 0.000001
724.250000 0.000020
724.300000 0.000027
724.350000 0.000089
724.400000 0.000208
724.600000 0.000042
724.700000 0.000002
724.850000 0.001652
724.900000 0.007405
725.000000 0.000863
725.150000 0.000487
725.300000 0.018406
725.350000 0.003106
725.450000 0.001313
725.500000 0.000147
725.550000 0.003506
725.600000 0.001573
725.700000 0.000300
725.750000 0.002198
725.800000 0.003367
725.850000 0.000525
725.900000 0.000050
726.050000 0.000721
726.200000 0.004118
726.300000 0.006712
726.350000 0.006685
726.400000 0.000264
726.500000 0.003128
726.600000 0.000000
726.650000 0.002095
726.750000 0.003532
726.850000 0.001059
727.000000 0.000473
727.150000 0.000014
727.200000 0.000284
727.300000 0.002058
727.500000 0.000052
727.750000 0.000142
727.850000 0.000378
727.900000 0.000668
728.100000 0.000003
728.200000 0.000150
728.250000 0.000001
728.300000 0.000312
728.400000 0.000143
728.450000 0.000296
728.550000 0.000351
728.600000 0.000025
728.650000 0.000441
728.700000 0.000088
728.750000 0.000865
728.800000 0.000044
728.900000 0.000370
729.000000 0.000135
729.050000 0.000179
729.100000 0.000107
729.150000 0.000126
729.200000 0.000680
729.250000 0.000996
729.350000 0.000069
729.400000 0.000045
729.450000 0.000082
729.550000 0.000017
729.650000 0.000046
729.750000 0.000006
729.850000 0.000358
729.950000 0.000126
730.000000 0.000024
730.200000 0.000020
730.350000 0.000029
730.400000 0.000048
730.450000 0.000035
730.550000 0.000007
730.650000 0.000007
730.800000 0.000002
730.850000 0.000005
730.900000 0.000014
730.950000 0.000019
731.050000 0.000026
731.100000 0.000010
731.150000 0.000002
731.250000 0.000049
731.350000 0.000067
731.400000 0.000012
731.450000 0.000003
731.500000 0.000011
731.650000 0.000029
731.700000 0.000042
731.750000 0.000001
731.800000 0.000002
731.900000 0.000008
732.000000 0.000012
732.200000 0.000033
732.250000 0.000004
732.450000 0.000014
732.600000 0.000010
732.650000 0.000006
732.750000 0.000047
732.800000 0.000046
732.850000 0.000003
733.000000 0.000058
733.150000 0.000019
733.400000 0.000007
733.450000 0.000005
733.700000 0.000028
733.750000 0.000001
733.800000 0.000031
733.900000 0.000020
733.950000 0.000006
734.100000 0.000009
734.250000 0.000012
734.750000 0.000001
735.250000 0.000001
735.350000 0.000001
735.450000 0.000004
735.550000 0.000002
735.700000 0.000015
735.850000 0.000002
736.050000 0.000002
736.100000 0.000002
736.450000 0.000002
736.800000 0.000002
736.900000 0.000001
739.100000 0.000002
