700.000000 0.000100
700.050000 0.000130
700.100000 0.000151
700.150000 0.000163
700.200000 0.000169
700.250000 0.000172
700.300000 0.000173
700.350000 0.000175
700.400000 0.000176
700.450000 0.000177
700.500000 0.000179
700.550000 0.000180
700.600000 0.000181
700.650000 0.000183
700.700000 0.000184
700.750000 0.000186
700.800000 0.000187
700.850000 0.000189
700.900000 0.000190
700.950000 0.000192
701.000000 0.000193
701.050000 0.000195
701.100000 0.000196
701.150000 0.000198
701.200000 0.000200
701.250000 0.000201
701.300000 0.000203
701.350000 0.000205
701.400000 0.000206
701.450000 0.000208
701.500000 0.000210
701.550000 0.000212
701.600000 0.000214
701.650000 0.000215
701.700000 0.000217
701.750000 0.000219
701.800000 0.000221
701.850000 0.000223
701.900000 0.000225
701.950000 0.000227
702.000000 0.000229
702.050000 0.000231
702.100000 0.000233
702.150000 0.000235
702.200000 0.000237
702.250000 0.000240
702.300000 0.000242
702.350000 0.000244
702.400000 0.000246
702.450000 0.000249
702.500000 0.000251
702.550000 0.000253
702.600000 0.000256
702.650000 0.000258
702.700000 0.000261
702.750000 0.000263
702.800000 0.000266
702.850000 0.000269
702.900000 0.000271
702.950000 0.000274
703.000000 0.000277
703.050000 0.000280
703.100000 0.000282
703.150000 0.000285
703.200000 0.000288
703.250000 0.000291
703.300000 0.000294
703.350000 0.000297
703.400000 0.000301
703.450000 0.000304
703.500000 0.000307
703.550000 0.000310
703.600000 0.000314
703.650000 0.000317
703.700000 0.000321
703.750000 0.000324
703.800000 0.000328
703.850000 0.000332
703.900000 0.000336
703.950000 0.000339
704.000000 0.000343
704.050000 0.000347
704.100000 0.000351
704.150000 0.000356
704.200000 0.000360
704.250000 0.000364
704.300000 0.000369
704.350000 0.000373
704.400000 0.000378
704.450000 0.000382
704.500000 0.000387
704.550000 0.000392
704.600000 0.000397
704.650000 0.000402
704.700000 0.000407
704.750000 0.000413
704.800000 0.000418
704.850000 0.000424
704.900000 0.000429
704.950000 0.000435
705.000000 0.000441
705.050000 0.000447
705.100000 0.000453
705.150000 0.000460
705.200000 0.000466
705.250000 0.000473
705.300000 0.000480
705.350000 0.000487
705.400000 0.000494
705.450000 0.000501
705.500000 0.000509
705.550000 0.000517
705.600000 0.000525
705.650000 0.000533
705.700000 0.000541
705.750000 0.000550
705.800000 0.000558
705.850000 0.000568
705.900000 0.000577
705.950000 0.000586
706.000000 0.000596
706.050000 0.000606
706.100000 0.000617
706.150000 0.000628
706.200000 0.000639
706.250000 0.000650
706.300000 0.000662
706.350000 0.000674
706.400000 0.000686
706.450000 0.000699
706.500000 0.000713
706.550000 0.000726
706.600000 0.000741
706.650000 0.000755
706.700000 0.000771
706.750000 0.000786
706.800000 0.000803
706.850000 0.000820
706.900000 0.000837
706.950000 0.000855
707.000000 0.000874
707.050000 0.000894
707.100000 0.000914
707.150000 0.000936
707.200000 0.000958
707.250000 0.000981
707.300000 0.001005
707.350000 0.001030
707.400000 0.001056
707.450000 0.001083
707.500000 0.001112
707.550000 0.001142
707.600000 0.001173
707.650000 0.001206
707.700000 0.001241
707.750000 0.001277
707.800000 0.001315
707.850000 0.001356
707.900000 0.001398
707.950000 0.001443
708.000000 0.001491
708.050000 0.001541
708.100000 0.001595
708.150000 0.001651
708.200000 0.001712
708.250000 0.001776
708.300000 0.001845
708.350000 0.001918
708.400000 0.001997
708.450000 0.002082
708.500000 0.002173
708.550000 0.002271
708.600000 0.002378
708.650000 0.002493
708.700000 0.002619
708.750000 0.002755
708.800000 0.002905
708.850000 0.003069
708.900000 0.003250
708.950000 0.003450
709.000000 0.003672
709.050000 0.003920
709.100000 0.004197
709.150000 0.004509
709.200000 0.004861
709.250000 0.005263
709.300000 0.005723
709.350000 0.006253
709.400000 0.006868
709.450000 0.007588
709.500000 0.008437
709.550000 0.009447
709.600000 0.010662
709.650000 0.012134
709.700000 0.013937
709.750000 0.016163
709.800000 0.018928
709.850000 0.022368
709.900000 0.026626
709.950000 0.031808
710.000000 0.037913
710.050000 0.044729
710.100000 0.051743
710.150000 0.058128
710.200000 0.062878
710.250000 0.065105
710.300000 0.064362
710.350000 0.060829
710.400000 0.055236
710.450000 0.048584
710.500000 0.041809
710.550000 0.035576
710.600000 0.030226
710.650000 0.025848
710.700000 0.022381
710.750000 0.019701
710.800000 0.017677
710.850000 0.016192
710.900000 0.015147
710.950000 0.014458
711.000000 0.014045
711.050000 0.013831
711.100000 0.013739
711.150000 0.013704
711.200000 0.013676
711.250000 0.013630
711.300000 0.013559
711.350000 0.013465
711.400000 0.013345
711.450000 0.013191
711.500000 0.012993
711.550000 0.012748
711.600000 0.012471
711.650000 0.012188
711.700000 0.011928
711.750000 0.011715
711.800000 0.011568
711.850000 0.011506
711.900000 0.011552
711.950000 0.011733
712.000000 0.012082
712.050000 0.012632
712.100000 0.013419
712.150000 0.014479
712.200000 0.015851
712.250000 0.017568
712.300000 0.019650
712.350000 0.022087
712.400000 0.024825
712.450000 0.027748
712.500000 0.030674
712.550000 0.033375
712.600000 0.035619
712.650000 0.037238
712.700000 0.038193
712.750000 0.038602
712.800000 0.038714
712.850000 0.038823
712.900000 0.039170
712.950000 0.039859
713.000000 0.040846
713.050000 0.041982
713.100000 0.043112
713.150000 0.044166
713.200000 0.045229
713.250000 0.046534
713.300000 0.048402
713.350000 0.051149
713.400000 0.054999
713.450000 0.060031
713.500000 0.066125
713.550000 0.072939
713.600000 0.079901
713.650000 0.086277
713.700000 0.091342
713.750000 0.094631
713.800000 0.096141
713.850000 0.096376
713.900000 0.096175
713.950000 0.096400
714.000000 0.097641
714.050000 0.100025
714.100000 0.103186
714.150000 0.106363
714.200000 0.108603
714.250000 0.109021
714.300000 0.107047
714.350000 0.102600
714.400000 0.096119
714.450000 0.088417
714.500000 0.080444
714.550000 0.073033
714.600000 0.066742
714.650000 0.061814
714.700000 0.058217
714.750000 0.055727
714.800000 0.054006
714.850000 0.052671
714.900000 0.051346
714.950000 0.049709
715.000000 0.047542
715.050000 0.044764
715.100000 0.041448
715.150000 0.037795
715.200000 0.034075
715.250000 0.030543
715.300000 0.027383
715.350000 0.024675
715.400000 0.022412
715.450000 0.020528
715.500000 0.018936
715.550000 0.017558
715.600000 0.016342
715.650000 0.015261
715.700000 0.014307
715.750000 0.013481
715.800000 0.012783
715.850000 0.012212
715.900000 0.011766
715.950000 0.011444
716.000000 0.011241
716.050000 0.011148
716.100000 0.011147
716.150000 0.011211
716.200000 0.011306
716.250000 0.011400
716.300000 0.011471
716.350000 0.011508
716.400000 0.011511
716.450000 0.011491
716.500000 0.011457
716.550000 0.011413
716.600000 0.011352
716.650000 0.011263
716.700000 0.011129
716.750000 0.010936
716.800000 0.010678
716.850000 0.010357
716.900000 0.009991
716.950000 0.009609
717.000000 0.009244
717.050000 0.008919
717.100000 0.008639
717.150000 0.008386
717.200000 0.008132
717.250000 0.007848
717.300000 0.007518
717.350000 0.007150
717.400000 0.006765
717.450000 0.006392
717.500000 0.006054
717.550000 0.005762
717.600000 0.005513
717.650000 0.005298
717.700000 0.005103
717.750000 0.004921
717.800000 0.004747
717.850000 0.004578
717.900000 0.004417
717.950000 0.004262
718.000000 0.004111
718.050000 0.003957
718.100000 0.003797
718.150000 0.003632
718.200000 0.003465
718.250000 0.003305
718.300000 0.003158
718.350000 0.003030
718.400000 0.002919
718.450000 0.002823
718.500000 0.002738
718.550000 0.002661
718.600000 0.002589
718.650000 0.002522
718.700000 0.002461
718.750000 0.002410
718.800000 0.002369
718.850000 0.002344
718.900000 0.002337
718.950000 0.002349
719.000000 0.002382
719.050000 0.002432
719.100000 0.002492
719.150000 0.002553
719.200000 0.002602
719.250000 0.002630
719.300000 0.002628
719.350000 0.002594
719.400000 0.002534
719.450000 0.002455
719.500000 0.002367
719.550000 0.002280
719.600000 0.002197
719.650000 0.002120
719.700000 0.002050
719.750000 0.001984
719.800000 0.001922
719.850000 0.001865
719.900000 0.001813
719.950000 0.001765
720.000000 0.001723
720.050000 0.001687
720.100000 0.001656
720.150000 0.001632
720.200000 0.001612
720.250000 0.001598
720.300000 0.001588
720.350000 0.001580
720.400000 0.001575
720.450000 0.001571
720.500000 0.001567
720.550000 0.001564
720.600000 0.001561
720.650000 0.001557
720.700000 0.001554
720.750000 0.001551
720.800000 0.001548
720.850000 0.001545
720.900000 0.001543
720.950000 0.001541
721.000000 0.001540
721.050000 0.001539
721.100000 0.001538
721.150000 0.001537
721.200000 0.001536
721.250000 0.001535
721.300000 0.001534
721.350000 0.001533
721.400000 0.001532
721.450000 0.001531
721.500000 0.001531
721.550000 0.001532
721.600000 0.001534
721.650000 0.001537
721.700000 0.001542
721.750000 0.001548
721.800000 0.001556
721.850000 0.001566
721.900000 0.001577
721.950000 0.001590
722.000000 0.001606
722.050000 0.001622
722.100000 0.001641
722.150000 0.001662
722.200000 0.001684
722.250000 0.001709
722.300000 0.001735
722.350000 0.001764
722.400000 0.001795
722.450000 0.001828
722.500000 0.001863
722.550000 0.001901
722.600000 0.001941
722.650000 0.001985
722.700000 0.002031
722.750000 0.002080
722.800000 0.002132
722.850000 0.002187
722.900000 0.002246
722.950000 0.002309
723.000000 0.002376
723.050000 0.002447
723.100000 0.002522
723.150000 0.002602
723.200000 0.002688
723.250000 0.002779
723.300000 0.002877
723.350000 0.002981
723.400000 0.003093
723.450000 0.003212
723.500000 0.003340
723.550000 0.003478
723.600000 0.003626
723.650000 0.003785
723.700000 0.003957
723.750000 0.004142
723.800000 0.004342
723.850000 0.004559
723.900000 0.004794
723.950000 0.005048
724.000000 0.005322
724.050000 0.005620
724.100000 0.005941
724.150000 0.006287
724.200000 0.006660
724.250000 0.007062
724.300000 0.007496
724.350000 0.007965
724.400000 0.008475
724.450000 0.009033
724.500000 0.009646
724.550000 0.010323
724.600000 0.011074
724.650000 0.011910
724.700000 0.012841
724.750000 0.013877
724.800000 0.015026
724.850000 0.016294
724.900000 0.017681
724.950000 0.019183
725.000000 0.020787
725.050000 0.022469
725.100000 0.024195
725.150000 0.025926
725.200000 0.027616
725.250000 0.029222
725.300000 0.030711
725.350000 0.032066
725.400000 0.033289
725.450000 0.034399
725.500000 0.035429
725.550000 0.036414
725.600000 0.037382
725.650000 0.038346
725.700000 0.039294
725.750000 0.040193
725.800000 0.040989
725.850000 0.041613
725.900000 0.041994
725.950000 0.042069
726.000000 0.041795
726.050000 0.041156
726.100000 0.040169
726.150000 0.038878
726.200000 0.037351
726.250000 0.035666
726.300000 0.033902
726.350000 0.032128
726.400000 0.030396
726.450000 0.028741
726.500000 0.027179
726.550000 0.025714
726.600000 0.024341
726.650000 0.023053
726.700000 0.021843
726.750000 0.020706
726.800000 0.019640
726.850000 0.018644
726.900000 0.017717
726.950000 0.016859
727.000000 0.016066
727.050000 0.015334
727.100000 0.014657
727.150000 0.014030
727.200000 0.013446
727.250000 0.012901
727.300000 0.012388
727.350000 0.011906
727.400000 0.011451
727.450000 0.011022
727.500000 0.010622
727.550000 0.010252
727.600000 0.009915
727.650000 0.009615
727.700000 0.009352
727.750000 0.009129
727.800000 0.008943
727.850000 0.008791
727.900000 0.008668
727.950000 0.008567
728.000000 0.008482
728.050000 0.008404
728.100000 0.008326
728.150000 0.008243
728.200000 0.008151
728.250000 0.008046
728.300000 0.007928
728.350000 0.007795
728.400000 0.007649
728.450000 0.007488
728.500000 0.007314
728.550000 0.007127
728.600000 0.006929
728.650000 0.006722
728.700000 0.006508
728.750000 0.006289
728.800000 0.006070
728.850000 0.005853
728.900000 0.005640
728.950000 0.005435
729.000000 0.005237
729.050000 0.005047
729.100000 0.004866
729.150000 0.004691
729.200000 0.004523
729.250000 0.004359
729.300000 0.004199
729.350000 0.004041
729.400000 0.003885
729.450000 0.003731
729.500000 0.003580
729.550000 0.003431
729.600000 0.003285
729.650000 0.003143
729.700000 0.003007
729.750000 0.002876
729.800000 0.002752
729.850000 0.002636
729.900000 0.002527
729.950000 0.002426
730.000000 0.002332
730.050000 0.002246
730.100000 0.002167
730.150000 0.002095
730.200000 0.002029
730.250000 0.001968
730.300000 0.001912
730.350000 0.001860
730.400000 0.001812
730.450000 0.001765
730.500000 0.001721
730.550000 0.001678
730.600000 0.001636
730.650000 0.001595
730.700000 0.001554
730.750000 0.001514
730.800000 0.001476
730.850000 0.001439
730.900000 0.001404
730.950000 0.001371
731.000000 0.001341
731.050000 0.001314
731.100000 0.001290
731.150000 0.001268
731.200000 0.001250
731.250000 0.001234
731.300000 0.001221
731.350000 0.001209
731.400000 0.001199
731.450000 0.001189
731.500000 0.001179
731.550000 0.001170
731.600000 0.001160
731.650000 0.001149
731.700000 0.001137
731.750000 0.001125
731.800000 0.001112
731.850000 0.001099
731.900000 0.001087
731.950000 0.001074
732.000000 0.001063
732.050000 0.001051
732.100000 0.001039
732.150000 0.001027
732.200000 0.001014
732.250000 0.000999
732.300000 0.000982
732.350000 0.000963
732.400000 0.000942
732.450000 0.000919
732.500000 0.000894
732.550000 0.000868
732.600000 0.000842
732.650000 0.000817
732.700000 0.000792
732.750000 0.000768
732.800000 0.000746
732.850000 0.000726
732.900000 0.000707
732.950000 0.000690
733.000000 0.000674
733.050000 0.000659
733.100000 0.000645
733.150000 0.000631
733.200000 0.000618
733.250000 0.000605
733.300000 0.000592
733.350000 0.000578
733.400000 0.000565
733.450000 0.000551
733.500000 0.000538
733.550000 0.000524
733.600000 0.000512
733.650000 0.000499
733.700000 0.000488
733.750000 0.000477
733.800000 0.000466
733.850000 0.000456
733.900000 0.000447
733.950000 0.000438
734.000000 0.000430
734.050000 0.000422
734.100000 0.000414
734.150000 0.000407
734.200000 0.000400
734.250000 0.000394
734.300000 0.000388
734.350000 0.000382
734.400000 0.000376
734.450000 0.000371
734.500000 0.000365
734.550000 0.000360
734.600000 0.000356
734.650000 0.000351
734.700000 0.000346
734.750000 0.000342
734.800000 0.000338
734.850000 0.000333
734.900000 0.000329
734.950000 0.000325
735.000000 0.000321
735.050000 0.000317
735.100000 0.000313
735.150000 0.000310
735.200000 0.000306
735.250000 0.000302
735.300000 0.000299
735.350000 0.000295
735.400000 0.000292
735.450000 0.000289
735.500000 0.000285
735.550000 0.000282
735.600000 0.000279
735.650000 0.000276
735.700000 0.000273
735.750000 0.000270
735.800000 0.000267
735.850000 0.000264
735.900000 0.000261
735.950000 0.000259
736.000000 0.000256
736.050000 0.000253
736.100000 0.000250
736.150000 0.000248
736.200000 0.000245
736.250000 0.000243
736.300000 0.000240
736.350000 0.000237
736.400000 0.000235
736.450000 0.000233
736.500000 0.000230
736.550000 0.000228
736.600000 0.000226
736.650000 0.000223
736.700000 0.000221
736.750000 0.000219
736.800000 0.000217
736.850000 0.000215
736.900000 0.000213
736.950000 0.000211
737.000000 0.000209
737.050000 0.000207
737.100000 0.000205
737.150000 0.000203
737.200000 0.000201
737.250000 0.000199
737.300000 0.000197
737.350000 0.000195
737.400000 0.000193
737.450000 0.000192
737.500000 0.000190
737.550000 0.000188
737.600000 0.000187
737.650000 0.000185
737.700000 0.000184
737.750000 0.000182
737.800000 0.000181
737.850000 0.000179
737.900000 0.000178
737.950000 0.000176
738.000000 0.000175
738.050000 0.000173
738.100000 0.000172
738.150000 0.000170
738.200000 0.000169
738.250000 0.000167
738.300000 0.000166
738.350000 0.000165
738.400000 0.000163
738.450000 0.000162
738.500000 0.000161
738.550000 0.000160
738.600000 0.000158
738.650000 0.000157
738.700000 0.000156
738.750000 0.000155
738.800000 0.000154
738.850000 0.000153
738.900000 0.000151
738.950000 0.000150
739.000000 0.000149
739.050000 0.000148
739.100000 0.000147
739.150000 0.000146
739.200000 0.000145
739.250000 0.000144
739.300000 0.000143
739.350000 0.000142
739.400000 0.000141
739.450000 0.000140
739.500000 0.000139
739.550000 0.000138
739.600000 0.000137
739.650000 0.000136
739.700000 0.000135
739.750000 0.000134
739.800000 0.000133
739.850000 0.000132
739.900000 0.000131
739.950000 0.000130
740.000000 0.000130
740.050000 0.000129
740.100000 0.000128
740.150000 0.000127
740.200000 0.000126
740.250000 0.000125
740.300000 0.000125
740.350000 0.000124
740.400000 0.000123
740.450000 0.000122
740.500000 0.000121
740.550000 0.000121
740.600000 0.000120
740.650000 0.000119
740.700000 0.000118
740.750000 0.000118
740.800000 0.000117
740.850000 0.000116
740.900000 0.000115
740.950000 0.000115
741.000000 0.000114
741.050000 0.000113
741.100000 0.000113
741.150000 0.000112
741.200000 0.000111
741.250000 0.000111
741.300000 0.000110
741.350000 0.000109
741.400000 0.000109
741.450000 0.000108
741.500000 0.000107
741.550000 0.000107
741.600000 0.000106
741.650000 0.000106
741.700000 0.000105
741.750000 0.000104
741.800000 0.000104
741.850000 0.000103
741.900000 0.000103
741.950000 0.000102
742.000000 0.000101
742.050000 0.000101
742.100000 0.000100
742.150000 0.000100
742.200000 0.000099
742.250000 0.000099
742.300000 0.000098
742.350000 0.000097
742.400000 0.000097
742.450000 0.000096
742.500000 0.000096
742.550000 0.000095
742.600000 0.000095
742.650000 0.000094
742.700000 0.000094
742.750000 0.000093
742.800000 0.000093
742.850000 0.000092
742.900000 0.000092
742.950000 0.000091
743.000000 0.000091
743.050000 0.000090
743.100000 0.000090
743.150000 0.000089
743.200000 0.000089
743.250000 0.000089
743.300000 0.000088
743.350000 0.000088
743.400000 0.000087
743.450000 0.000087
743.500000 0.000086
743.550000 0.000086
743.600000 0.000085
743.650000 0.000085
743.700000 0.000084
743.750000 0.000084
743.800000 0.000084
743.850000 0.000083
743.900000 0.000083
743.950000 0.000082
744.000000 0.000082
744.050000 0.000082
744.100000 0.000081
744.150000 0.000081
744.200000 0.000080
744.250000 0.000080
744.300000 0.000080
744.350000 0.000079
744.400000 0.000079
744.450000 0.000078
744.500000 0.000078
744.550000 0.000078
744.600000 0.000077
744.650000 0.000077
744.700000 0.000077
744.750000 0.000076
744.800000 0.000076
744.850000 0.000075
744.900000 0.000075
744.950000 0.000075
745.000000 0.000074
745.050000 0.000074
745.100000 0.000074
745.150000 0.000073
745.200000 0.000073
745.250000 0.000073
745.300000 0.000072
745.350000 0.000072
745.400000 0.000072
745.450000 0.000071
745.500000 0.000071
745.550000 0.000071
745.600000 0.000070
745.650000 0.000070
745.700000 0.000070
745.750000 0.000069
745.800000 0.000069
745.850000 0.000069
745.900000 0.000069
745.950000 0.000068
746.000000 0.000068
746.050000 0.000068
746.100000 0.000067
746.150000 0.000067
746.200000 0.000067
746.250000 0.000066
746.300000 0.000066
746.350000 0.000066
746.400000 0.000066
746.450000 0.000065
746.500000 0.000065
746.550000 0.000065
746.600000 0.000064
746.650000 0.000064
746.700000 0.000064
746.750000 0.000064
746.800000 0.000063
746.850000 0.000063
746.900000 0.000063
746.950000 0.000063
747.000000 0.000062
747.050000 0.000062
747.100000 0.000062
747.150000 0.000061
747.200000 0.000061
747.250000 0.000061
747.300000 0.000061
747.350000 0.000060
747.400000 0.000060
747.450000 0.000060
747.500000 0.000060
747.550000 0.000059
747.600000 0.000059
747.650000 0.000059
747.700000 0.000059
747.750000 0.000058
747.800000 0.000058
747.850000 0.000058
747.900000 0.000058
747.950000 0.000058
748.000000 0.000057
748.050000 0.000057
748.100000 0.000057
748.150000 0.000057
748.200000 0.000056
748.250000 0.000056
748.300000 0.000056
748.350000 0.000056
748.400000 0.000055
748.450000 0.000055
748.500000 0.000055
748.550000 0.000055
748.600000 0.000055
748.650000 0.000054
748.700000 0.000054
748.750000 0.000054
748.800000 0.000054
748.850000 0.000054
748.900000 0.000053
748.950000 0.000053
749.000000 0.000053
749.050000 0.000053
749.100000 0.000053
749.150000 0.000052
749.200000 0.000052
749.250000 0.000052
749.300000 0.000052
749.350000 0.000052
749.400000 0.000051
749.450000 0.000051
749.500000 0.000051
749.550000 0.000051
749.600000 0.000051
749.650000 0.000050
749.700000 0.000050
749.750000 0.000049
749.800000 0.000048
749.850000 0.000045
749.900000 0.000038
749.950000 0.000030

#Sticks
710.250000 0.056034
711.100000 0.001590
711.150000 0.000028
711.250000 0.001870
711.450000 0.002127
711.550000 0.001050
711.800000 0.001122
712.050000 0.000014
712.250000 0.000014
712.400000 0.000283
712.450000 0.001693
712.600000 0.007425
712.700000 0.011993
712.750000 0.000698
713.000000 0.001299
713.050000 0.003723
713.150000 0.010822
713.300000 0.000355
713.500000 0.005239
713.650000 0.004768
713.750000 0.047457
713.950000 0.004841
714.150000 0.019357
714.250000 0.018409
714.300000 0.033002
714.400000 0.008522
714.550000 0.000797
714.700000 0.003082
714.850000 0.004345
714.900000 0.006199
714.950000 0.002828
715.050000 0.013513
715.150000 0.000632
715.250000 0.000073
715.350000 0.000252
715.400000 0.000326
715.500000 0.000448
715.550000 0.001866
715.650000 0.000003
715.750000 0.000665
715.900000 0.000662
716.050000 0.000076
716.100000 0.000172
716.150000 0.000114
716.200000 0.001542
716.300000 0.000281
716.400000 0.001747
716.600000 0.001618
716.700000 0.001289
716.800000 0.000065
716.850000 0.002329
716.950000 0.000218
717.050000 0.000239
717.150000 0.000580
717.250000 0.001619
717.350000 0.000437
717.400000 0.000005
717.550000 0.000104
717.600000 0.000440
717.700000 0.000020
717.750000 0.000397
717.800000 0.000299
717.950000 0.000103
718.000000 0.000111
718.100000 0.000585
718.200000 0.000063
718.300000 0.000046
718.400000 0.000025
718.450000 0.000158
718.550000 0.000093
718.600000 0.000009
718.650000 0.000010
718.700000 0.000111
718.750000 0.000033
718.850000 0.000013
718.900000 0.000012
718.950000 0.000011
719.000000 0.000018
719.150000 0.000066
719.200000 0.000284
719.300000 0.000094
719.350000 0.000414
719.400000 0.000094
719.450000 0.000022
719.600000 0.000061
719.700000 0.000160
719.850000 0.000035
719.900000 0.000009
719.950000 0.000044
720.000000 0.000023
720.100000 0.000006
720.200000 0.000082
720.300000 0.000002
720.400000 0.000069
720.500000 0.000148
720.600000 0.000008
720.700000 0.000122
720.900000 0.000006
721.000000 0.000082
721.150000 0.000054
721.200000 0.000060
721.300000 0.000019
721.350000 0.000064
721.450000 0.000027
721.700000 0.000028
721.800000 0.000002
721.900000 0.000006
722.000000 0.000016
722.150000 0.000013
722.300000 0.000008
722.400000 0.000003
722.500000 0.000002
722.650000 0.000012
722.750000 0.000001
722.900000 0.000001
722.950000 0.000011
723.150000 0.000019
723.200000 0.000002
723.400000 0.000009
723.600000 0.000034
723.900000 0.000035
724.250000 0.000088
724.350000 0.000748
724.550000 0.000013
724.700000 0.000009
724.800000 0.000030
724.900000 0.000174
725.000000 0.000027
725.300000 0.023870
725.450000 0.003495
725.650000 0.001093
725.800000 0.004500
725.900000 0.012739
726.050000 0.029830
726.150000 0.005864
726.500000 0.000617
726.600000 0.007812
726.900000 0.000051
727.000000 0.002318
727.100000 0.000660
727.350000 0.002867
727.600000 0.000828
727.950000 0.000181
728.050000 0.002240
728.250000 0.001284
728.350000 0.001301
728.450000 0.000212
728.600000 0.001846
728.700000 0.000460
728.800000 0.000526
728.950000 0.000382
729.000000 0.000149
729.200000 0.000374
729.250000 0.000660
729.500000 0.000498
729.600000 0.000189
729.700000 0.000086
729.900000 0.000032
730.050000 0.000102
730.400000 0.000150
730.550000 0.000064
730.650000 0.000164
730.850000 0.000039
730.900000 0.000003
731.050000 0.000024
731.250000 0.000006
731.300000 0.000005
731.450000 0.000100
731.600000 0.000124
731.700000 0.000093
731.850000 0.000059
731.950000 0.000015
732.150000 0.000083
732.300000 0.000269
732.450000 0.000078
732.650000 0.000004
732.900000 0.000016
733.250000 0.000102
733.750000 0.000004
733.950000 0.000002
734.050000 0.000005
734.550000 0.000002
734.650000 0.000007
734.900000 0.000001
735.050000 0.000007
735.300000 0.000001
735.500000 0.000004
735.650000 0.000002
735.950000 0.000003
736.100000 0.000004
736.500000 0.000003
737.050000 0.000003
737.800000 0.000002
739.150000 0.000001
