700.000000 -0.000041
700.050000 -0.000053
700.100000 -0.000062
700.150000 -0.000067
700.200000 -0.000069
700.250000 -0.000071
700.300000 -0.000071
700.350000 -0.000072
700.400000 -0.000073
700.450000 -0.000073
700.500000 -0.000074
700.550000 -0.000074
700.600000 -0.000075
700.650000 -0.000076
700.700000 -0.000076
700.750000 -0.000077
700.800000 -0.000078
700.850000 -0.000078
700.900000 -0.000079
700.950000 -0.000080
701.000000 -0.000081
701.050000 -0.000081
701.100000 -0.000082
701.150000 -0.000083
701.200000 -0.000084
701.250000 -0.000084
701.300000 -0.000085
701.350000 -0.000086
701.400000 -0.000087
701.450000 -0.000088
701.500000 -0.000089
701.550000 -0.000089
701.600000 -0.000090
701.650000 -0.000091
701.700000 -0.000092
701.750000 -0.000093
701.800000 -0.000094
701.850000 -0.000095
701.900000 -0.000096
701.950000 -0.000097
702.000000 -0.000098
702.050000 -0.000099
702.100000 -0.000100
702.150000 -0.000101
702.200000 -0.000102
702.250000 -0.000103
702.300000 -0.000104
702.350000 -0.000105
702.400000 -0.000106
702.450000 -0.000107
702.500000 -0.000109
702.550000 -0.000110
702.600000 -0.000111
702.650000 -0.000112
702.700000 -0.000113
702.750000 -0.000115
702.800000 -0.000116
702.850000 -0.000117
702.900000 -0.000119
702.950000 -0.000120
703.000000 -0.000121
703.050000 -0.000123
703.100000 -0.000124
703.150000 -0.000126
703.200000 -0.000127
703.250000 -0.000129
703.300000 -0.000130
703.350000 -0.000132
703.400000 -0.000133
703.450000 -0.000135
703.500000 -0.000137
703.550000 -0.000139
703.600000 -0.000140
703.650000 -0.000142
703.700000 -0.000144
703.750000 -0.000146
703.800000 -0.000148
703.850000 -0.000150
703.900000 -0.000152
703.950000 -0.000154
704.000000 -0.000156
704.050000 -0.000158
704.100000 -0.000160
704.150000 -0.000162
704.200000 -0.000164
704.250000 -0.000167
704.300000 -0.000169
704.350000 -0.000171
704.400000 -0.000174
704.450000 -0.000176
704.500000 -0.000179
704.550000 -0.000182
704.600000 -0.000184
704.650000 -0.000187
704.700000 -0.000190
704.750000 -0.000193
704.800000 -0.000196
704.850000 -0.000199
704.900000 -0.000202
704.950000 -0.000205
705.000000 -0.000208
705.050000 -0.000212
705.100000 -0.000215
705.150000 -0.000219
705.200000 -0.000222
705.250000 -0.000226
705.300000 -0.000230
705.350000 -0.000234
705.400000 -0.000238
705.450000 -0.000242
705.500000 -0.000247
705.550000 -0.000251
705.600000 -0.000256
705.650000 -0.000260
705.700000 -0.000265
705.750000 -0.000270
705.800000 -0.000275
705.850000 -0.000281
705.900000 -0.000286
705.950000 -0.000292
706.000000 -0.000297
706.050000 -0.000303
706.100000 -0.000310
706.150000 -0.000316
706.200000 -0.000323
706.250000 -0.000330
706.300000 -0.000337
706.350000 -0.000344
706.400000 -0.000352
706.450000 -0.000360
706.500000 -0.000368
706.550000 -0.000376
706.600000 -0.000385
706.650000 -0.000394
706.700000 -0.000404
706.750000 -0.000414
706.800000 -0.000424
706.850000 -0.000435
706.900000 -0.000446
706.950000 -0.000457
707.000000 -0.000470
707.050000 -0.000482
707.100000 -0.000495
707.150000 -0.000509
707.200000 -0.000524
707.250000 -0.000539
707.300000 -0.000555
707.350000 -0.000571
707.400000 -0.000589
707.450000 -0.000607
707.500000 -0.000627
707.550000 -0.000647
707.600000 -0.000668
707.650000 -0.000691
707.700000 -0.000715
707.750000 -0.000740
707.800000 -0.000766
707.850000 -0.000795
707.900000 -0.000825
707.950000 -0.000856
708.000000 -0.000890
708.050000 -0.000926
708.100000 -0.000965
708.150000 -0.001006
708.200000 -0.001050
708.250000 -0.001097
708.300000 -0.001148
708.350000 -0.001202
708.400000 -0.001261
708.450000 -0.001324
708.500000 -0.001393
708.550000 -0.001468
708.600000 -0.001549
708.650000 -0.001638
708.700000 -0.001734
708.750000 -0.001841
708.800000 -0.001958
708.850000 -0.002087
708.900000 -0.002230
708.950000 -0.002389
709.000000 -0.002567
709.050000 -0.002766
709.100000 -0.002990
709.150000 -0.003244
709.200000 -0.003533
709.250000 -0.003864
709.300000 -0.004245
709.350000 -0.004686
709.400000 -0.005201
709.450000 -0.005807
709.500000 -0.006526
709.550000 -0.007386
709.600000 -0.008425
709.650000 -0.009691
709.700000 -0.011248
709.750000 -0.013178
709.800000 -0.015584
709.850000 -0.018584
709.900000 -0.022300
709.950000 -0.026814
710.000000 -0.032100
710.050000 -0.037936
710.100000 -0.043820
710.150000 -0.048978
710.200000 -0.052515
710.250000 -0.053698
710.300000 -0.052247
710.350000 -0.048470
710.400000 -0.043131
710.450000 -0.037155
710.500000 -0.031329
710.550000 -0.026143
710.600000 -0.021792
710.650000 -0.018270
710.700000 -0.015471
710.750000 -0.013265
710.800000 -0.011531
710.850000 -0.010175
710.900000 -0.009125
710.950000 -0.008331
711.000000 -0.007757
711.050000 -0.007374
711.100000 -0.007152
711.150000 -0.007058
711.200000 -0.007053
711.250000 -0.007098
711.300000 -0.007157
711.350000 -0.007198
711.400000 -0.007187
711.450000 -0.007093
711.500000 -0.006888
711.550000 -0.006563
711.600000 -0.006128
711.650000 -0.005611
711.700000 -0.005045
711.750000 -0.004462
711.800000 -0.003882
711.850000 -0.003323
711.900000 -0.002792
711.950000 -0.002294
712.000000 -0.001825
712.050000 -0.001373
712.100000 -0.000922
712.150000 -0.000452
712.200000 0.000063
712.250000 0.000655
712.300000 0.001364
712.350000 0.002223
712.400000 0.003246
712.450000 0.004400
712.500000 0.005606
712.550000 0.006763
712.600000 0.007797
712.650000 0.008690
712.700000 0.009473
712.750000 0.010159
712.800000 0.010686
712.850000 0.010908
712.900000 0.010663
712.950000 0.009877
713.000000 0.008623
713.050000 0.007088
713.100000 0.005455
713.150000 0.003754
713.200000 0.001791
713.250000 -0.000798
713.300000 -0.004401
713.350000 -0.009275
713.400000 -0.015455
713.450000 -0.022758
713.500000 -0.030818
713.550000 -0.039110
713.600000 -0.046966
713.650000 -0.053628
713.700000 -0.058407
713.750000 -0.060908
713.800000 -0.061232
713.850000 -0.059993
713.900000 -0.058121
713.950000 -0.056528
714.000000 -0.055790
714.050000 -0.055976
714.100000 -0.056661
714.150000 -0.057103
714.200000 -0.056499
714.250000 -0.054256
714.300000 -0.050172
714.350000 -0.044505
714.400000 -0.037897
714.450000 -0.031190
714.500000 -0.025204
714.550000 -0.020545
714.600000 -0.017523
714.650000 -0.016161
714.700000 -0.016255
714.750000 -0.017444
714.800000 -0.019264
714.850000 -0.021206
714.900000 -0.022788
714.950000 -0.023624
715.000000 -0.023489
715.050000 -0.022348
715.100000 -0.020354
715.150000 -0.017801
715.200000 -0.015035
715.250000 -0.012369
715.300000 -0.010017
715.350000 -0.008077
715.400000 -0.006545
715.450000 -0.005358
715.500000 -0.004427
715.550000 -0.003665
715.600000 -0.003010
715.650000 -0.002426
715.700000 -0.001907
715.750000 -0.001465
715.800000 -0.001115
715.850000 -0.000872
715.900000 -0.000739
715.950000 -0.000707
716.000000 -0.000756
716.050000 -0.000857
716.100000 -0.000975
716.150000 -0.001070
716.200000 -0.001104
716.250000 -0.001044
716.300000 -0.000872
716.350000 -0.000584
716.400000 -0.000196
716.450000 0.000264
716.500000 0.000760
716.550000 0.001256
716.600000 0.001715
716.650000 0.002102
716.700000 0.002379
716.750000 0.002510
716.800000 0.002474
716.850000 0.002273
716.900000 0.001931
716.950000 0.001485
717.000000 0.000975
717.050000 0.000437
717.100000 -0.000097
717.150000 -0.000593
717.200000 -0.001017
717.250000 -0.001341
717.300000 -0.001550
717.350000 -0.001652
717.400000 -0.001675
717.450000 -0.001659
717.500000 -0.001637
717.550000 -0.001628
717.600000 -0.001637
717.650000 -0.001654
717.700000 -0.001666
717.750000 -0.001663
717.800000 -0.001644
717.850000 -0.001610
717.900000 -0.001567
717.950000 -0.001517
718.000000 -0.001460
718.050000 -0.001392
718.100000 -0.001312
718.150000 -0.001221
718.200000 -0.001126
718.250000 -0.001035
718.300000 -0.000953
718.350000 -0.000885
718.400000 -0.000829
718.450000 -0.000784
718.500000 -0.000745
718.550000 -0.000712
718.600000 -0.000685
718.650000 -0.000665
718.700000 -0.000653
718.750000 -0.000649
718.800000 -0.000655
718.850000 -0.000672
718.900000 -0.000702
718.950000 -0.000746
719.000000 -0.000804
719.050000 -0.000874
719.100000 -0.000948
719.150000 -0.001019
719.200000 -0.001075
719.250000 -0.001108
719.300000 -0.001112
719.350000 -0.001088
719.400000 -0.001043
719.450000 -0.000985
719.500000 -0.000926
719.550000 -0.000872
719.600000 -0.000825
719.650000 -0.000784
719.700000 -0.000747
719.750000 -0.000710
719.800000 -0.000672
719.850000 -0.000634
719.900000 -0.000597
719.950000 -0.000563
720.000000 -0.000531
720.050000 -0.000503
720.100000 -0.000479
720.150000 -0.000459
720.200000 -0.000443
720.250000 -0.000430
720.300000 -0.000418
720.350000 -0.000408
720.400000 -0.000399
720.450000 -0.000388
720.500000 -0.000377
720.550000 -0.000365
720.600000 -0.000351
720.650000 -0.000336
720.700000 -0.000321
720.750000 -0.000306
720.800000 -0.000291
720.850000 -0.000277
720.900000 -0.000263
720.950000 -0.000250
721.000000 -0.000238
721.050000 -0.000225
721.100000 -0.000212
721.150000 -0.000198
721.200000 -0.000183
721.250000 -0.000165
721.300000 -0.000146
721.350000 -0.000125
721.400000 -0.000101
721.450000 -0.000076
721.500000 -0.000048
721.550000 -0.000019
721.600000 0.000012
721.650000 0.000045
721.700000 0.000081
721.750000 0.000119
721.800000 0.000160
721.850000 0.000205
721.900000 0.000253
721.950000 0.000307
722.000000 0.000366
722.050000 0.000432
722.100000 0.000504
722.150000 0.000586
722.200000 0.000676
722.250000 0.000778
722.300000 0.000891
722.350000 0.001017
722.400000 0.001158
722.450000 0.001312
722.500000 0.001480
722.550000 0.001661
722.600000 0.001852
722.650000 0.002048
722.700000 0.002242
722.750000 0.002425
722.800000 0.002588
722.850000 0.002720
722.900000 0.002810
722.950000 0.002851
723.000000 0.002841
723.050000 0.002780
723.100000 0.002674
723.150000 0.002531
723.200000 0.002362
723.250000 0.002177
723.300000 0.001988
723.350000 0.001801
723.400000 0.001623
723.450000 0.001458
723.500000 0.001308
723.550000 0.001175
723.600000 0.001058
723.650000 0.000958
723.700000 0.000874
723.750000 0.000806
723.800000 0.000752
723.850000 0.000712
723.900000 0.000687
723.950000 0.000675
724.000000 0.000679
724.050000 0.000698
724.100000 0.000733
724.150000 0.000788
724.200000 0.000863
724.250000 0.000962
724.300000 0.001086
724.350000 0.001237
724.400000 0.001414
724.450000 0.001615
724.500000 0.001834
724.550000 0.002064
724.600000 0.002290
724.650000 0.002496
724.700000 0.002662
724.750000 0.002761
724.800000 0.002771
724.850000 0.002668
724.900000 0.002432
724.950000 0.002053
725.000000 0.001525
725.050000 0.000852
725.100000 0.000045
725.150000 -0.000880
725.200000 -0.001905
725.250000 -0.003007
725.300000 -0.004167
725.350000 -0.005369
725.400000 -0.006604
725.450000 -0.007867
725.500000 -0.009162
725.550000 -0.010488
725.600000 -0.011842
725.650000 -0.013206
725.700000 -0.014545
725.750000 -0.015806
725.800000 -0.016919
725.850000 -0.017803
725.900000 -0.018381
725.950000 -0.018588
726.000000 -0.018385
726.050000 -0.017771
726.100000 -0.016784
726.150000 -0.015495
726.200000 -0.014006
726.250000 -0.012424
726.300000 -0.010856
726.350000 -0.009387
726.400000 -0.008077
726.450000 -0.006958
726.500000 -0.006034
726.550000 -0.005293
726.600000 -0.004711
726.650000 -0.004261
726.700000 -0.003919
726.750000 -0.003664
726.800000 -0.003480
726.850000 -0.003354
726.900000 -0.003273
726.950000 -0.003226
727.000000 -0.003202
727.050000 -0.003192
727.100000 -0.003189
727.150000 -0.003187
727.200000 -0.003185
727.250000 -0.003179
727.300000 -0.003170
727.350000 -0.003157
727.400000 -0.003140
727.450000 -0.003120
727.500000 -0.003097
727.550000 -0.003073
727.600000 -0.003052
727.650000 -0.003037
727.700000 -0.003032
727.750000 -0.003040
727.800000 -0.003062
727.850000 -0.003097
727.900000 -0.003143
727.950000 -0.003194
728.000000 -0.003243
728.050000 -0.003285
728.100000 -0.003311
728.150000 -0.003316
728.200000 -0.003297
728.250000 -0.003252
728.300000 -0.003180
728.350000 -0.003084
728.400000 -0.002965
728.450000 -0.002827
728.500000 -0.002674
728.550000 -0.002508
728.600000 -0.002334
728.650000 -0.002155
728.700000 -0.001974
728.750000 -0.001796
728.800000 -0.001622
728.850000 -0.001457
728.900000 -0.001301
728.950000 -0.001158
729.000000 -0.001030
729.050000 -0.000916
729.100000 -0.000820
729.150000 -0.000741
729.200000 -0.000680
729.250000 -0.000634
729.300000 -0.000602
729.350000 -0.000581
729.400000 -0.000566
729.450000 -0.000555
729.500000 -0.000545
729.550000 -0.000533
729.600000 -0.000518
729.650000 -0.000500
729.700000 -0.000480
729.750000 -0.000458
729.800000 -0.000437
729.850000 -0.000419
729.900000 -0.000403
729.950000 -0.000391
730.000000 -0.000384
730.050000 -0.000380
730.100000 -0.000380
730.150000 -0.000383
730.200000 -0.000387
730.250000 -0.000393
730.300000 -0.000399
730.350000 -0.000405
730.400000 -0.000411
730.450000 -0.000415
730.500000 -0.000418
730.550000 -0.000419
730.600000 -0.000417
730.650000 -0.000414
730.700000 -0.000408
730.750000 -0.000400
730.800000 -0.000391
730.850000 -0.000381
730.900000 -0.000371
730.950000 -0.000361
731.000000 -0.000352
731.050000 -0.000344
731.100000 -0.000338
731.150000 -0.000335
731.200000 -0.000333
731.250000 -0.000334
731.300000 -0.000337
731.350000 -0.000342
731.400000 -0.000349
731.450000 -0.000356
731.500000 -0.000364
731.550000 -0.000371
731.600000 -0.000378
731.650000 -0.000384
731.700000 -0.000389
731.750000 -0.000393
731.800000 -0.000396
731.850000 -0.000398
731.900000 -0.000400
731.950000 -0.000401
732.000000 -0.000402
732.050000 -0.000403
732.100000 -0.000402
732.150000 -0.000400
732.200000 -0.000396
732.250000 -0.000390
732.300000 -0.000381
732.350000 -0.000369
732.400000 -0.000355
732.450000 -0.000337
732.500000 -0.000318
732.550000 -0.000297
732.600000 -0.000276
732.650000 -0.000255
732.700000 -0.000235
732.750000 -0.000216
732.800000 -0.000200
732.850000 -0.000186
732.900000 -0.000175
732.950000 -0.000166
733.000000 -0.000159
733.050000 -0.000153
733.100000 -0.000149
733.150000 -0.000145
733.200000 -0.000141
733.250000 -0.000138
733.300000 -0.000133
733.350000 -0.000128
733.400000 -0.000122
733.450000 -0.000116
733.500000 -0.000109
733.550000 -0.000102
733.600000 -0.000095
733.650000 -0.000089
733.700000 -0.000083
733.750000 -0.000077
733.800000 -0.000073
733.850000 -0.000070
733.900000 -0.000067
733.950000 -0.000066
734.000000 -0.000065
734.050000 -0.000065
734.100000 -0.000065
734.150000 -0.000065
734.200000 -0.000066
734.250000 -0.000067
734.300000 -0.000069
734.350000 -0.000070
734.400000 -0.000071
734.450000 -0.000072
734.500000 -0.000073
734.550000 -0.000074
734.600000 -0.000075
734.650000 -0.000076
734.700000 -0.000076
734.750000 -0.000076
734.800000 -0.000076
734.850000 -0.000076
734.900000 -0.000075
734.950000 -0.000075
735.000000 -0.000074
735.050000 -0.000073
735.100000 -0.000072
735.150000 -0.000071
735.200000 -0.000070
735.250000 -0.000069
735.300000 -0.000067
735.350000 -0.000066
735.400000 -0.000064
735.450000 -0.000063
735.500000 -0.000062
735.550000 -0.000060
735.600000 -0.000059
735.650000 -0.000058
735.700000 -0.000058
735.750000 -0.000057
735.800000 -0.000056
735.850000 -0.000056
735.900000 -0.000056
735.950000 -0.000056
736.000000 -0.000056
736.050000 -0.000056
736.100000 -0.000056
736.150000 -0.000056
736.200000 -0.000055
736.250000 -0.000055
736.300000 -0.000055
736.350000 -0.000055
736.400000 -0.000055
736.450000 -0.000055
736.500000 -0.000054
736.550000 -0.000054
736.600000 -0.000054
736.650000 -0.000053
736.700000 -0.000053
736.750000 -0.000053
736.800000 -0.000052
736.850000 -0.000052
736.900000 -0.000052
736.950000 -0.000052
737.000000 -0.000051
737.050000 -0.000051
737.100000 -0.000051
737.150000 -0.000050
737.200000 -0.000050
737.250000 -0.000050
737.300000 -0.000050
737.350000 -0.000049
737.400000 -0.000049
737.450000 -0.000048
737.500000 -0.000048
737.550000 -0.000048
737.600000 -0.000048
737.650000 -0.000047
737.700000 -0.000047
737.750000 -0.000047
737.800000 -0.000046
737.850000 -0.000046
737.900000 -0.000045
737.950000 -0.000045
738.000000 -0.000045
738.050000 -0.000044
738.100000 -0.000044
738.150000 -0.000043
738.200000 -0.000043
738.250000 -0.000043
738.300000 -0.000042
738.350000 -0.000042
738.400000 -0.000041
738.450000 -0.000041
738.500000 -0.000041
738.550000 -0.000040
738.600000 -0.000040
738.650000 -0.000040
738.700000 -0.000039
738.750000 -0.000039
738.800000 -0.000039
738.850000 -0.000038
738.900000 -0.000038
738.950000 -0.000038
739.000000 -0.000037
739.050000 -0.000037
739.100000 -0.000037
739.150000 -0.000037
739.200000 -0.000036
739.250000 -0.000036
739.300000 -0.000036
739.350000 -0.000036
739.400000 -0.000036
739.450000 -0.000035
739.500000 -0.000035
739.550000 -0.000035
739.600000 -0.000035
739.650000 -0.000034
739.700000 -0.000034
739.750000 -0.000034
739.800000 -0.000034
739.850000 -0.000034
739.900000 -0.000033
739.950000 -0.000033
740.000000 -0.000033
740.050000 -0.000033
740.100000 -0.000033
740.150000 -0.000032
740.200000 -0.000032
740.250000 -0.000032
740.300000 -0.000032
740.350000 -0.000032
740.400000 -0.000032
740.450000 -0.000031
740.500000 -0.000031
740.550000 -0.000031
740.600000 -0.000031
740.650000 -0.000031
740.700000 -0.000030
740.750000 -0.000030
740.800000 -0.000030
740.850000 -0.000030
740.900000 -0.000030
740.950000 -0.000030
741.000000 -0.000029
741.050000 -0.000029
741.100000 -0.000029
741.150000 -0.000029
741.200000 -0.000029
741.250000 -0.000029
741.300000 -0.000028
741.350000 -0.000028
741.400000 -0.000028
741.450000 -0.000028
741.500000 -0.000028
741.550000 -0.000028
741.600000 -0.000027
741.650000 -0.000027
741.700000 -0.000027
741.750000 -0.000027
741.800000 -0.000027
741.850000 -0.000027
741.900000 -0.000027
741.950000 -0.000026
742.000000 -0.000026
742.050000 -0.000026
742.100000 -0.000026
742.150000 -0.000026
742.200000 -0.000026
742.250000 -0.000026
742.300000 -0.000025
742.350000 -0.000025
742.400000 -0.000025
742.450000 -0.000025
742.500000 -0.000025
742.550000 -0.000025
742.600000 -0.000025
742.650000 -0.000025
742.700000 -0.000024
742.750000 -0.000024
742.800000 -0.000024
742.850000 -0.000024
742.900000 -0.000024
742.950000 -0.000024
743.000000 -0.000024
743.050000 -0.000024
743.100000 -0.000023
743.150000 -0.000023
743.200000 -0.000023
743.250000 -0.000023
743.300000 -0.000023
743.350000 -0.000023
743.400000 -0.000023
743.450000 -0.000023
743.500000 -0.000023
743.550000 -0.000022
743.600000 -0.000022
743.650000 -0.000022
743.700000 -0.000022
743.750000 -0.000022
743.800000 -0.000022
743.850000 -0.000022
743.900000 -0.000022
743.950000 -0.000022
744.000000 -0.000021
744.050000 -0.000021
744.100000 -0.000021
744.150000 -0.000021
744.200000 -0.000021
744.250000 -0.000021
744.300000 -0.000021
744.350000 -0.000021
744.400000 -0.000021
744.450000 -0.000021
744.500000 -0.000021
744.550000 -0.000020
744.600000 -0.000020
744.650000 -0.000020
744.700000 -0.000020
744.750000 -0.000020
744.800000 -0.000020
744.850000 -0.000020
744.900000 -0.000020
744.950000 -0.000020
745.000000 -0.000020
745.050000 -0.000020
745.100000 -0.000019
745.150000 -0.000019
745.200000 -0.000019
745.250000 -0.000019
745.300000 -0.000019
745.350000 -0.000019
745.400000 -0.000019
745.450000 -0.000019
745.500000 -0.000019
745.550000 -0.000019
745.600000 -0.000019
745.650000 -0.000019
745.700000 -0.000018
745.750000 -0.000018
745.800000 -0.000018
745.850000 -0.000018
745.900000 -0.000018
745.950000 -0.000018
746.000000 -0.000018
746.050000 -0.000018
746.100000 -0.000018
746.150000 -0.000018
746.200000 -0.000018
746.250000 -0.000018
746.300000 -0.000018
746.350000 -0.000017
746.400000 -0.000017
746.450000 -0.000017
746.500000 -0.000017
746.550000 -0.000017
746.600000 -0.000017
746.650000 -0.000017
746.700000 -0.000017
746.750000 -0.000017
746.800000 -0.000017
746.850000 -0.000017
746.900000 -0.000017
746.950000 -0.000017
747.000000 -0.000017
747.050000 -0.000016
747.100000 -0.000016
747.150000 -0.000016
747.200000 -0.000016
747.250000 -0.000016
747.300000 -0.000016
747.350000 -0.000016
747.400000 -0.000016
747.450000 -0.000016
747.500000 -0.000016
747.550000 -0.000016
747.600000 -0.000016
747.650000 -0.000016
747.700000 -0.000016
747.750000 -0.000016
747.800000 -0.000016
747.850000 -0.000015
747.900000 -0.000015
747.950000 -0.000015
748.000000 -0.000015
748.050000 -0.000015
748.100000 -0.000015
748.150000 -0.000015
748.200000 -0.000015
748.250000 -0.000015
748.300000 -0.000015
748.350000 -0.000015
748.400000 -0.000015
748.450000 -0.000015
748.500000 -0.000015
748.550000 -0.000015
748.600000 -0.000015
748.650000 -0.000015
748.700000 -0.000014
748.750000 -0.000014
748.800000 -0.000014
748.850000 -0.000014
748.900000 -0.000014
748.950000 -0.000014
749.000000 -0.000014
749.050000 -0.000014
749.100000 -0.000014
749.150000 -0.000014
749.200000 -0.000014
749.250000 -0.000014
749.300000 -0.000014
749.350000 -0.000014
749.400000 -0.000014
749.450000 -0.000014
749.500000 -0.000014
749.550000 -0.000014
749.600000 -0.000014
749.650000 -0.000014
749.700000 -0.000013
749.750000 -0.000013
749.800000 -0.000013
749.850000 -0.000012
749.900000 -0.000010
749.950000 -0.000008

#Sticks
710.250000 -0.056034
710.350000 0.009501
711.000000 0.000070
711.100000 0.000029
711.150000 0.000560
711.250000 -0.001870
711.300000 0.000015
711.350000 0.000403
711.400000 0.000025
711.450000 -0.002127
711.550000 -0.001019
711.700000 0.000164
711.800000 -0.001122
711.850000 0.000522
711.950000 0.000081
712.050000 -0.000014
712.100000 0.000001
712.250000 0.000351
712.300000 0.000098
712.350000 0.000054
712.400000 -0.000283
712.450000 -0.001693
712.500000 0.000114
712.550000 0.002597
712.600000 0.009528
712.700000 -0.008639
712.750000 0.000947
712.850000 0.003386
712.900000 0.005557
712.950000 0.008329
713.000000 -0.001299
713.050000 -0.001996
713.100000 0.002039
713.150000 -0.010472
713.250000 0.016371
713.300000 0.000820
713.400000 0.001366
713.500000 -0.005044
713.550000 0.001804
713.650000 -0.004093
713.750000 -0.045569
713.850000 0.004600
713.950000 -0.004841
714.000000 0.008047
714.100000 0.000004
714.150000 -0.019357
714.250000 -0.011719
714.300000 -0.033002
714.350000 0.016158
714.400000 -0.004103
714.450000 0.003947
714.500000 0.009651
714.550000 -0.000797
714.600000 0.000172
714.650000 0.003403
714.700000 0.001114
714.750000 0.003040
714.800000 0.000771
714.850000 -0.004345
714.900000 -0.005802
714.950000 -0.002806
715.000000 0.000009
715.050000 -0.012631
715.100000 0.001172
715.150000 -0.000591
715.200000 0.001052
715.250000 0.001853
715.300000 0.000235
715.350000 -0.000243
715.400000 0.000048
715.450000 0.000982
715.500000 0.000866
715.550000 -0.001512
715.600000 0.000099
715.650000 0.000002
715.700000 0.000970
715.750000 -0.000353
715.800000 0.000227
715.850000 0.000891
715.900000 0.000104
716.000000 0.000105
716.050000 0.000399
716.100000 -0.000172
716.150000 0.000149
716.200000 -0.001542
716.250000 0.000972
716.300000 -0.000246
716.350000 0.000019
716.400000 -0.000915
716.450000 0.000051
716.500000 0.000966
716.550000 0.000599
716.600000 -0.000352
716.650000 0.000268
716.700000 0.000675
716.750000 0.000015
716.800000 0.003474
716.850000 -0.002151
716.900000 0.000599
716.950000 0.000417
717.050000 -0.000215
717.100000 0.000191
717.150000 0.000338
717.250000 -0.001456
717.300000 0.000074
717.350000 -0.000437
717.400000 0.000036
717.450000 0.000018
717.500000 0.000530
717.550000 -0.000073
717.600000 -0.000440
717.650000 0.000005
717.700000 0.000033
717.750000 -0.000389
717.800000 -0.000277
717.850000 0.000197
717.900000 0.000030
717.950000 -0.000103
718.000000 -0.000063
718.050000 0.000091
718.100000 -0.000527
718.150000 0.000005
718.200000 0.000011
718.250000 0.000033
718.300000 0.000034
718.350000 0.000003
718.400000 0.000028
718.450000 -0.000117
718.550000 -0.000084
718.600000 0.000183
718.650000 -0.000005
718.700000 -0.000092
718.750000 -0.000004
718.800000 0.000006
718.850000 0.000038
718.900000 -0.000001
718.950000 -0.000001
719.000000 -0.000006
719.050000 0.000029
719.100000 0.000008
719.150000 -0.000003
719.200000 -0.000284
719.300000 -0.000026
719.350000 -0.000406
719.400000 -0.000094
719.450000 0.000118
719.500000 0.000036
719.550000 0.000033
719.600000 -0.000056
719.650000 0.000001
719.700000 -0.000160
719.750000 0.000001
719.800000 0.000011
719.850000 -0.000035
719.900000 0.000003
719.950000 -0.000041
720.000000 -0.000023
720.050000 0.000090
720.100000 0.000004
720.150000 0.000002
720.200000 -0.000063
720.250000 0.000001
720.300000 0.000002
720.350000 0.000002
720.400000 -0.000069
720.450000 0.000016
720.500000 -0.000148
720.550000 0.000007
720.600000 -0.000008
720.650000 0.000012
720.700000 -0.000122
720.750000 0.000026
720.800000 0.000001
720.850000 0.000142
720.900000 0.000009
721.000000 -0.000068
721.050000 0.000010
721.150000 -0.000051
721.200000 -0.000060
721.250000 0.000001
721.300000 -0.000019
721.350000 -0.000031
721.400000 0.000015
721.450000 -0.000027
721.550000 0.000026
721.650000 0.000001
721.700000 -0.000019
721.800000 -0.000002
721.850000 0.000001
721.900000 -0.000003
721.950000 0.000001
722.000000 -0.000015
722.150000 -0.000009
722.250000 0.000004
722.300000 -0.000008
722.400000 -0.000003
722.450000 0.000005
722.500000 -0.000002
722.600000 0.000001
722.650000 -0.000010
722.700000 0.000031
722.750000 -0.000001
722.800000 0.000065
722.900000 0.000018
722.950000 0.004958
723.050000 0.000009
723.100000 0.000037
723.150000 0.000066
723.200000 -0.000002
723.250000 0.000004
723.400000 -0.000005
723.550000 0.000015
723.600000 -0.000034
723.900000 -0.000035
724.050000 0.000028
724.150000 0.000135
724.200000 0.000001
724.250000 -0.000068
724.300000 0.000027
724.350000 -0.000659
724.400000 0.000208
724.550000 -0.000013
724.600000 0.000042
724.700000 -0.000007
724.800000 -0.000030
724.850000 0.001652
724.900000 0.007231
725.000000 0.000836
725.150000 0.000487
725.300000 -0.005464
725.350000 0.003106
725.450000 -0.002182
725.500000 0.000147
725.550000 0.003506
725.600000 0.001573
725.650000 -0.001093
725.700000 0.000300
725.750000 0.002198
725.800000 -0.001133
725.850000 0.000525
725.900000 -0.012689
726.050000 -0.029109
726.150000 -0.005864
726.200000 0.004118
726.300000 0.006712
726.350000 0.006685
726.400000 0.000264
726.500000 0.002511
726.600000 -0.007812
726.650000 0.002095
726.750000 0.003532
726.850000 0.001059
726.900000 -0.000051
727.000000 -0.001845
727.100000 -0.000660
727.150000 0.000014
727.200000 0.000284
727.300000 0.002058
727.350000 -0.002867
727.500000 0.000052
727.600000 -0.000828
727.750000 0.000142
727.850000 0.000378
727.900000 0.000668
727.950000 -0.000181
728.050000 -0.002240
728.100000 0.000003
728.200000 0.000150
728.250000 -0.001283
728.300000 0.000312
728.350000 -0.001301
728.400000 0.000143
728.450000 0.000084
728.550000 0.000351
728.600000 -0.001821
728.650000 0.000441
728.700000 -0.000372
728.750000 0.000865
728.800000 -0.000482
728.900000 0.000370
728.950000 -0.000382
729.000000 -0.000014
729.050000 0.000179
729.100000 0.000107
729.150000 0.000126
729.200000 0.000306
729.250000 0.000336
729.350000 0.000069
729.400000 0.000045
729.450000 0.000082
729.500000 -0.000498
729.550000 0.000017
729.600000 -0.000189
729.650000 0.000046
729.700000 -0.000086
729.750000 0.000006
729.850000 0.000358
729.900000 -0.000032
729.950000 0.000126
730.000000 0.000024
730.050000 -0.000102
730.200000 0.000020
730.350000 0.000029
730.400000 -0.000102
730.450000 0.000035
730.550000 -0.000057
730.650000 -0.000157
730.800000 0.000002
730.850000 -0.000034
730.900000 0.000011
730.950000 0.000019
731.050000 0.000002
731.100000 0.000010
731.150000 0.000002
731.250000 0.000043
731.300000 -0.000005
731.350000 0.000067
731.400000 0.000012
731.450000 -0.000097
731.500000 0.000011
731.600000 -0.000124
731.650000 0.000029
731.700000 -0.000051
731.750000 0.000001
731.800000 0.000002
731.850000 -0.000059
731.900000 0.000008
731.950000 -0.000015
732.000000 0.000012
732.150000 -0.000083
732.200000 0.000033
732.250000 0.000004
732.300000 -0.000269
732.450000 -0.000064
732.600000 0.000010
732.650000 0.000002
732.750000 0.000047
732.800000 0.000046
732.850000 0.000003
732.900000 -0.000016
733.000000 0.000058
733.150000 0.000019
733.250000 -0.000102
733.400000 0.000007
733.450000 0.000005
733.700000 0.000028
733.750000 -0.000003
733.800000 0.000031
733.900000 0.000020
733.950000 0.000004
734.050000 -0.000005
734.100000 0.000009
734.250000 0.000012
734.550000 -0.000002
734.650000 -0.000007
734.750000 0.000001
734.900000 -0.000001
735.050000 -0.000007
735.250000 0.000001
735.300000 -0.000001
735.350000 0.000001
735.450000 0.000004
735.500000 -0.000004
735.550000 0.000002
735.650000 -0.000002
735.700000 0.000015
735.850000 0.000002
735.950000 -0.000003
736.050000 0.000002
736.100000 -0.000002
736.450000 0.000002
736.500000 -0.000003
736.800000 0.000002
736.900000 0.000001
737.050000 -0.000003
737.800000 -0.000002
739.100000 0.000002
739.150000 -0.000001
