-20.000000 0.000128
-19.980000 0.000138
-19.960000 0.000148
-19.940000 0.000158
-19.920000 0.000167
-19.900000 0.000176
-19.880000 0.000185
-19.860000 0.000193
-19.840000 0.000200
-19.820000 0.000207
-19.800000 0.000213
-19.780000 0.000219
-19.760000 0.000224
-19.740000 0.000229
-19.720000 0.000233
-19.700000 0.000237
-19.680000 0.000240
-19.660000 0.000243
-19.640000 0.000246
-19.620000 0.000248
-19.600000 0.000250
-19.580000 0.000251
-19.560000 0.000253
-19.540000 0.000254
-19.520000 0.000255
-19.500000 0.000256
-19.480000 0.000257
-19.460000 0.000258
-19.440000 0.000259
-19.420000 0.000260
-19.400000 0.000261
-19.380000 0.000261
-19.360000 0.000262
-19.340000 0.000263
-19.320000 0.000263
-19.300000 0.000264
-19.280000 0.000265
-19.260000 0.000265
-19.240000 0.000266
-19.220000 0.000267
-19.200000 0.000268
-19.180000 0.000268
-19.160000 0.000269
-19.140000 0.000270
-19.120000 0.000270
-19.100000 0.000271
-19.080000 0.000272
-19.060000 0.000272
-19.040000 0.000273
-19.020000 0.000274
-19.000000 0.000275
-18.980000 0.000275
-18.960000 0.000276
-18.940000 0.000277
-18.920000 0.000278
-18.900000 0.000278
-18.880000 0.000279
-18.860000 0.000280
-18.840000 0.000281
-18.820000 0.000281
-18.800000 0.000282
-18.780000 0.000283
-18.760000 0.000284
-18.740000 0.000284
-18.720000 0.000285
-18.700000 0.000286
-18.680000 0.000287
-18.660000 0.000288
-18.640000 0.000288
-18.620000 0.000289
-18.600000 0.000290
-18.580000 0.000291
-18.560000 0.000292
-18.540000 0.000293
-18.520000 0.000293
-18.500000 0.000294
-18.480000 0.000295
-18.460000 0.000296
-18.440000 0.000297
-18.420000 0.000298
-18.400000 0.000299
-18.380000 0.000299
-18.360000 0.000300
-18.340000 0.000301
-18.320000 0.000302
-18.300000 0.000303
-18.280000 0.000304
-18.260000 0.000305
-18.240000 0.000306
-18.220000 0.000307
-18.200000 0.000308
-18.180000 0.000309
-18.160000 0.000310
-18.140000 0.000310
-18.120000 0.000311
-18.100000 0.000312
-18.080000 0.000313
-18.060000 0.000314
-18.040000 0.000315
-18.020000 0.000316
-18.000000 0.000317
-17.980000 0.000318
-17.960000 0.000319
-17.940000 0.000321
-17.920000 0.000322
-17.900000 0.000323
-17.880000 0.000324
-17.860000 0.000325
-17.840000 0.000326
-17.820000 0.000327
-17.800000 0.000328
-17.780000 0.000329
-17.760000 0.000330
-17.740000 0.000331
-17.720000 0.000333
-17.700000 0.000334
-17.680000 0.000335
-17.660000 0.000336
-17.640000 0.000337
-17.620000 0.000338
-17.600000 0.000340
-17.580000 0.000341
-17.560000 0.000342
-17.540000 0.000343
-17.520000 0.000345
-17.500000 0.000346
-17.480000 0.000347
-17.460000 0.000348
-17.440000 0.000350
-17.420000 0.000351
-17.400000 0.000352
-17.380000 0.000354
-17.360000 0.000355
-17.340000 0.000356
-17.320000 0.000358
-17.300000 0.000359
-17.280000 0.000360
-17.260000 0.000362
-17.240000 0.000363
-17.220000 0.000365
-17.200000 0.000366
-17.180000 0.000368
-17.160000 0.000369
-17.140000 0.000371
-17.120000 0.000372
-17.100000 0.000374
-17.080000 0.000375
-17.060000 0.000377
-17.040000 0.000379
-17.020000 0.000380
-17.000000 0.000382
-16.980000 0.000383
-16.960000 0.000385
-16.940000 0.000387
-16.920000 0.000388
-16.900000 0.000390
-16.880000 0.000392
-16.860000 0.000394
-16.840000 0.000396
-16.820000 0.000397
-16.800000 0.000399
-16.780000 0.000401
-16.760000 0.000403
-16.740000 0.000405
-16.720000 0.000407
-16.700000 0.000409
-16.680000 0.000411
-16.660000 0.000413
-16.640000 0.000415
-16.620000 0.000417
-16.600000 0.000419
-16.580000 0.000421
-16.560000 0.000423
-16.540000 0.000426
-16.520000 0.000428
-16.500000 0.000430
-16.480000 0.000432
-16.460000 0.000435
-16.440000 0.000437
-16.420000 0.000439
-16.400000 0.000442
-16.380000 0.000444
-16.360000 0.000447
-16.340000 0.000449
-16.320000 0.000452
-16.300000 0.000455
-16.280000 0.000457
-16.260000 0.000460
-16.240000 0.000463
-16.220000 0.000466
-16.200000 0.000468
-16.180000 0.000471
-16.160000 0.000474
-16.140000 0.000477
-16.120000 0.000480
-16.100000 0.000484
-16.080000 0.000487
-16.060000 0.000490
-16.040000 0.000493
-16.020000 0.000497
-16.000000 0.000500
-15.980000 0.000504
-15.960000 0.000507
-15.940000 0.000511
-15.920000 0.000514
-15.900000 0.000518
-15.880000 0.000522
-15.860000 0.000526
-15.840000 0.000530
-15.820000 0.000534
-15.800000 0.000538
-15.780000 0.000543
-15.760000 0.000547
-15.740000 0.000551
-15.720000 0.000556
-15.700000 0.000561
-15.680000 0.000565
-15.660000 0.000570
-15.640000 0.000575
-15.620000 0.000580
-15.600000 0.000586
-15.580000 0.000591
-15.560000 0.000596
-15.540000 0.000602
-15.520000 0.000608
-15.500000 0.000614
-15.480000 0.000620
-15.460000 0.000626
-15.440000 0.000632
-15.420000 0.000639
-15.400000 0.000646
-15.380000 0.000653
-15.360000 0.000660
-15.340000 0.000667
-15.320000 0.000675
-15.300000 0.000683
-15.280000 0.000691
-15.260000 0.000699
-15.240000 0.000707
-15.220000 0.000716
-15.200000 0.000725
-15.180000 0.000734
-15.160000 0.000744
-15.140000 0.000754
-15.120000 0.000764
-15.100000 0.000775
-15.080000 0.000786
-15.060000 0.000797
-15.040000 0.000809
-15.020000 0.000821
-15.000000 0.000834
-14.980000 0.000847
-14.960000 0.000861
-14.940000 0.000875
-14.920000 0.000890
-14.900000 0.000905
-14.880000 0.000921
-14.860000 0.000937
-14.840000 0.000955
-14.820000 0.000973
-14.800000 0.000992
-14.780000 0.001011
-14.760000 0.001032
-14.740000 0.001053
-14.720000 0.001076
-14.700000 0.001099
-14.680000 0.001124
-14.660000 0.001150
-14.640000 0.001178
-14.620000 0.001207
-14.600000 0.001237
-14.580000 0.001269
-14.560000 0.001303
-14.540000 0.001339
-14.520000 0.001376
-14.500000 0.001417
-14.480000 0.001459
-14.460000 0.001505
-14.440000 0.001553
-14.420000 0.001604
-14.400000 0.001659
-14.380000 0.001718
-14.360000 0.001781
-14.340000 0.001849
-14.320000 0.001922
-14.300000 0.002001
-14.280000 0.002086
-14.260000 0.002177
-14.240000 0.002276
-14.220000 0.002384
-14.200000 0.002501
-14.180000 0.002628
-14.160000 0.002766
-14.140000 0.002917
-14.120000 0.003081
-14.100000 0.003260
-14.080000 0.003455
-14.060000 0.003668
-14.040000 0.003900
-14.020000 0.004152
-14.000000 0.004427
-13.980000 0.004725
-13.960000 0.005048
-13.940000 0.005396
-13.920000 0.005772
-13.900000 0.006175
-13.880000 0.006607
-13.860000 0.007066
-13.840000 0.007554
-13.820000 0.008068
-13.800000 0.008607
-13.780000 0.009170
-13.760000 0.009753
-13.740000 0.010353
-13.720000 0.010966
-13.700000 0.011586
-13.680000 0.012210
-13.660000 0.012830
-13.640000 0.013440
-13.620000 0.014033
-13.600000 0.014602
-13.580000 0.015140
-13.560000 0.015639
-13.540000 0.016094
-13.520000 0.016496
-13.500000 0.016841
-13.480000 0.017123
-13.460000 0.017338
-13.440000 0.017482
-13.420000 0.017554
-13.400000 0.017551
-13.380000 0.017476
-13.360000 0.017328
-13.340000 0.017111
-13.320000 0.016827
-13.300000 0.016482
-13.280000 0.016081
-13.260000 0.015630
-13.240000 0.015136
-13.220000 0.014606
-13.200000 0.014047
-13.180000 0.013465
-13.160000 0.012869
-13.140000 0.012266
-13.120000 0.011660
-13.100000 0.011060
-13.080000 0.010468
-13.060000 0.009892
-13.040000 0.009334
-13.020000 0.008797
-13.000000 0.008286
-12.980000 0.007800
-12.960000 0.007343
-12.940000 0.006915
-12.920000 0.006516
-12.900000 0.006147
-12.880000 0.005807
-12.860000 0.005495
-12.840000 0.005211
-12.820000 0.004953
-12.800000 0.004722
-12.780000 0.004514
-12.760000 0.004330
-12.740000 0.004168
-12.720000 0.004027
-12.700000 0.003906
-12.680000 0.003805
-12.660000 0.003721
-12.640000 0.003656
-12.620000 0.003608
-12.600000 0.003576
-12.580000 0.003561
-12.560000 0.003563
-12.540000 0.003580
-12.520000 0.003613
-12.500000 0.003662
-12.480000 0.003727
-12.460000 0.003807
-12.440000 0.003903
-12.420000 0.004015
-12.400000 0.004141
-12.380000 0.004282
-12.360000 0.004437
-12.340000 0.004605
-12.320000 0.004785
-12.300000 0.004975
-12.280000 0.005174
-12.260000 0.005379
-12.240000 0.005590
-12.220000 0.005802
-12.200000 0.006014
-12.180000 0.006222
-12.160000 0.006424
-12.140000 0.006616
-12.120000 0.006795
-12.100000 0.006959
-12.080000 0.007103
-12.060000 0.007227
-12.040000 0.007326
-12.020000 0.007401
-12.000000 0.007447
-11.980000 0.007466
-11.960000 0.007456
-11.940000 0.007417
-11.920000 0.007349
-11.900000 0.007255
-11.880000 0.007134
-11.860000 0.006990
-11.840000 0.006824
-11.820000 0.006639
-11.800000 0.006438
-11.780000 0.006224
-11.760000 0.005999
-11.740000 0.005767
-11.720000 0.005530
-11.700000 0.005291
-11.680000 0.005053
-11.660000 0.004817
-11.640000 0.004586
-11.620000 0.004362
-11.600000 0.004145
-11.580000 0.003937
-11.560000 0.003739
-11.540000 0.003551
-11.520000 0.003373
-11.500000 0.003206
-11.480000 0.003050
-11.460000 0.002903
-11.440000 0.002767
-11.420000 0.002640
-11.400000 0.002522
-11.380000 0.002412
-11.360000 0.002311
-11.340000 0.002217
-11.320000 0.002129
-11.300000 0.002048
-11.280000 0.001973
-11.260000 0.001903
-11.240000 0.001838
-11.220000 0.001778
-11.200000 0.001722
-11.180000 0.001670
-11.160000 0.001621
-11.140000 0.001575
-11.120000 0.001533
-11.100000 0.001493
-11.080000 0.001456
-11.060000 0.001421
-11.040000 0.001389
-11.020000 0.001358
-11.000000 0.001329
-10.980000 0.001303
-10.960000 0.001277
-10.940000 0.001254
-10.920000 0.001232
-10.900000 0.001211
-10.880000 0.001191
-10.860000 0.001173
-10.840000 0.001155
-10.820000 0.001139
-10.800000 0.001123
-10.780000 0.001109
-10.760000 0.001095
-10.740000 0.001082
-10.720000 0.001070
-10.700000 0.001059
-10.680000 0.001048
-10.660000 0.001038
-10.640000 0.001028
-10.620000 0.001019
-10.600000 0.001010
-10.580000 0.001002
-10.560000 0.000995
-10.540000 0.000988
-10.520000 0.000981
-10.500000 0.000975
-10.480000 0.000968
-10.460000 0.000963
-10.440000 0.000957
-10.420000 0.000952
-10.400000 0.000948
-10.380000 0.000943
-10.360000 0.000939
-10.340000 0.000935
-10.320000 0.000931
-10.300000 0.000928
-10.280000 0.000924
-10.260000 0.000921
-10.240000 0.000918
-10.220000 0.000915
-10.200000 0.000913
-10.180000 0.000910
-10.160000 0.000908
-10.140000 0.000906
-10.120000 0.000904
-10.100000 0.000902
-10.080000 0.000900
-10.060000 0.000899
-10.040000 0.000897
-10.020000 0.000896
-10.000000 0.000895
-9.980000 0.000893
-9.960000 0.000892
-9.940000 0.000891
-9.920000 0.000891
-9.900000 0.000890
-9.880000 0.000889
-9.860000 0.000889
-9.840000 0.000888
-9.820000 0.000888
-9.800000 0.000887
-9.780000 0.000887
-9.760000 0.000887
-9.740000 0.000887
-9.720000 0.000887
-9.700000 0.000887
-9.680000 0.000887
-9.660000 0.000887
-9.640000 0.000887
-9.620000 0.000887
-9.600000 0.000888
-9.580000 0.000888
-9.560000 0.000889
-9.540000 0.000889
-9.520000 0.000890
-9.500000 0.000890
-9.480000 0.000891
-9.460000 0.000892
-9.440000 0.000893
-9.420000 0.000893
-9.400000 0.000894
-9.380000 0.000895
-9.360000 0.000896
-9.340000 0.000897
-9.320000 0.000898
-9.300000 0.000899
-9.280000 0.000901
-9.260000 0.000902
-9.240000 0.000903
-9.220000 0.000904
-9.200000 0.000906
-9.180000 0.000907
-9.160000 0.000908
-9.140000 0.000910
-9.120000 0.000911
-9.100000 0.000913
-9.080000 0.000914
-9.060000 0.000916
-9.040000 0.000918
-9.020000 0.000919
-9.000000 0.000921
-8.980000 0.000923
-8.960000 0.000925
-8.940000 0.000926
-8.920000 0.000928
-8.900000 0.000930
-8.880000 0.000932
-8.860000 0.000934
-8.840000 0.000936
-8.820000 0.000938
-8.800000 0.000940
-8.780000 0.000942
-8.760000 0.000944
-8.740000 0.000947
-8.720000 0.000949
-8.700000 0.000951
-8.680000 0.000953
-8.660000 0.000955
-8.640000 0.000958
-8.620000 0.000960
-8.600000 0.000962
-8.580000 0.000965
-8.560000 0.000967
-8.540000 0.000970
-8.520000 0.000972
-8.500000 0.000975
-8.480000 0.000977
-8.460000 0.000980
-8.440000 0.000983
-8.420000 0.000985
-8.400000 0.000988
-8.380000 0.000991
-8.360000 0.000993
-8.340000 0.000996
-8.320000 0.000999
-8.300000 0.001002
-8.280000 0.001004
-8.260000 0.001007
-8.240000 0.001010
-8.220000 0.001013
-8.200000 0.001016
-8.180000 0.001019
-8.160000 0.001022
-8.140000 0.001025
-8.120000 0.001028
-8.100000 0.001031
-8.080000 0.001035
-8.060000 0.001038
-8.040000 0.001041
-8.020000 0.001044
-8.000000 0.001047
-7.980000 0.001051
-7.960000 0.001054
-7.940000 0.001057
-7.920000 0.001061
-7.900000 0.001064
-7.880000 0.001067
-7.860000 0.001071
-7.840000 0.001074
-7.820000 0.001078
-7.800000 0.001081
-7.780000 0.001085
-7.760000 0.001089
-7.740000 0.001092
-7.720000 0.001096
-7.700000 0.001100
-7.680000 0.001103
-7.660000 0.001107
-7.640000 0.001111
-7.620000 0.001115
-7.600000 0.001119
-7.580000 0.001122
-7.560000 0.001126
-7.540000 0.001130
-7.520000 0.001134
-7.500000 0.001138
-7.480000 0.001142
-7.460000 0.001146
-7.440000 0.001150
-7.420000 0.001155
-7.400000 0.001159
-7.380000 0.001163
-7.360000 0.001167
-7.340000 0.001171
-7.320000 0.001176
-7.300000 0.001180
-7.280000 0.001184
-7.260000 0.001189
-7.240000 0.001193
-7.220000 0.001198
-7.200000 0.001202
-7.180000 0.001207
-7.160000 0.001211
-7.140000 0.001216
-7.120000 0.001220
-7.100000 0.001225
-7.080000 0.001230
-7.060000 0.001235
-7.040000 0.001239
-7.020000 0.001244
-7.000000 0.001249
-6.980000 0.001254
-6.960000 0.001259
-6.940000 0.001264
-6.920000 0.001269
-6.900000 0.001274
-6.880000 0.001279
-6.860000 0.001284
-6.840000 0.001289
-6.820000 0.001294
-6.800000 0.001299
-6.780000 0.001305
-6.760000 0.001310
-6.740000 0.001315
-6.720000 0.001321
-6.700000 0.001326
-6.680000 0.001332
-6.660000 0.001337
-6.640000 0.001343
-6.620000 0.001348
-6.600000 0.001354
-6.580000 0.001359
-6.560000 0.001365
-6.540000 0.001371
-6.520000 0.001377
-6.500000 0.001382
-6.480000 0.001388
-6.460000 0.001394
-6.440000 0.001400
-6.420000 0.001406
-6.400000 0.001412
-6.380000 0.001418
-6.360000 0.001425
-6.340000 0.001431
-6.320000 0.001437
-6.300000 0.001443
-6.280000 0.001450
-6.260000 0.001456
-6.240000 0.001462
-6.220000 0.001469
-6.200000 0.001475
-6.180000 0.001482
-6.160000 0.001489
-6.140000 0.001495
-6.120000 0.001502
-6.100000 0.001509
-6.080000 0.001516
-6.060000 0.001522
-6.040000 0.001529
-6.020000 0.001536
-6.000000 0.001543
-5.980000 0.001550
-5.960000 0.001558
-5.940000 0.001565
-5.920000 0.001572
-5.900000 0.001579
-5.880000 0.001587
-5.860000 0.001594
-5.840000 0.001602
-5.820000 0.001609
-5.800000 0.001617
-5.780000 0.001624
-5.760000 0.001632
-5.740000 0.001640
-5.720000 0.001648
-5.700000 0.001656
-5.680000 0.001664
-5.660000 0.001672
-5.640000 0.001680
-5.620000 0.001688
-5.600000 0.001696
-5.580000 0.001704
-5.560000 0.001713
-5.540000 0.001721
-5.520000 0.001730
-5.500000 0.001738
-5.480000 0.001747
-5.460000 0.001755
-5.440000 0.001764
-5.420000 0.001773
-5.400000 0.001782
-5.380000 0.001791
-5.360000 0.001800
-5.340000 0.001809
-5.320000 0.001818
-5.300000 0.001827
-5.280000 0.001837
-5.260000 0.001846
-5.240000 0.001856
-5.220000 0.001865
-5.200000 0.001875
-5.180000 0.001885
-5.160000 0.001894
-5.140000 0.001904
-5.120000 0.001914
-5.100000 0.001924
-5.080000 0.001934
-5.060000 0.001945
-5.040000 0.001955
-5.020000 0.001965
-5.000000 0.001976
-4.980000 0.001986
-4.960000 0.001997
-4.940000 0.002008
-4.920000 0.002019
-4.900000 0.002030
-4.880000 0.002041
-4.860000 0.002052
-4.840000 0.002063
-4.820000 0.002074
-4.800000 0.002086
-4.780000 0.002097
-4.760000 0.002109
-4.740000 0.002120
-4.720000 0.002132
-4.700000 0.002144
-4.680000 0.002156
-4.660000 0.002168
-4.640000 0.002180
-4.620000 0.002193
-4.600000 0.002205
-4.580000 0.002218
-4.560000 0.002230
-4.540000 0.002243
-4.520000 0.002256
-4.500000 0.002269
-4.480000 0.002282
-4.460000 0.002295
-4.440000 0.002309
-4.420000 0.002322
-4.400000 0.002336
-4.380000 0.002350
-4.360000 0.002363
-4.340000 0.002377
-4.320000 0.002391
-4.300000 0.002406
-4.280000 0.002420
-4.260000 0.002435
-4.240000 0.002449
-4.220000 0.002464
-4.200000 0.002479
-4.180000 0.002494
-4.160000 0.002509
-4.140000 0.002524
-4.120000 0.002540
-4.100000 0.002555
-4.080000 0.002571
-4.060000 0.002587
-4.040000 0.002603
-4.020000 0.002619
-4.000000 0.002636
-3.980000 0.002652
-3.960000 0.002669
-3.940000 0.002686
-3.920000 0.002703
-3.900000 0.002720
-3.880000 0.002737
-3.860000 0.002755
-3.840000 0.002773
-3.820000 0.002791
-3.800000 0.002809
-3.780000 0.002827
-3.760000 0.002845
-3.740000 0.002864
-3.720000 0.002883
-3.700000 0.002902
-3.680000 0.002921
-3.660000 0.002940
-3.640000 0.002960
-3.620000 0.002979
-3.600000 0.002999
-3.580000 0.003020
-3.560000 0.003040
-3.540000 0.003061
-3.520000 0.003081
-3.500000 0.003102
-3.480000 0.003124
-3.460000 0.003145
-3.440000 0.003167
-3.420000 0.003189
-3.400000 0.003211
-3.380000 0.003233
-3.360000 0.003256
-3.340000 0.003279
-3.320000 0.003302
-3.300000 0.003325
-3.280000 0.003349
-3.260000 0.003373
-3.240000 0.003397
-3.220000 0.003421
-3.200000 0.003446
-3.180000 0.003471
-3.160000 0.003496
-3.140000 0.003522
-3.120000 0.003547
-3.100000 0.003573
-3.080000 0.003600
-3.060000 0.003626
-3.040000 0.003653
-3.020000 0.003681
-3.000000 0.003708
-2.980000 0.003736
-2.960000 0.003764
-2.940000 0.003793
-2.920000 0.003822
-2.900000 0.003851
-2.880000 0.003880
-2.860000 0.003910
-2.840000 0.003941
-2.820000 0.003971
-2.800000 0.004002
-2.780000 0.004033
-2.760000 0.004065
-2.740000 0.004097
-2.720000 0.004130
-2.700000 0.004163
-2.680000 0.004196
-2.660000 0.004230
-2.640000 0.004264
-2.620000 0.004298
-2.600000 0.004333
-2.580000 0.004368
-2.560000 0.004404
-2.540000 0.004441
-2.520000 0.004477
-2.500000 0.004514
-2.480000 0.004552
-2.460000 0.004590
-2.440000 0.004629
-2.420000 0.004668
-2.400000 0.004708
-2.380000 0.004748
-2.360000 0.004788
-2.340000 0.004829
-2.320000 0.004871
-2.300000 0.004913
-2.280000 0.004956
-2.260000 0.005000
-2.240000 0.005044
-2.220000 0.005088
-2.200000 0.005133
-2.180000 0.005179
-2.160000 0.005226
-2.140000 0.005273
-2.120000 0.005320
-2.100000 0.005369
-2.080000 0.005418
-2.060000 0.005467
-2.040000 0.005518
-2.020000 0.005569
-2.000000 0.005621
-1.980000 0.005673
-1.960000 0.005727
-1.940000 0.005781
-1.920000 0.005835
-1.900000 0.005891
-1.880000 0.005948
-1.860000 0.006005
-1.840000 0.006063
-1.820000 0.006122
-1.800000 0.006182
-1.780000 0.006242
-1.760000 0.006304
-1.740000 0.006367
-1.720000 0.006430
-1.700000 0.006495
-1.680000 0.006560
-1.660000 0.006627
-1.640000 0.006694
-1.620000 0.006763
-1.600000 0.006832
-1.580000 0.006903
-1.560000 0.006975
-1.540000 0.007048
-1.520000 0.007122
-1.500000 0.007198
-1.480000 0.007274
-1.460000 0.007352
-1.440000 0.007431
-1.420000 0.007512
-1.400000 0.007593
-1.380000 0.007676
-1.360000 0.007761
-1.340000 0.007847
-1.320000 0.007934
-1.300000 0.008023
-1.280000 0.008113
-1.260000 0.008205
-1.240000 0.008299
-1.220000 0.008394
-1.200000 0.008491
-1.180000 0.008589
-1.160000 0.008689
-1.140000 0.008791
-1.120000 0.008895
-1.100000 0.009001
-1.080000 0.009109
-1.060000 0.009218
-1.040000 0.009330
-1.020000 0.009444
-1.000000 0.009560
-0.980000 0.009678
-0.960000 0.009798
-0.940000 0.009920
-0.920000 0.010045
-0.900000 0.010173
-0.880000 0.010302
-0.860000 0.010435
-0.840000 0.010570
-0.820000 0.010707
-0.800000 0.010848
-0.780000 0.010991
-0.760000 0.011137
-0.740000 0.011286
-0.720000 0.011438
-0.700000 0.011593
-0.680000 0.011752
-0.660000 0.011914
-0.640000 0.012079
-0.620000 0.012248
-0.600000 0.012420
-0.580000 0.012597
-0.560000 0.012777
-0.540000 0.012960
-0.520000 0.013149
-0.500000 0.013341
-0.480000 0.013537
-0.460000 0.013738
-0.440000 0.013944
-0.420000 0.014154
-0.400000 0.014370
-0.380000 0.014590
-0.360000 0.014816
-0.340000 0.015047
-0.320000 0.015283
-0.300000 0.015525
-0.280000 0.015773
-0.260000 0.016028
-0.240000 0.016288
-0.220000 0.016556
-0.200000 0.016830
-0.180000 0.017111
-0.160000 0.017399
-0.140000 0.017695
-0.120000 0.017999
-0.100000 0.018310
-0.080000 0.018631
-0.060000 0.018959
-0.040000 0.019297
-0.020000 0.019645
-0.000000 0.020002
0.020000 0.020369
0.040000 0.020746
0.060000 0.021135
0.080000 0.021535
0.100000 0.021947
0.120000 0.022371
0.140000 0.022808
0.160000 0.023258
0.180000 0.023723
0.200000 0.024202
0.220000 0.024696
0.240000 0.025206
0.260000 0.025732
0.280000 0.026277
0.300000 0.026839
0.320000 0.027420
0.340000 0.028021
0.360000 0.028643
0.380000 0.029287
0.400000 0.029955
0.420000 0.030646
0.440000 0.031363
0.460000 0.032107
0.480000 0.032879
0.500000 0.033681
0.520000 0.034514
0.540000 0.035381
0.560000 0.036283
0.580000 0.037223
0.600000 0.038202
0.620000 0.039223
0.640000 0.040289
0.660000 0.041402
0.680000 0.042566
0.700000 0.043784
0.720000 0.045061
0.740000 0.046399
0.760000 0.047803
0.780000 0.049279
0.800000 0.050831
0.820000 0.052466
0.840000 0.054191
0.860000 0.056011
0.880000 0.057936
0.900000 0.059974
0.920000 0.062134
0.940000 0.064427
0.960000 0.066865
0.980000 0.069460
1.000000 0.072225
1.020000 0.075177
1.040000 0.078330
1.060000 0.081703
1.080000 0.085313
1.100000 0.089181
1.120000 0.093327
1.140000 0.097773
1.160000 0.102542
1.180000 0.107655
1.200000 0.113136
1.220000 0.119007
1.240000 0.125291
1.260000 0.132007
1.280000 0.139175
1.300000 0.146813
1.320000 0.154935
1.340000 0.163552
1.360000 0.172674
1.380000 0.182306
1.400000 0.192449
1.420000 0.203103
1.440000 0.214265
1.460000 0.225928
1.480000 0.238087
1.500000 0.250735
1.520000 0.263868
1.540000 0.277484
1.560000 0.291590
1.580000 0.306195
1.600000 0.321321
1.620000 0.337000
1.640000 0.353276
1.660000 0.370208
1.680000 0.387869
1.700000 0.406347
1.720000 0.425746
1.740000 0.446181
1.760000 0.467780
1.780000 0.490680
1.800000 0.515022
1.820000 0.540944
1.840000 0.568583
1.860000 0.598059
1.880000 0.629475
1.900000 0.662908
1.920000 0.698398
1.940000 0.735948
1.960000 0.775507
1.980000 0.816975
2.000000 0.860187
2.020000 0.904919
2.040000 0.950878
2.060000 0.997707
2.080000 1.044986
2.100000 1.092235
2.120000 1.138923
2.140000 1.184476
2.160000 1.228289
2.180000 1.269739
2.200000 1.308201
2.220000 1.343062
2.240000 1.373742
2.260000 1.399706
2.280000 1.420480
2.300000 1.435670
2.320000 1.444969
2.340000 1.448170
2.360000 1.445173
2.380000 1.435984
2.400000 1.420722
2.420000 1.399611
2.440000 1.372974
2.460000 1.341224
2.480000 1.304852
2.500000 1.264410
2.520000 1.220499
2.540000 1.173753
2.560000 1.124817
2.580000 1.074336
2.600000 1.022941
2.620000 0.971231
2.640000 0.919766
2.660000 0.869057
2.680000 0.819557
2.700000 0.771660
2.720000 0.725696
2.740000 0.681931
2.760000 0.640571
2.780000 0.601761
2.800000 0.565594
2.820000 0.532109
2.840000 0.501303
2.860000 0.473134
2.880000 0.447527
2.900000 0.424377
2.920000 0.403559
2.940000 0.384929
2.960000 0.368329
2.980000 0.353592
3.000000 0.340545
3.020000 0.329010
3.040000 0.318811
3.060000 0.309771
3.080000 0.301719
3.100000 0.294489
3.120000 0.287923
3.140000 0.281872
3.160000 0.276198
3.180000 0.270775
3.200000 0.265490
3.220000 0.260244
3.240000 0.254955
3.260000 0.249552
3.280000 0.243984
3.300000 0.238212
3.320000 0.232213
3.340000 0.225978
3.360000 0.219510
3.380000 0.212824
3.400000 0.205944
3.420000 0.198902
3.440000 0.191737
3.460000 0.184493
3.480000 0.177213
3.500000 0.169945
3.520000 0.162733
3.540000 0.155621
3.560000 0.148649
3.580000 0.141853
3.600000 0.135264
3.620000 0.128907
3.640000 0.122803
3.660000 0.116968
3.680000 0.111411
3.700000 0.106139
3.720000 0.101151
3.740000 0.096445
3.760000 0.092016
3.780000 0.087855
3.800000 0.083952
3.820000 0.080294
3.840000 0.076869
3.860000 0.073663
3.880000 0.070663
3.900000 0.067855
3.920000 0.065226
3.940000 0.062763
3.960000 0.060454
3.980000 0.058288
4.000000 0.056253
4.020000 0.054342
4.040000 0.052543
4.060000 0.050849
4.080000 0.049253
4.100000 0.047748
4.120000 0.046327
4.140000 0.044984
4.160000 0.043713
4.180000 0.042511
4.200000 0.041372
4.220000 0.040292
4.240000 0.039267
4.260000 0.038294
4.280000 0.037369
4.300000 0.036488
4.320000 0.035649
4.340000 0.034848
4.360000 0.034084
4.380000 0.033354
4.400000 0.032655
4.420000 0.031985
4.440000 0.031342
4.460000 0.030726
4.480000 0.030133
4.500000 0.029563
4.520000 0.029014
4.540000 0.028485
4.560000 0.027976
4.580000 0.027484
4.600000 0.027011
4.620000 0.026555
4.640000 0.026115
4.660000 0.025692
4.680000 0.025284
4.700000 0.024892
4.720000 0.024515
4.740000 0.024152
4.760000 0.023804
4.780000 0.023470
4.800000 0.023149
4.820000 0.022840
4.840000 0.022544
4.860000 0.022259
4.880000 0.021984
4.900000 0.021719
4.920000 0.021462
4.940000 0.021213
4.960000 0.020970
4.980000 0.020733
5.000000 0.020501
5.020000 0.020272
5.040000 0.020046
5.060000 0.019822
5.080000 0.019600
5.100000 0.019379
5.120000 0.019160
5.140000 0.018943
5.160000 0.018727
5.180000 0.018514
5.200000 0.018304
5.220000 0.018098
5.240000 0.017896
5.260000 0.017701
5.280000 0.017513
5.300000 0.017334
5.320000 0.017164
5.340000 0.017006
5.360000 0.016861
5.380000 0.016730
5.400000 0.016614
5.420000 0.016515
5.440000 0.016433
5.460000 0.016369
5.480000 0.016323
5.500000 0.016296
5.520000 0.016289
5.540000 0.016300
5.560000 0.016329
5.580000 0.016376
5.600000 0.016440
5.620000 0.016519
5.640000 0.016613
5.660000 0.016720
5.680000 0.016839
5.700000 0.016967
5.720000 0.017103
5.740000 0.017245
5.760000 0.017392
5.780000 0.017543
5.800000 0.017696
5.820000 0.017850
5.840000 0.018005
5.860000 0.018160
5.880000 0.018317
5.900000 0.018476
5.920000 0.018637
5.940000 0.018804
5.960000 0.018977
5.980000 0.019161
6.000000 0.019356
6.020000 0.019567
6.040000 0.019798
6.060000 0.020050
6.080000 0.020328
6.100000 0.020635
6.120000 0.020972
6.140000 0.021343
6.160000 0.021748
6.180000 0.022187
6.200000 0.022660
6.220000 0.023166
6.240000 0.023701
6.260000 0.024261
6.280000 0.024841
6.300000 0.025434
6.320000 0.026033
6.340000 0.026629
6.360000 0.027213
6.380000 0.027774
6.400000 0.028303
6.420000 0.028788
6.440000 0.029221
6.460000 0.029590
6.480000 0.029887
6.500000 0.030103
6.520000 0.030234
6.540000 0.030272
6.560000 0.030216
6.580000 0.030062
6.600000 0.029812
6.620000 0.029467
6.640000 0.029031
6.660000 0.028510
6.680000 0.027910
6.700000 0.027239
6.720000 0.026505
6.740000 0.025720
6.760000 0.024893
6.780000 0.024034
6.800000 0.023153
6.820000 0.022261
6.840000 0.021367
6.860000 0.020479
6.880000 0.019606
6.900000 0.018754
6.920000 0.017930
6.940000 0.017138
6.960000 0.016383
6.980000 0.015667
7.000000 0.014993
7.020000 0.014362
7.040000 0.013776
7.060000 0.013233
7.080000 0.012734
7.100000 0.012278
7.120000 0.011863
7.140000 0.011489
7.160000 0.011153
7.180000 0.010853
7.200000 0.010589
7.220000 0.010358
7.240000 0.010157
7.260000 0.009986
7.280000 0.009842
7.300000 0.009724
7.320000 0.009629
7.340000 0.009555
7.360000 0.009501
7.380000 0.009465
7.400000 0.009444
7.420000 0.009436
7.440000 0.009439
7.460000 0.009452
7.480000 0.009471
7.500000 0.009494
7.520000 0.009520
7.540000 0.009545
7.560000 0.009568
7.580000 0.009587
7.600000 0.009599
7.620000 0.009603
7.640000 0.009597
7.660000 0.009580
7.680000 0.009551
7.700000 0.009510
7.720000 0.009455
7.740000 0.009387
7.760000 0.009306
7.780000 0.009214
7.800000 0.009110
7.820000 0.008996
7.840000 0.008874
7.860000 0.008746
7.880000 0.008613
7.900000 0.008477
7.920000 0.008340
7.940000 0.008206
7.960000 0.008074
7.980000 0.007949
8.000000 0.007831
8.020000 0.007723
8.040000 0.007627
8.060000 0.007543
8.080000 0.007473
8.100000 0.007419
8.120000 0.007381
8.140000 0.007361
8.160000 0.007358
8.180000 0.007373
8.200000 0.007406
8.220000 0.007456
8.240000 0.007524
8.260000 0.007608
8.280000 0.007707
8.300000 0.007819
8.320000 0.007944
8.340000 0.008078
8.360000 0.008220
8.380000 0.008367
8.400000 0.008516
8.420000 0.008664
8.440000 0.008809
8.460000 0.008947
8.480000 0.009074
8.500000 0.009189
8.520000 0.009287
8.540000 0.009367
8.560000 0.009426
8.580000 0.009462
8.600000 0.009473
8.620000 0.009459
8.640000 0.009418
8.660000 0.009351
8.680000 0.009257
8.700000 0.009139
8.720000 0.008996
8.740000 0.008831
8.760000 0.008647
8.780000 0.008444
8.800000 0.008226
8.820000 0.007996
8.840000 0.007756
8.860000 0.007510
8.880000 0.007259
8.900000 0.007006
8.920000 0.006754
8.940000 0.006506
8.960000 0.006262
8.980000 0.006024
9.000000 0.005794
9.020000 0.005574
9.040000 0.005363
9.060000 0.005162
9.080000 0.004972
9.100000 0.004793
9.120000 0.004625
9.140000 0.004467
9.160000 0.004320
9.180000 0.004182
9.200000 0.004054
9.220000 0.003935
9.240000 0.003824
9.260000 0.003722
9.280000 0.003626
9.300000 0.003537
9.320000 0.003454
9.340000 0.003377
9.360000 0.003305
9.380000 0.003237
9.400000 0.003174
9.420000 0.003115
9.440000 0.003059
9.460000 0.003007
9.480000 0.002958
9.500000 0.002911
9.520000 0.002867
9.540000 0.002825
9.560000 0.002785
9.580000 0.002747
9.600000 0.002711
9.620000 0.002676
9.640000 0.002643
9.660000 0.002612
9.680000 0.002581
9.700000 0.002552
9.720000 0.002523
9.740000 0.002496
9.760000 0.002470
9.780000 0.002444
9.800000 0.002420
9.820000 0.002396
9.840000 0.002373
9.860000 0.002350
9.880000 0.002329
9.900000 0.002307
9.920000 0.002287
9.940000 0.002267
9.960000 0.002247
9.980000 0.002228
10.000000 0.002209
10.020000 0.002191
10.040000 0.002173
10.060000 0.002156
10.080000 0.002139
10.100000 0.002122
10.120000 0.002105
10.140000 0.002089
10.160000 0.002074
10.180000 0.002058
10.200000 0.002043
10.220000 0.002028
10.240000 0.002013
10.260000 0.001999
10.280000 0.001985
10.300000 0.001971
10.320000 0.001957
10.340000 0.001944
10.360000 0.001931
10.380000 0.001918
10.400000 0.001905
10.420000 0.001892
10.440000 0.001880
10.460000 0.001867
10.480000 0.001855
10.500000 0.001843
10.520000 0.001832
10.540000 0.001820
10.560000 0.001809
10.580000 0.001797
10.600000 0.001786
10.620000 0.001775
10.640000 0.001764
10.660000 0.001754
10.680000 0.001743
10.700000 0.001733
10.720000 0.001722
10.740000 0.001712
10.760000 0.001702
10.780000 0.001692
10.800000 0.001682
10.820000 0.001672
10.840000 0.001663
10.860000 0.001653
10.880000 0.001644
10.900000 0.001634
10.920000 0.001625
10.940000 0.001616
10.960000 0.001607
10.980000 0.001598
11.000000 0.001589
11.020000 0.001581
11.040000 0.001572
11.060000 0.001563
11.080000 0.001555
11.100000 0.001546
11.120000 0.001538
11.140000 0.001530
11.160000 0.001522
11.180000 0.001514
11.200000 0.001506
11.220000 0.001498
11.240000 0.001490
11.260000 0.001482
11.280000 0.001475
11.300000 0.001467
11.320000 0.001459
11.340000 0.001452
11.360000 0.001444
11.380000 0.001437
11.400000 0.001430
11.420000 0.001423
11.440000 0.001415
11.460000 0.001408
11.480000 0.001401
11.500000 0.001394
11.520000 0.001387
11.540000 0.001381
11.560000 0.001374
11.580000 0.001367
11.600000 0.001360
11.620000 0.001354
11.640000 0.001347
11.660000 0.001341
11.680000 0.001334
11.700000 0.001328
11.720000 0.001322
11.740000 0.001315
11.760000 0.001309
11.780000 0.001303
11.800000 0.001297
11.820000 0.001291
11.840000 0.001284
11.860000 0.001278
11.880000 0.001273
11.900000 0.001267
11.920000 0.001261
11.940000 0.001255
11.960000 0.001249
11.980000 0.001243
12.000000 0.001238
12.020000 0.001232
12.040000 0.001226
12.060000 0.001221
12.080000 0.001215
12.100000 0.001210
12.120000 0.001204
12.140000 0.001199
12.160000 0.001194
12.180000 0.001188
12.200000 0.001183
12.220000 0.001178
12.240000 0.001173
12.260000 0.001168
12.280000 0.001162
12.300000 0.001157
12.320000 0.001152
12.340000 0.001147
12.360000 0.001142
12.380000 0.001137
12.400000 0.001132
12.420000 0.001127
12.440000 0.001123
12.460000 0.001118
12.480000 0.001113
12.500000 0.001108
12.520000 0.001104
12.540000 0.001099
12.560000 0.001094
12.580000 0.001090
12.600000 0.001085
12.620000 0.001080
12.640000 0.001076
12.660000 0.001071
12.680000 0.001067
12.700000 0.001063
12.720000 0.001058
12.740000 0.001054
12.760000 0.001049
12.780000 0.001045
12.800000 0.001041
12.820000 0.001037
12.840000 0.001032
12.860000 0.001028
12.880000 0.001024
12.900000 0.001020
12.920000 0.001016
12.940000 0.001012
12.960000 0.001007
12.980000 0.001003
13.000000 0.000999
13.020000 0.000995
13.040000 0.000991
13.060000 0.000988
13.080000 0.000984
13.100000 0.000980
13.120000 0.000976
13.140000 0.000972
13.160000 0.000968
13.180000 0.000964
13.200000 0.000961
13.220000 0.000957
13.240000 0.000953
13.260000 0.000949
13.280000 0.000946
13.300000 0.000942
13.320000 0.000938
13.340000 0.000935
13.360000 0.000931
13.380000 0.000928
13.400000 0.000924
13.420000 0.000921
13.440000 0.000917
13.460000 0.000914
13.480000 0.000910
13.500000 0.000907
13.520000 0.000903
13.540000 0.000900
13.560000 0.000896
13.580000 0.000893
13.600000 0.000890
13.620000 0.000886
13.640000 0.000883
13.660000 0.000880
13.680000 0.000876
13.700000 0.000873
13.720000 0.000870
13.740000 0.000867
13.760000 0.000864
13.780000 0.000860
13.800000 0.000857
13.820000 0.000854
13.840000 0.000851
13.860000 0.000848
13.880000 0.000845
13.900000 0.000842
13.920000 0.000839
13.940000 0.000836
13.960000 0.000833
13.980000 0.000830
14.000000 0.000827
14.020000 0.000824
14.040000 0.000821
14.060000 0.000818
14.080000 0.000815
14.100000 0.000812
14.120000 0.000809
14.140000 0.000806
14.160000 0.000803
14.180000 0.000800
14.200000 0.000798
14.220000 0.000795
14.240000 0.000792
14.260000 0.000789
14.280000 0.000786
14.300000 0.000784
14.320000 0.000781
14.340000 0.000778
14.360000 0.000776
14.380000 0.000773
14.400000 0.000770
14.420000 0.000768
14.440000 0.000765
14.460000 0.000762
14.480000 0.000760
14.500000 0.000757
14.520000 0.000754
14.540000 0.000752
14.560000 0.000749
14.580000 0.000747
14.600000 0.000744
14.620000 0.000742
14.640000 0.000739
14.660000 0.000737
14.680000 0.000734
14.700000 0.000732
14.720000 0.000729
14.740000 0.000727
14.760000 0.000724
14.780000 0.000722
14.800000 0.000720
14.820000 0.000717
14.840000 0.000715
14.860000 0.000712
14.880000 0.000710
14.900000 0.000708
14.920000 0.000705
14.940000 0.000703
14.960000 0.000701
14.980000 0.000698
15.000000 0.000696
15.020000 0.000694
15.040000 0.000692
15.060000 0.000689
15.080000 0.000687
15.100000 0.000685
15.120000 0.000683
15.140000 0.000680
15.160000 0.000678
15.180000 0.000676
15.200000 0.000674
15.220000 0.000672
15.240000 0.000670
15.260000 0.000667
15.280000 0.000665
15.300000 0.000663
15.320000 0.000661
15.340000 0.000659
15.360000 0.000657
15.380000 0.000655
15.400000 0.000653
15.420000 0.000651
15.440000 0.000649
15.460000 0.000646
15.480000 0.000644
15.500000 0.000642
15.520000 0.000640
15.540000 0.000638
15.560000 0.000636
15.580000 0.000634
15.600000 0.000632
15.620000 0.000630
15.640000 0.000629
15.660000 0.000627
15.680000 0.000625
15.700000 0.000623
15.720000 0.000621
15.740000 0.000619
15.760000 0.000617
15.780000 0.000615
15.800000 0.000613
15.820000 0.000611
15.840000 0.000609
15.860000 0.000608
15.880000 0.000606
15.900000 0.000604
15.920000 0.000602
15.940000 0.000600
15.960000 0.000598
15.980000 0.000597
16.000000 0.000595
16.020000 0.000593
16.040000 0.000591
16.060000 0.000589
16.080000 0.000588
16.100000 0.000586
16.120000 0.000584
16.140000 0.000582
16.160000 0.000581
16.180000 0.000579
16.200000 0.000577
16.220000 0.000576
16.240000 0.000574
16.260000 0.000572
16.280000 0.000570
16.300000 0.000569
16.320000 0.000567
16.340000 0.000565
16.360000 0.000564
16.380000 0.000562
16.400000 0.000560
16.420000 0.000559
16.440000 0.000557
16.460000 0.000556
16.480000 0.000554
16.500000 0.000552
16.520000 0.000551
16.540000 0.000549
16.560000 0.000548
16.580000 0.000546
16.600000 0.000544
16.620000 0.000543
16.640000 0.000541
16.660000 0.000540
16.680000 0.000538
16.700000 0.000537
16.720000 0.000535
16.740000 0.000534
16.760000 0.000532
16.780000 0.000531
16.800000 0.000529
16.820000 0.000528
16.840000 0.000526
16.860000 0.000525
16.880000 0.000523
16.900000 0.000522
16.920000 0.000520
16.940000 0.000519
16.960000 0.000517
16.980000 0.000516
17.000000 0.000514
17.020000 0.000513
17.040000 0.000512
17.060000 0.000510
17.080000 0.000509
17.100000 0.000507
17.120000 0.000506
17.140000 0.000504
17.160000 0.000503
17.180000 0.000502
17.200000 0.000500
17.220000 0.000499
17.240000 0.000498
17.260000 0.000496
17.280000 0.000495
17.300000 0.000493
17.320000 0.000492
17.340000 0.000491
17.360000 0.000489
17.380000 0.000488
17.400000 0.000487
17.420000 0.000485
17.440000 0.000484
17.460000 0.000483
17.480000 0.000482
17.500000 0.000480
17.520000 0.000479
17.540000 0.000478
17.560000 0.000476
17.580000 0.000475
17.600000 0.000474
17.620000 0.000473
17.640000 0.000471
17.660000 0.000470
17.680000 0.000469
17.700000 0.000468
17.720000 0.000466
17.740000 0.000465
17.760000 0.000464
17.780000 0.000463
17.800000 0.000461
17.820000 0.000460
17.840000 0.000459
17.860000 0.000458
17.880000 0.000457
17.900000 0.000455
17.920000 0.000454
17.940000 0.000453
17.960000 0.000452
17.980000 0.000451
18.000000 0.000449
18.020000 0.000448
18.040000 0.000447
18.060000 0.000446
18.080000 0.000445
18.100000 0.000444
18.120000 0.000442
18.140000 0.000441
18.160000 0.000440
18.180000 0.000439
18.200000 0.000438
18.220000 0.000437
18.240000 0.000436
18.260000 0.000435
18.280000 0.000433
18.300000 0.000432
18.320000 0.000431
18.340000 0.000430
18.360000 0.000429
18.380000 0.000428
18.400000 0.000427
18.420000 0.000426
18.440000 0.000425
18.460000 0.000424
18.480000 0.000423
18.500000 0.000421
18.520000 0.000420
18.540000 0.000419
18.560000 0.000418
18.580000 0.000417
18.600000 0.000416
18.620000 0.000415
18.640000 0.000414
18.660000 0.000413
18.680000 0.000412
18.700000 0.000411
18.720000 0.000410
18.740000 0.000409
18.760000 0.000408
18.780000 0.000407
18.800000 0.000406
18.820000 0.000405
18.840000 0.000404
18.860000 0.000403
18.880000 0.000402
18.900000 0.000401
18.920000 0.000400
18.940000 0.000399
18.960000 0.000398
18.980000 0.000397
19.000000 0.000396
19.020000 0.000395
19.040000 0.000394
19.060000 0.000393
19.080000 0.000392
19.100000 0.000391
19.120000 0.000390
19.140000 0.000389
19.160000 0.000388
19.180000 0.000387
19.200000 0.000387
19.220000 0.000386
19.240000 0.000385
19.260000 0.000384
19.280000 0.000383
19.300000 0.000382
19.320000 0.000381
19.340000 0.000380
19.360000 0.000379
19.380000 0.000378
19.400000 0.000377
19.420000 0.000376
19.440000 0.000375
19.460000 0.000373
19.480000 0.000372
19.500000 0.000370
19.520000 0.000369
19.540000 0.000367
19.560000 0.000365
19.580000 0.000362
19.600000 0.000360
19.620000 0.000356
19.640000 0.000353
19.660000 0.000349
19.680000 0.000344
19.700000 0.000339
19.720000 0.000333
19.740000 0.000326
19.760000 0.000318
19.780000 0.000310
19.800000 0.000301
19.820000 0.000291
19.840000 0.000280
19.860000 0.000268
19.880000 0.000256
19.900000 0.000243
19.920000 0.000229
19.940000 0.000215
19.960000 0.000201
19.980000 0.000187

Sticks
-13.520000 0.001142
-13.500000 0.002131
-13.480000 0.001865
-13.460000 0.002357
-13.380000 0.005791
-13.360000 0.001403
-13.300000 0.001691
-13.280000 0.000165
-13.260000 0.000031
-13.240000 0.000005
-13.220000 0.000105
-13.200000 0.000027
-12.000000 0.000955
-11.980000 0.003421
-11.960000 0.001528
-11.940000 0.000067
-11.900000 0.000101
-11.860000 0.000004
-11.840000 0.000011
-11.520000 0.000142
-11.500000 0.000001
-11.480000 0.000001
-11.440000 0.000004
-11.380000 0.000039
-11.360000 0.000002
-11.340000 0.000024
-11.320000 0.000001
-11.200000 0.000005
-11.020000 0.000017
-9.920000 0.000000
1.680000 0.000636
1.700000 0.000004
1.720000 0.131992
2.120000 0.005218
2.140000 0.046974
2.160000 0.002117
2.220000 0.005072
2.240000 0.053690
2.260000 0.057290
2.280000 0.019042
2.320000 0.011192
2.340000 0.347160
2.360000 0.448889
2.380000 0.354724
2.420000 0.012157
2.440000 0.004930
2.460000 0.007103
2.500000 0.000107
3.180000 0.000622
3.200000 0.002112
3.220000 0.000005
3.240000 0.006834
3.260000 0.067651
3.280000 0.044552
3.300000 0.000565
3.460000 0.000019
3.600000 0.000128
3.620000 0.000269
3.680000 0.000440
3.740000 0.001776
3.760000 0.000013
3.820000 0.000388
3.860000 0.000105
3.880000 0.000495
3.900000 0.000257
3.960000 0.000146
3.980000 0.000009
4.100000 0.000008
4.140000 0.000285
4.160000 0.000122
4.200000 0.000128
4.240000 0.000016
4.380000 0.000223
4.400000 0.000393
4.420000 0.000113
4.560000 0.000006
4.600000 0.001072
4.720000 0.000002
4.860000 0.000200
4.940000 0.000023
4.980000 0.000083
5.040000 0.000026
5.060000 0.000418
5.080000 0.000518
5.120000 0.000753
5.140000 0.000022
5.160000 0.000356
5.220000 0.000119
5.300000 0.000038
5.320000 0.000016
5.380000 0.000033
5.500000 0.000019
5.520000 0.000001
5.580000 0.000009
5.680000 0.000002
5.820000 0.000001
5.840000 0.002102
5.860000 0.000283
5.960000 0.002160
5.980000 0.000394
6.000000 0.000255
6.120000 0.000143
6.220000 0.000044
6.240000 0.000036
6.280000 0.000000
6.440000 0.000276
6.520000 0.005442
6.540000 0.000001
6.560000 0.006414
6.580000 0.009063
6.620000 0.000002
6.640000 0.000506
6.840000 0.000044
6.860000 0.000186
7.140000 0.000013
7.180000 0.000009
7.200000 0.000003
7.380000 0.000084
7.400000 0.000034
7.420000 0.000035
7.580000 0.000083
7.600000 0.000056
7.660000 0.000005
7.700000 0.001270
7.720000 0.002277
7.920000 0.000003
8.000000 0.000067
8.040000 0.000008
8.060000 0.000011
8.120000 0.000025
8.400000 0.000003
8.420000 0.000002
8.580000 0.000025
8.620000 0.002929
8.640000 0.001366
8.660000 0.001023
8.680000 0.000378
8.720000 0.000036
8.820000 0.000000
8.940000 0.000029
9.180000 0.000012
9.220000 0.000001
