-10.000000 0.000155
-9.991248 0.000166
-9.982496 0.000176
-9.973743 0.000187
-9.964991 0.000197
-9.956239 0.000206
-9.947487 0.000216
-9.938735 0.000225
-9.929982 0.000234
-9.921230 0.000242
-9.912478 0.000249
-9.903726 0.000256
-9.894974 0.000263
-9.886222 0.000269
-9.877469 0.000275
-9.868717 0.000280
-9.859965 0.000284
-9.851213 0.000289
-9.842461 0.000292
-9.833708 0.000296
-9.824956 0.000299
-9.816204 0.000302
-9.807452 0.000304
-9.798700 0.000306
-9.789947 0.000308
-9.781195 0.000310
-9.772443 0.000312
-9.763691 0.000313
-9.754939 0.000315
-9.746187 0.000316
-9.737434 0.000317
-9.728682 0.000318
-9.719930 0.000319
-9.711178 0.000320
-9.702426 0.000321
-9.693673 0.000322
-9.684921 0.000323
-9.676169 0.000324
-9.667417 0.000325
-9.658665 0.000326
-9.649912 0.000327
-9.641160 0.000328
-9.632408 0.000329
-9.623656 0.000330
-9.614904 0.000331
-9.606152 0.000332
-9.597399 0.000333
-9.588647 0.000334
-9.579895 0.000335
-9.571143 0.000336
-9.562391 0.000337
-9.553638 0.000338
-9.544886 0.000339
-9.536134 0.000340
-9.527382 0.000341
-9.518630 0.000342
-9.509877 0.000343
-9.501125 0.000344
-9.492373 0.000345
-9.483621 0.000346
-9.474869 0.000347
-9.466117 0.000348
-9.457364 0.000349
-9.448612 0.000350
-9.439860 0.000351
-9.431108 0.000353
-9.422356 0.000354
-9.413603 0.000355
-9.404851 0.000356
-9.396099 0.000357
-9.387347 0.000358
-9.378595 0.000359
-9.369842 0.000360
-9.361090 0.000361
-9.352338 0.000362
-9.343586 0.000363
-9.334834 0.000365
-9.326082 0.000366
-9.317329 0.000367
-9.308577 0.000368
-9.299825 0.000369
-9.291073 0.000370
-9.282321 0.000371
-9.273568 0.000372
-9.264816 0.000374
-9.256064 0.000375
-9.247312 0.000376
-9.238560 0.000377
-9.229807 0.000378
-9.221055 0.000380
-9.212303 0.000381
-9.203551 0.000382
-9.194799 0.000383
-9.186047 0.000384
-9.177294 0.000386
-9.168542 0.000387
-9.159790 0.000388
-9.151038 0.000389
-9.142286 0.000390
-9.133533 0.000392
-9.124781 0.000393
-9.116029 0.000394
-9.107277 0.000395
-9.098525 0.000397
-9.089772 0.000398
-9.081020 0.000399
-9.072268 0.000401
-9.063516 0.000402
-9.054764 0.000403
-9.046012 0.000404
-9.037259 0.000406
-9.028507 0.000407
-9.019755 0.000408
-9.011003 0.000410
-9.002251 0.000411
-8.993498 0.000412
-8.984746 0.000414
-8.975994 0.000415
-8.967242 0.000417
-8.958490 0.000418
-8.949737 0.000419
-8.940985 0.000421
-8.932233 0.000422
-8.923481 0.000423
-8.914729 0.000425
-8.905976 0.000426
-8.897224 0.000428
-8.888472 0.000429
-8.879720 0.000431
-8.870968 0.000432
-8.862216 0.000433
-8.853463 0.000435
-8.844711 0.000436
-8.835959 0.000438
-8.827207 0.000439
-8.818455 0.000441
-8.809702 0.000442
-8.800950 0.000444
-8.792198 0.000445
-8.783446 0.000447
-8.774694 0.000448
-8.765941 0.000450
-8.757189 0.000452
-8.748437 0.000453
-8.739685 0.000455
-8.730933 0.000456
-8.722181 0.000458
-8.713428 0.000459
-8.704676 0.000461
-8.695924 0.000463
-8.687172 0.000464
-8.678420 0.000466
-8.669667 0.000467
-8.660915 0.000469
-8.652163 0.000471
-8.643411 0.000472
-8.634659 0.000474
-8.625906 0.000476
-8.617154 0.000477
-8.608402 0.000479
-8.599650 0.000481
-8.590898 0.000483
-8.582146 0.000484
-8.573393 0.000486
-8.564641 0.000488
-8.555889 0.000490
-8.547137 0.000491
-8.538385 0.000493
-8.529632 0.000495
-8.520880 0.000497
-8.512128 0.000498
-8.503376 0.000500
-8.494624 0.000502
-8.485871 0.000504
-8.477119 0.000506
-8.468367 0.000508
-8.459615 0.000509
-8.450863 0.000511
-8.442111 0.000513
-8.433358 0.000515
-8.424606 0.000517
-8.415854 0.000519
-8.407102 0.000521
-8.398350 0.000523
-8.389597 0.000525
-8.380845 0.000527
-8.372093 0.000529
-8.363341 0.000531
-8.354589 0.000533
-8.345836 0.000535
-8.337084 0.000537
-8.328332 0.000539
-8.319580 0.000541
-8.310828 0.000543
-8.302076 0.000545
-8.293323 0.000547
-8.284571 0.000549
-8.275819 0.000551
-8.267067 0.000553
-8.258315 0.000555
-8.249562 0.000557
-8.240810 0.000560
-8.232058 0.000562
-8.223306 0.000564
-8.214554 0.000566
-8.205801 0.000568
-8.197049 0.000570
-8.188297 0.000573
-8.179545 0.000575
-8.170793 0.000577
-8.162041 0.000579
-8.153288 0.000582
-8.144536 0.000584
-8.135784 0.000586
-8.127032 0.000589
-8.118280 0.000591
-8.109527 0.000593
-8.100775 0.000596
-8.092023 0.000598
-8.083271 0.000600
-8.074519 0.000603
-8.065766 0.000605
-8.057014 0.000608
-8.048262 0.000610
-8.039510 0.000613
-8.030758 0.000615
-8.022006 0.000618
-8.013253 0.000620
-8.004501 0.000623
-7.995749 0.000625
-7.986997 0.000628
-7.978245 0.000630
-7.969492 0.000633
-7.960740 0.000636
-7.951988 0.000638
-7.943236 0.000641
-7.934484 0.000644
-7.925731 0.000646
-7.916979 0.000649
-7.908227 0.000652
-7.899475 0.000654
-7.890723 0.000657
-7.881970 0.000660
-7.873218 0.000663
-7.864466 0.000665
-7.855714 0.000668
-7.846962 0.000671
-7.838210 0.000674
-7.829457 0.000677
-7.820705 0.000680
-7.811953 0.000683
-7.803201 0.000686
-7.794449 0.000688
-7.785696 0.000691
-7.776944 0.000694
-7.768192 0.000697
-7.759440 0.000700
-7.750688 0.000704
-7.741935 0.000707
-7.733183 0.000710
-7.724431 0.000713
-7.715679 0.000716
-7.706927 0.000719
-7.698175 0.000722
-7.689422 0.000725
-7.680670 0.000729
-7.671918 0.000732
-7.663166 0.000735
-7.654414 0.000738
-7.645661 0.000742
-7.636909 0.000745
-7.628157 0.000748
-7.619405 0.000752
-7.610653 0.000755
-7.601900 0.000759
-7.593148 0.000762
-7.584396 0.000766
-7.575644 0.000769
-7.566892 0.000773
-7.558140 0.000776
-7.549387 0.000780
-7.540635 0.000783
-7.531883 0.000787
-7.523131 0.000791
-7.514379 0.000794
-7.505626 0.000798
-7.496874 0.000802
-7.488122 0.000805
-7.479370 0.000809
-7.470618 0.000813
-7.461865 0.000817
-7.453113 0.000821
-7.444361 0.000824
-7.435609 0.000828
-7.426857 0.000832
-7.418105 0.000836
-7.409352 0.000840
-7.400600 0.000844
-7.391848 0.000848
-7.383096 0.000852
-7.374344 0.000857
-7.365591 0.000861
-7.356839 0.000865
-7.348087 0.000869
-7.339335 0.000873
-7.330583 0.000878
-7.321830 0.000882
-7.313078 0.000886
-7.304326 0.000891
-7.295574 0.000895
-7.286822 0.000900
-7.278070 0.000904
-7.269317 0.000908
-7.260565 0.000913
-7.251813 0.000918
-7.243061 0.000922
-7.234309 0.000927
-7.225556 0.000932
-7.216804 0.000936
-7.208052 0.000941
-7.199300 0.000946
-7.190548 0.000951
-7.181795 0.000955
-7.173043 0.000960
-7.164291 0.000965
-7.155539 0.000970
-7.146787 0.000975
-7.138035 0.000980
-7.129282 0.000985
-7.120530 0.000991
-7.111778 0.000996
-7.103026 0.001001
-7.094274 0.001006
-7.085521 0.001012
-7.076769 0.001017
-7.068017 0.001022
-7.059265 0.001028
-7.050513 0.001033
-7.041760 0.001039
-7.033008 0.001044
-7.024256 0.001050
-7.015504 0.001056
-7.006752 0.001061
-6.997999 0.001067
-6.989247 0.001073
-6.980495 0.001079
-6.971743 0.001085
-6.962991 0.001091
-6.954239 0.001097
-6.945486 0.001103
-6.936734 0.001109
-6.927982 0.001115
-6.919230 0.001121
-6.910478 0.001127
-6.901725 0.001134
-6.892973 0.001140
-6.884221 0.001147
-6.875469 0.001153
-6.866717 0.001160
-6.857964 0.001166
-6.849212 0.001173
-6.840460 0.001180
-6.831708 0.001186
-6.822956 0.001193
-6.814204 0.001200
-6.805451 0.001207
-6.796699 0.001214
-6.787947 0.001221
-6.779195 0.001228
-6.770443 0.001235
-6.761690 0.001243
-6.752938 0.001250
-6.744186 0.001257
-6.735434 0.001265
-6.726682 0.001272
-6.717929 0.001280
-6.709177 0.001288
-6.700425 0.001295
-6.691673 0.001303
-6.682921 0.001311
-6.674169 0.001319
-6.665416 0.001327
-6.656664 0.001335
-6.647912 0.001343
-6.639160 0.001352
-6.630408 0.001360
-6.621655 0.001368
-6.612903 0.001377
-6.604151 0.001386
-6.595399 0.001394
-6.586647 0.001403
-6.577894 0.001412
-6.569142 0.001421
-6.560390 0.001430
-6.551638 0.001439
-6.542886 0.001448
-6.534134 0.001457
-6.525381 0.001467
-6.516629 0.001476
-6.507877 0.001486
-6.499125 0.001495
-6.490373 0.001505
-6.481620 0.001515
-6.472868 0.001525
-6.464116 0.001535
-6.455364 0.001545
-6.446612 0.001555
-6.437859 0.001565
-6.429107 0.001576
-6.420355 0.001586
-6.411603 0.001597
-6.402851 0.001608
-6.394099 0.001619
-6.385346 0.001630
-6.376594 0.001641
-6.367842 0.001652
-6.359090 0.001663
-6.350338 0.001675
-6.341585 0.001687
-6.332833 0.001698
-6.324081 0.001710
-6.315329 0.001722
-6.306577 0.001734
-6.297824 0.001746
-6.289072 0.001759
-6.280320 0.001771
-6.271568 0.001784
-6.262816 0.001796
-6.254064 0.001809
-6.245311 0.001822
-6.236559 0.001836
-6.227807 0.001849
-6.219055 0.001862
-6.210303 0.001876
-6.201550 0.001890
-6.192798 0.001904
-6.184046 0.001918
-6.175294 0.001932
-6.166542 0.001946
-6.157789 0.001961
-6.149037 0.001976
-6.140285 0.001991
-6.131533 0.002006
-6.122781 0.002021
-6.114029 0.002037
-6.105276 0.002052
-6.096524 0.002068
-6.087772 0.002084
-6.079020 0.002100
-6.070268 0.002117
-6.061515 0.002133
-6.052763 0.002150
-6.044011 0.002167
-6.035259 0.002184
-6.026507 0.002201
-6.017754 0.002219
-6.009002 0.002237
-6.000250 0.002255
-5.991498 0.002273
-5.982746 0.002292
-5.973993 0.002310
-5.965241 0.002329
-5.956489 0.002348
-5.947737 0.002368
-5.938985 0.002388
-5.930233 0.002407
-5.921480 0.002428
-5.912728 0.002448
-5.903976 0.002469
-5.895224 0.002490
-5.886472 0.002511
-5.877719 0.002533
-5.868967 0.002554
-5.860215 0.002576
-5.851463 0.002599
-5.842711 0.002622
-5.833958 0.002645
-5.825206 0.002668
-5.816454 0.002691
-5.807702 0.002715
-5.798950 0.002740
-5.790198 0.002764
-5.781445 0.002789
-5.772693 0.002814
-5.763941 0.002840
-5.755189 0.002866
-5.746437 0.002892
-5.737684 0.002919
-5.728932 0.002946
-5.720180 0.002974
-5.711428 0.003002
-5.702676 0.003030
-5.693923 0.003059
-5.685171 0.003088
-5.676419 0.003117
-5.667667 0.003147
-5.658915 0.003178
-5.650163 0.003209
-5.641410 0.003240
-5.632658 0.003272
-5.623906 0.003304
-5.615154 0.003337
-5.606402 0.003370
-5.597649 0.003404
-5.588897 0.003438
-5.580145 0.003473
-5.571393 0.003508
-5.562641 0.003544
-5.553888 0.003581
-5.545136 0.003618
-5.536384 0.003655
-5.527632 0.003694
-5.518880 0.003733
-5.510128 0.003772
-5.501375 0.003812
-5.492623 0.003853
-5.483871 0.003894
-5.475119 0.003937
-5.466367 0.003979
-5.457614 0.004023
-5.448862 0.004067
-5.440110 0.004112
-5.431358 0.004158
-5.422606 0.004205
-5.413853 0.004252
-5.405101 0.004300
-5.396349 0.004349
-5.387597 0.004399
-5.378845 0.004450
-5.370093 0.004502
-5.361340 0.004554
-5.352588 0.004608
-5.343836 0.004662
-5.335084 0.004718
-5.326332 0.004774
-5.317579 0.004832
-5.308827 0.004891
-5.300075 0.004950
-5.291323 0.005011
-5.282571 0.005073
-5.273818 0.005136
-5.265066 0.005201
-5.256314 0.005266
-5.247562 0.005333
-5.238810 0.005401
-5.230058 0.005471
-5.221305 0.005542
-5.212553 0.005614
-5.203801 0.005688
-5.195049 0.005763
-5.186297 0.005840
-5.177544 0.005918
-5.168792 0.005998
-5.160040 0.006079
-5.151288 0.006163
-5.142536 0.006248
-5.133783 0.006335
-5.125031 0.006423
-5.116279 0.006514
-5.107527 0.006606
-5.098775 0.006701
-5.090023 0.006798
-5.081270 0.006896
-5.072518 0.006997
-5.063766 0.007101
-5.055014 0.007206
-5.046262 0.007314
-5.037509 0.007425
-5.028757 0.007538
-5.020005 0.007654
-5.011253 0.007772
-5.002501 0.007893
-4.993748 0.008017
-4.984996 0.008144
-4.976244 0.008275
-4.967492 0.008408
-4.958740 0.008545
-4.949987 0.008685
-4.941235 0.008829
-4.932483 0.008976
-4.923731 0.009127
-4.914979 0.009282
-4.906227 0.009441
-4.897474 0.009604
-4.888722 0.009772
-4.879970 0.009944
-4.871218 0.010120
-4.862466 0.010302
-4.853713 0.010488
-4.844961 0.010680
-4.836209 0.010877
-4.827457 0.011079
-4.818705 0.011287
-4.809952 0.011502
-4.801200 0.011722
-4.792448 0.011949
-4.783696 0.012183
-4.774944 0.012424
-4.766192 0.012672
-4.757439 0.012927
-4.748687 0.013191
-4.739935 0.013462
-4.731183 0.013743
-4.722431 0.014032
-4.713678 0.014330
-4.704926 0.014638
-4.696174 0.014957
-4.687422 0.015285
-4.678670 0.015625
-4.669917 0.015976
-4.661165 0.016340
-4.652413 0.016716
-4.643661 0.017105
-4.634909 0.017508
-4.626157 0.017925
-4.617404 0.018357
-4.608652 0.018806
-4.599900 0.019270
-4.591148 0.019752
-4.582396 0.020253
-4.573643 0.020772
-4.564891 0.021312
-4.556139 0.021872
-4.547387 0.022455
-4.538635 0.023061
-4.529882 0.023692
-4.521130 0.024348
-4.512378 0.025031
-4.503626 0.025743
-4.494874 0.026485
-4.486122 0.027258
-4.477369 0.028064
-4.468617 0.028905
-4.459865 0.029783
-4.451113 0.030700
-4.442361 0.031657
-4.433608 0.032657
-4.424856 0.033701
-4.416104 0.034793
-4.407352 0.035935
-4.398600 0.037129
-4.389847 0.038377
-4.381095 0.039683
-4.372343 0.041049
-4.363591 0.042477
-4.354839 0.043971
-4.346087 0.045534
-4.337334 0.047168
-4.328582 0.048876
-4.319830 0.050662
-4.311078 0.052527
-4.302326 0.054474
-4.293573 0.056507
-4.284821 0.058627
-4.276069 0.060836
-4.267317 0.063137
-4.258565 0.065532
-4.249812 0.068020
-4.241060 0.070603
-4.232308 0.073283
-4.223556 0.076057
-4.214804 0.078927
-4.206052 0.081890
-4.197299 0.084944
-4.188547 0.088087
-4.179795 0.091316
-4.171043 0.094625
-4.162291 0.098011
-4.153538 0.101467
-4.144786 0.104986
-4.136034 0.108561
-4.127282 0.112182
-4.118530 0.115842
-4.109777 0.119528
-4.101025 0.123231
-4.092273 0.126939
-4.083521 0.130638
-4.074769 0.134316
-4.066017 0.137959
-4.057264 0.141553
-4.048512 0.145083
-4.039760 0.148535
-4.031008 0.151893
-4.022256 0.155142
-4.013503 0.158268
-4.004751 0.161256
-3.995999 0.164090
-3.987247 0.166759
-3.978495 0.169247
-3.969742 0.171542
-3.960990 0.173633
-3.952238 0.175508
-3.943486 0.177157
-3.934734 0.178572
-3.925981 0.179744
-3.917229 0.180668
-3.908477 0.181338
-3.899725 0.181750
-3.890973 0.181903
-3.882221 0.181794
-3.873468 0.181426
-3.864716 0.180799
-3.855964 0.179917
-3.847212 0.178785
-3.838460 0.177410
-3.829707 0.175798
-3.820955 0.173958
-3.812203 0.171900
-3.803451 0.169635
-3.794699 0.167175
-3.785946 0.164533
-3.777194 0.161721
-3.768442 0.158754
-3.759690 0.155647
-3.750938 0.152415
-3.742186 0.149071
-3.733433 0.145633
-3.724681 0.142114
-3.715929 0.138530
-3.707177 0.134895
-3.698425 0.131224
-3.689672 0.127532
-3.680920 0.123830
-3.672168 0.120132
-3.663416 0.116451
-3.654664 0.112796
-3.645911 0.109178
-3.637159 0.105608
-3.628407 0.102093
-3.619655 0.098641
-3.610903 0.095260
-3.602151 0.091955
-3.593398 0.088731
-3.584646 0.085593
-3.575894 0.082543
-3.567142 0.079586
-3.558390 0.076722
-3.549637 0.073954
-3.540885 0.071281
-3.532133 0.068704
-3.523381 0.066223
-3.514629 0.063836
-3.505876 0.061543
-3.497124 0.059341
-3.488372 0.057230
-3.479620 0.055206
-3.470868 0.053268
-3.462116 0.051412
-3.453363 0.049637
-3.444611 0.047939
-3.435859 0.046316
-3.427107 0.044764
-3.418355 0.043282
-3.409602 0.041865
-3.400850 0.040512
-3.392098 0.039220
-3.383346 0.037985
-3.374594 0.036805
-3.365841 0.035677
-3.357089 0.034600
-3.348337 0.033571
-3.339585 0.032587
-3.330833 0.031646
-3.322081 0.030746
-3.313328 0.029885
-3.304576 0.029062
-3.295824 0.028274
-3.287072 0.027519
-3.278320 0.026797
-3.269567 0.026105
-3.260815 0.025442
-3.252063 0.024806
-3.243311 0.024197
-3.234559 0.023612
-3.225806 0.023052
-3.217054 0.022514
-3.208302 0.021998
-3.199550 0.021503
-3.190798 0.021027
-3.182046 0.020570
-3.173293 0.020131
-3.164541 0.019710
-3.155789 0.019305
-3.147037 0.018915
-3.138285 0.018541
-3.129532 0.018182
-3.120780 0.017836
-3.112028 0.017504
-3.103276 0.017184
-3.094524 0.016877
-3.085771 0.016581
-3.077019 0.016298
-3.068267 0.016025
-3.059515 0.015763
-3.050763 0.015511
-3.042011 0.015269
-3.033258 0.015036
-3.024506 0.014813
-3.015754 0.014599
-3.007002 0.014394
-2.998250 0.014197
-2.989497 0.014009
-2.980745 0.013828
-2.971993 0.013656
-2.963241 0.013491
-2.954489 0.013334
-2.945736 0.013184
-2.936984 0.013041
-2.928232 0.012905
-2.919480 0.012776
-2.910728 0.012654
-2.901975 0.012539
-2.893223 0.012430
-2.884471 0.012328
-2.875719 0.012233
-2.866967 0.012144
-2.858215 0.012061
-2.849462 0.011985
-2.840710 0.011915
-2.831958 0.011852
-2.823206 0.011795
-2.814454 0.011745
-2.805701 0.011701
-2.796949 0.011663
-2.788197 0.011632
-2.779445 0.011608
-2.770693 0.011590
-2.761940 0.011579
-2.753188 0.011575
-2.744436 0.011579
-2.735684 0.011589
-2.726932 0.011607
-2.718180 0.011632
-2.709427 0.011664
-2.700675 0.011705
-2.691923 0.011754
-2.683171 0.011810
-2.674419 0.011876
-2.665666 0.011950
-2.656914 0.012032
-2.648162 0.012124
-2.639410 0.012226
-2.630658 0.012337
-2.621905 0.012458
-2.613153 0.012589
-2.604401 0.012731
-2.595649 0.012884
-2.586897 0.013048
-2.578145 0.013223
-2.569392 0.013410
-2.560640 0.013609
-2.551888 0.013820
-2.543136 0.014044
-2.534384 0.014280
-2.525631 0.014530
-2.516879 0.014793
-2.508127 0.015069
-2.499375 0.015360
-2.490623 0.015664
-2.481870 0.015982
-2.473118 0.016314
-2.464366 0.016660
-2.455614 0.017021
-2.446862 0.017395
-2.438110 0.017784
-2.429357 0.018187
-2.420605 0.018603
-2.411853 0.019033
-2.403101 0.019477
-2.394349 0.019933
-2.385596 0.020401
-2.376844 0.020882
-2.368092 0.021373
-2.359340 0.021875
-2.350588 0.022386
-2.341835 0.022906
-2.333083 0.023433
-2.324331 0.023966
-2.315579 0.024505
-2.306827 0.025047
-2.298075 0.025590
-2.289322 0.026135
-2.280570 0.026678
-2.271818 0.027218
-2.263066 0.027752
-2.254314 0.028280
-2.245561 0.028800
-2.236809 0.029308
-2.228057 0.029804
-2.219305 0.030285
-2.210553 0.030750
-2.201800 0.031196
-2.193048 0.031623
-2.184296 0.032028
-2.175544 0.032410
-2.166792 0.032767
-2.158040 0.033099
-2.149287 0.033405
-2.140535 0.033684
-2.131783 0.033935
-2.123031 0.034158
-2.114279 0.034353
-2.105526 0.034519
-2.096774 0.034657
-2.088022 0.034766
-2.079270 0.034848
-2.070518 0.034903
-2.061765 0.034931
-2.053013 0.034933
-2.044261 0.034909
-2.035509 0.034861
-2.026757 0.034788
-2.018005 0.034691
-2.009252 0.034571
-2.000500 0.034429
-1.991748 0.034264
-1.982996 0.034077
-1.974244 0.033869
-1.965491 0.033640
-1.956739 0.033389
-1.947987 0.033118
-1.939235 0.032826
-1.930483 0.032514
-1.921730 0.032182
-1.912978 0.031829
-1.904226 0.031457
-1.895474 0.031066
-1.886722 0.030656
-1.877969 0.030227
-1.869217 0.029781
-1.860465 0.029317
-1.851713 0.028838
-1.842961 0.028343
-1.834209 0.027834
-1.825456 0.027312
-1.816704 0.026779
-1.807952 0.026235
-1.799200 0.025683
-1.790448 0.025123
-1.781695 0.024557
-1.772943 0.023988
-1.764191 0.023416
-1.755439 0.022842
-1.746687 0.022270
-1.737934 0.021700
-1.729182 0.021133
-1.720430 0.020572
-1.711678 0.020017
-1.702926 0.019470
-1.694174 0.018932
-1.685421 0.018403
-1.676669 0.017886
-1.667917 0.017381
-1.659165 0.016888
-1.650413 0.016408
-1.641660 0.015942
-1.632908 0.015490
-1.624156 0.015052
-1.615404 0.014629
-1.606652 0.014220
-1.597899 0.013826
-1.589147 0.013446
-1.580395 0.013081
-1.571643 0.012730
-1.562891 0.012392
-1.554139 0.012068
-1.545386 0.011757
-1.536634 0.011459
-1.527882 0.011173
-1.519130 0.010899
-1.510378 0.010636
-1.501625 0.010383
-1.492873 0.010141
-1.484121 0.009908
-1.475369 0.009684
-1.466617 0.009469
-1.457864 0.009262
-1.449112 0.009063
-1.440360 0.008871
-1.431608 0.008686
-1.422856 0.008507
-1.414104 0.008334
-1.405351 0.008166
-1.396599 0.008004
-1.387847 0.007847
-1.379095 0.007695
-1.370343 0.007547
-1.361590 0.007403
-1.352838 0.007263
-1.344086 0.007128
-1.335334 0.006995
-1.326582 0.006867
-1.317829 0.006742
-1.309077 0.006620
-1.300325 0.006501
-1.291573 0.006386
-1.282821 0.006274
-1.274069 0.006165
-1.265316 0.006058
-1.256564 0.005955
-1.247812 0.005855
-1.239060 0.005757
-1.230308 0.005663
-1.221555 0.005571
-1.212803 0.005482
-1.204051 0.005396
-1.195299 0.005313
-1.186547 0.005232
-1.177794 0.005155
-1.169042 0.005080
-1.160290 0.005007
-1.151538 0.004938
-1.142786 0.004871
-1.134034 0.004807
-1.125281 0.004745
-1.116529 0.004687
-1.107777 0.004630
-1.099025 0.004577
-1.090273 0.004526
-1.081520 0.004478
-1.072768 0.004433
-1.064016 0.004390
-1.055264 0.004349
-1.046512 0.004312
-1.037759 0.004277
-1.029007 0.004245
-1.020255 0.004215
-1.011503 0.004188
-1.002751 0.004164
-0.993998 0.004142
-0.985246 0.004124
-0.976494 0.004108
-0.967742 0.004094
-0.958990 0.004084
-0.950238 0.004077
-0.941485 0.004072
-0.932733 0.004071
-0.923981 0.004072
-0.915229 0.004076
-0.906477 0.004084
-0.897724 0.004095
-0.888972 0.004109
-0.880220 0.004126
-0.871468 0.004146
-0.862716 0.004169
-0.853963 0.004196
-0.845211 0.004226
-0.836459 0.004260
-0.827707 0.004296
-0.818955 0.004336
-0.810203 0.004379
-0.801450 0.004425
-0.792698 0.004474
-0.783946 0.004526
-0.775194 0.004581
-0.766442 0.004638
-0.757689 0.004698
-0.748937 0.004759
-0.740185 0.004823
-0.731433 0.004888
-0.722681 0.004954
-0.713928 0.005020
-0.705176 0.005087
-0.696424 0.005154
-0.687672 0.005221
-0.678920 0.005286
-0.670168 0.005350
-0.661415 0.005412
-0.652663 0.005472
-0.643911 0.005528
-0.635159 0.005580
-0.626407 0.005629
-0.617654 0.005673
-0.608902 0.005712
-0.600150 0.005745
-0.591398 0.005772
-0.582646 0.005793
-0.573893 0.005808
-0.565141 0.005815
-0.556389 0.005816
-0.547637 0.005809
-0.538885 0.005796
-0.530133 0.005774
-0.521380 0.005746
-0.512628 0.005711
-0.503876 0.005669
-0.495124 0.005620
-0.486372 0.005565
-0.477619 0.005504
-0.468867 0.005438
-0.460115 0.005366
-0.451363 0.005290
-0.442611 0.005210
-0.433858 0.005126
-0.425106 0.005038
-0.416354 0.004949
-0.407602 0.004857
-0.398850 0.004763
-0.390098 0.004668
-0.381345 0.004573
-0.372593 0.004477
-0.363841 0.004381
-0.355089 0.004286
-0.346337 0.004192
-0.337584 0.004099
-0.328832 0.004008
-0.320080 0.003918
-0.311328 0.003831
-0.302576 0.003745
-0.293823 0.003661
-0.285071 0.003580
-0.276319 0.003502
-0.267567 0.003425
-0.258815 0.003351
-0.250063 0.003280
-0.241310 0.003211
-0.232558 0.003145
-0.223806 0.003080
-0.215054 0.003018
-0.206302 0.002959
-0.197549 0.002901
-0.188797 0.002845
-0.180045 0.002791
-0.171293 0.002739
-0.162541 0.002689
-0.153788 0.002641
-0.145036 0.002593
-0.136284 0.002548
-0.127532 0.002503
-0.118780 0.002460
-0.110028 0.002418
-0.101275 0.002377
-0.092523 0.002338
-0.083771 0.002299
-0.075019 0.002261
-0.066267 0.002224
-0.057514 0.002188
-0.048762 0.002153
-0.040010 0.002118
-0.031258 0.002084
-0.022506 0.002051
-0.013753 0.002019
-0.005001 0.001988
0.003751 0.001957
0.012503 0.001927
0.021255 0.001897
0.030008 0.001868
0.038760 0.001840
0.047512 0.001813
0.056264 0.001786
0.065016 0.001760
0.073768 0.001735
0.082521 0.001710
0.091273 0.001685
0.100025 0.001662
0.108777 0.001639
0.117529 0.001617
0.126282 0.001595
0.135034 0.001574
0.143786 0.001553
0.152538 0.001533
0.161290 0.001513
0.170043 0.001494
0.178795 0.001476
0.187547 0.001458
0.196299 0.001441
0.205051 0.001424
0.213803 0.001407
0.222556 0.001391
0.231308 0.001376
0.240060 0.001360
0.248812 0.001346
0.257564 0.001331
0.266317 0.001317
0.275069 0.001303
0.283821 0.001290
0.292573 0.001277
0.301325 0.001264
0.310078 0.001252
0.318830 0.001240
0.327582 0.001228
0.336334 0.001217
0.345086 0.001206
0.353838 0.001195
0.362591 0.001184
0.371343 0.001174
0.380095 0.001163
0.388847 0.001153
0.397599 0.001144
0.406352 0.001134
0.415104 0.001125
0.423856 0.001116
0.432608 0.001107
0.441360 0.001098
0.450113 0.001089
0.458865 0.001081
0.467617 0.001072
0.476369 0.001064
0.485121 0.001056
0.493873 0.001048
0.502626 0.001041
0.511378 0.001033
0.520130 0.001026
0.528882 0.001018
0.537634 0.001011
0.546387 0.001004
0.555139 0.000997
0.563891 0.000991
0.572643 0.000984
0.581395 0.000977
0.590148 0.000971
0.598900 0.000964
0.607652 0.000958
0.616404 0.000952
0.625156 0.000946
0.633908 0.000940
0.642661 0.000934
0.651413 0.000928
0.660165 0.000922
0.668917 0.000917
0.677669 0.000911
0.686422 0.000906
0.695174 0.000900
0.703926 0.000895
0.712678 0.000890
0.721430 0.000885
0.730183 0.000880
0.738935 0.000874
0.747687 0.000870
0.756439 0.000865
0.765191 0.000860
0.773943 0.000855
0.782696 0.000850
0.791448 0.000846
0.800200 0.000841
0.808952 0.000837
0.817704 0.000832
0.826457 0.000828
0.835209 0.000823
0.843961 0.000819
0.852713 0.000815
0.861465 0.000811
0.870218 0.000806
0.878970 0.000802
0.887722 0.000798
0.896474 0.000794
0.905226 0.000790
0.913978 0.000787
0.922731 0.000783
0.931483 0.000779
0.940235 0.000775
0.948987 0.000771
0.957739 0.000768
0.966492 0.000764
0.975244 0.000761
0.983996 0.000757
0.992748 0.000753
1.001500 0.000750
1.010253 0.000747
1.019005 0.000743
1.027757 0.000740
1.036509 0.000737
1.045261 0.000733
1.054014 0.000730
1.062766 0.000727
1.071518 0.000724
1.080270 0.000721
1.089022 0.000717
1.097774 0.000714
1.106527 0.000711
1.115279 0.000708
1.124031 0.000705
1.132783 0.000703
1.141535 0.000700
1.150288 0.000697
1.159040 0.000694
1.167792 0.000691
1.176544 0.000688
1.185296 0.000686
1.194049 0.000683
1.202801 0.000680
1.211553 0.000678
1.220305 0.000675
1.229057 0.000672
1.237809 0.000670
1.246562 0.000667
1.255314 0.000665
1.264066 0.000662
1.272818 0.000660
1.281570 0.000658
1.290323 0.000655
1.299075 0.000653
1.307827 0.000651
1.316579 0.000648
1.325331 0.000646
1.334084 0.000644
1.342836 0.000641
1.351588 0.000639
1.360340 0.000637
1.369092 0.000635
1.377844 0.000633
1.386597 0.000631
1.395349 0.000629
1.404101 0.000627
1.412853 0.000625
1.421605 0.000623
1.430358 0.000621
1.439110 0.000619
1.447862 0.000617
1.456614 0.000615
1.465366 0.000613
1.474119 0.000611
1.482871 0.000609
1.491623 0.000608
1.500375 0.000606
1.509127 0.000604
1.517879 0.000602
1.526632 0.000601
1.535384 0.000599
1.544136 0.000597
1.552888 0.000596
1.561640 0.000594
1.570393 0.000592
1.579145 0.000591
1.587897 0.000589
1.596649 0.000588
1.605401 0.000586
1.614154 0.000585
1.622906 0.000583
1.631658 0.000582
1.640410 0.000581
1.649162 0.000579
1.657914 0.000578
1.666667 0.000577
1.675419 0.000575
1.684171 0.000574
1.692923 0.000573
1.701675 0.000572
1.710428 0.000570
1.719180 0.000569
1.727932 0.000568
1.736684 0.000567
1.745436 0.000566
1.754189 0.000565
1.762941 0.000564
1.771693 0.000563
1.780445 0.000562
1.789197 0.000561
1.797949 0.000560
1.806702 0.000559
1.815454 0.000558
1.824206 0.000557
1.832958 0.000556
1.841710 0.000556
1.850463 0.000555
1.859215 0.000554
1.867967 0.000553
1.876719 0.000553
1.885471 0.000552
1.894224 0.000551
1.902976 0.000551
1.911728 0.000550
1.920480 0.000550
1.929232 0.000549
1.937984 0.000549
1.946737 0.000548
1.955489 0.000548
1.964241 0.000548
1.972993 0.000547
1.981745 0.000547
1.990498 0.000547
1.999250 0.000546
2.008002 0.000546
2.016754 0.000546
2.025506 0.000546
2.034259 0.000546
2.043011 0.000546
2.051763 0.000546
2.060515 0.000546
2.069267 0.000546
2.078020 0.000546
2.086772 0.000547
2.095524 0.000547
2.104276 0.000547
2.113028 0.000548
2.121780 0.000548
2.130533 0.000548
2.139285 0.000549
2.148037 0.000549
2.156789 0.000550
2.165541 0.000551
2.174294 0.000552
2.183046 0.000552
2.191798 0.000553
2.200550 0.000554
2.209302 0.000555
2.218055 0.000556
2.226807 0.000557
2.235559 0.000559
2.244311 0.000560
2.253063 0.000561
2.261815 0.000563
2.270568 0.000565
2.279320 0.000566
2.288072 0.000568
2.296824 0.000570
2.305576 0.000572
2.314329 0.000574
2.323081 0.000576
2.331833 0.000578
2.340585 0.000581
2.349337 0.000583
2.358090 0.000586
2.366842 0.000589
2.375594 0.000592
2.384346 0.000595
2.393098 0.000598
2.401850 0.000601
2.410603 0.000605
2.419355 0.000608
2.428107 0.000612
2.436859 0.000616
2.445611 0.000621
2.454364 0.000625
2.463116 0.000630
2.471868 0.000634
2.480620 0.000639
2.489372 0.000645
2.498125 0.000650
2.506877 0.000656
2.515629 0.000662
2.524381 0.000668
2.533133 0.000675
2.541885 0.000681
2.550638 0.000689
2.559390 0.000696
2.568142 0.000704
2.576894 0.000711
2.585646 0.000720
2.594399 0.000728
2.603151 0.000737
2.611903 0.000746
2.620655 0.000756
2.629407 0.000766
2.638160 0.000776
2.646912 0.000787
2.655664 0.000798
2.664416 0.000809
2.673168 0.000821
2.681920 0.000834
2.690673 0.000846
2.699425 0.000859
2.708177 0.000873
2.716929 0.000887
2.725681 0.000902
2.734434 0.000917
2.743186 0.000932
2.751938 0.000949
2.760690 0.000965
2.769442 0.000983
2.778195 0.001001
2.786947 0.001019
2.795699 0.001039
2.804451 0.001059
2.813203 0.001080
2.821955 0.001102
2.830708 0.001124
2.839460 0.001148
2.848212 0.001173
2.856964 0.001198
2.865716 0.001225
2.874469 0.001252
2.883221 0.001281
2.891973 0.001311
2.900725 0.001342
2.909477 0.001374
2.918230 0.001408
2.926982 0.001443
2.935734 0.001479
2.944486 0.001516
2.953238 0.001555
2.961990 0.001594
2.970743 0.001635
2.979495 0.001677
2.988247 0.001720
2.996999 0.001765
3.005751 0.001810
3.014504 0.001856
3.023256 0.001902
3.032008 0.001950
3.040760 0.001998
3.049512 0.002046
3.058265 0.002094
3.067017 0.002143
3.075769 0.002191
3.084521 0.002240
3.093273 0.002287
3.102026 0.002335
3.110778 0.002381
3.119530 0.002427
3.128282 0.002471
3.137034 0.002514
3.145786 0.002556
3.154539 0.002596
3.163291 0.002635
3.172043 0.002671
3.180795 0.002706
3.189547 0.002738
3.198300 0.002769
3.207052 0.002796
3.215804 0.002822
3.224556 0.002845
3.233308 0.002866
3.242061 0.002883
3.250813 0.002899
3.259565 0.002911
3.268317 0.002921
3.277069 0.002927
3.285821 0.002931
3.294574 0.002932
3.303326 0.002931
3.312078 0.002926
3.320830 0.002918
3.329582 0.002908
3.338335 0.002894
3.347087 0.002878
3.355839 0.002858
3.364591 0.002836
3.373343 0.002811
3.382096 0.002784
3.390848 0.002753
3.399600 0.002720
3.408352 0.002685
3.417104 0.002648
3.425856 0.002608
3.434609 0.002566
3.443361 0.002522
3.452113 0.002477
3.460865 0.002429
3.469617 0.002381
3.478370 0.002331
3.487122 0.002280
3.495874 0.002228
3.504626 0.002176
3.513378 0.002123
3.522131 0.002070
3.530883 0.002017
3.539635 0.001964
3.548387 0.001911
3.557139 0.001859
3.565891 0.001807
3.574644 0.001756
3.583396 0.001705
3.592148 0.001656
3.600900 0.001607
3.609652 0.001560
3.618405 0.001514
3.627157 0.001469
3.635909 0.001426
3.644661 0.001384
3.653413 0.001343
3.662166 0.001303
3.670918 0.001265
3.679670 0.001228
3.688422 0.001193
3.697174 0.001159
3.705926 0.001126
3.714679 0.001095
3.723431 0.001065
3.732183 0.001036
3.740935 0.001009
3.749687 0.000982
3.758440 0.000957
3.767192 0.000933
3.775944 0.000909
3.784696 0.000887
3.793448 0.000866
3.802201 0.000846
3.810953 0.000826
3.819705 0.000808
3.828457 0.000790
3.837209 0.000773
3.845961 0.000757
3.854714 0.000741
3.863466 0.000726
3.872218 0.000712
3.880970 0.000698
3.889722 0.000685
3.898475 0.000672
3.907227 0.000660
3.915979 0.000648
3.924731 0.000637
3.933483 0.000626
3.942236 0.000616
3.950988 0.000606
3.959740 0.000596
3.968492 0.000587
3.977244 0.000578
3.985996 0.000569
3.994749 0.000561
4.003501 0.000553
4.012253 0.000545
4.021005 0.000538
4.029757 0.000531
4.038510 0.000524
4.047262 0.000517
4.056014 0.000510
4.064766 0.000504
4.073518 0.000498
4.082271 0.000492
4.091023 0.000486
4.099775 0.000481
4.108527 0.000475
4.117279 0.000470
4.126032 0.000465
4.134784 0.000460
4.143536 0.000455
4.152288 0.000451
4.161040 0.000446
4.169792 0.000442
4.178545 0.000438
4.187297 0.000434
4.196049 0.000430
4.204801 0.000426
4.213553 0.000422
4.222306 0.000418
4.231058 0.000415
4.239810 0.000411
4.248562 0.000408
4.257314 0.000404
4.266067 0.000401
4.274819 0.000398
4.283571 0.000395
4.292323 0.000392
4.301075 0.000389
4.309827 0.000386
4.318580 0.000383
4.327332 0.000380
4.336084 0.000377
4.344836 0.000375
4.353588 0.000372
4.362341 0.000370
4.371093 0.000367
4.379845 0.000365
4.388597 0.000363
4.397349 0.000360
4.406102 0.000358
4.414854 0.000356
4.423606 0.000354
4.432358 0.000351
4.441110 0.000349
4.449862 0.000347
4.458615 0.000345
4.467367 0.000343
4.476119 0.000341
4.484871 0.000340
4.493623 0.000338
4.502376 0.000336
4.511128 0.000334
4.519880 0.000332
4.528632 0.000331
4.537384 0.000329
4.546137 0.000327
4.554889 0.000326
4.563641 0.000324
4.572393 0.000322
4.581145 0.000321
4.589897 0.000319
4.598650 0.000318
4.607402 0.000316
4.616154 0.000315
4.624906 0.000314
4.633658 0.000312
4.642411 0.000311
4.651163 0.000309
4.659915 0.000308
4.668667 0.000307
4.677419 0.000306
4.686172 0.000304
4.694924 0.000303
4.703676 0.000302
4.712428 0.000301
4.721180 0.000299
4.729932 0.000298
4.738685 0.000297
4.747437 0.000296
4.756189 0.000295
4.764941 0.000294
4.773693 0.000293
4.782446 0.000292
4.791198 0.000291
4.799950 0.000290
4.808702 0.000289
4.817454 0.000288
4.826207 0.000287
4.834959 0.000286
4.843711 0.000285
4.852463 0.000284
4.861215 0.000283
4.869967 0.000282
4.878720 0.000281
4.887472 0.000280
4.896224 0.000279
4.904976 0.000278
4.913728 0.000277
4.922481 0.000276
4.931233 0.000276
4.939985 0.000275
4.948737 0.000274
4.957489 0.000273
4.966242 0.000272
4.974994 0.000271
4.983746 0.000271
4.992498 0.000270
5.001250 0.000269
5.010003 0.000268
5.018755 0.000268
5.027507 0.000267
5.036259 0.000266
5.045011 0.000265
5.053763 0.000265
5.062516 0.000264
5.071268 0.000263
5.080020 0.000263
5.088772 0.000262
5.097524 0.000261
5.106277 0.000261
5.115029 0.000260
5.123781 0.000259
5.132533 0.000259
5.141285 0.000258
5.150038 0.000257
5.158790 0.000257
5.167542 0.000256
5.176294 0.000256
5.185046 0.000255
5.193798 0.000254
5.202551 0.000254
5.211303 0.000253
5.220055 0.000253
5.228807 0.000252
5.237559 0.000252
5.246312 0.000251
5.255064 0.000251
5.263816 0.000250
5.272568 0.000249
5.281320 0.000249
5.290073 0.000248
5.298825 0.000248
5.307577 0.000247
5.316329 0.000247
5.325081 0.000246
5.333833 0.000246
5.342586 0.000245
5.351338 0.000245
5.360090 0.000244
5.368842 0.000244
5.377594 0.000243
5.386347 0.000243
5.395099 0.000243
5.403851 0.000242
5.412603 0.000242
5.421355 0.000241
5.430108 0.000241
5.438860 0.000240
5.447612 0.000240
5.456364 0.000239
5.465116 0.000239
5.473868 0.000239
5.482621 0.000238
5.491373 0.000238
5.500125 0.000237
5.508877 0.000237
5.517629 0.000237
5.526382 0.000236
5.535134 0.000236
5.543886 0.000235
5.552638 0.000235
5.561390 0.000235
5.570143 0.000234
5.578895 0.000234
5.587647 0.000233
5.596399 0.000233
5.605151 0.000233
5.613903 0.000232
5.622656 0.000232
5.631408 0.000232
5.640160 0.000231
5.648912 0.000231
5.657664 0.000231
5.666417 0.000230
5.675169 0.000230
5.683921 0.000230
5.692673 0.000229
5.701425 0.000229
5.710178 0.000229
5.718930 0.000228
5.727682 0.000228
5.736434 0.000228
5.745186 0.000227
5.753938 0.000227
5.762691 0.000227
5.771443 0.000227
5.780195 0.000226
5.788947 0.000226
5.797699 0.000226
5.806452 0.000225
5.815204 0.000225
5.823956 0.000225
5.832708 0.000225
5.841460 0.000224
5.850213 0.000224
5.858965 0.000224
5.867717 0.000223
5.876469 0.000223
5.885221 0.000223
5.893973 0.000223
5.902726 0.000222
5.911478 0.000222
5.920230 0.000222
5.928982 0.000222
5.937734 0.000221
5.946487 0.000221
5.955239 0.000221
5.963991 0.000221
5.972743 0.000221
5.981495 0.000220
5.990248 0.000220
5.999000 0.000220
6.007752 0.000220
6.016504 0.000219
6.025256 0.000219
6.034009 0.000219
6.042761 0.000219
6.051513 0.000219
6.060265 0.000218
6.069017 0.000218
6.077769 0.000218
6.086522 0.000218
6.095274 0.000217
6.104026 0.000217
6.112778 0.000217
6.121530 0.000217
6.130283 0.000217
6.139035 0.000217
6.147787 0.000216
6.156539 0.000216
6.165291 0.000216
6.174044 0.000216
6.182796 0.000216
6.191548 0.000215
6.200300 0.000215
6.209052 0.000215
6.217804 0.000215
6.226557 0.000215
6.235309 0.000215
6.244061 0.000214
6.252813 0.000214
6.261565 0.000214
6.270318 0.000214
6.279070 0.000214
6.287822 0.000214
6.296574 0.000214
6.305326 0.000213
6.314079 0.000213
6.322831 0.000213
6.331583 0.000213
6.340335 0.000213
6.349087 0.000213
6.357839 0.000213
6.366592 0.000212
6.375344 0.000212
6.384096 0.000212
6.392848 0.000212
6.401600 0.000212
6.410353 0.000212
6.419105 0.000212
6.427857 0.000212
6.436609 0.000211
6.445361 0.000211
6.454114 0.000211
6.462866 0.000211
6.471618 0.000211
6.480370 0.000211
6.489122 0.000211
6.497874 0.000211
6.506627 0.000211
6.515379 0.000210
6.524131 0.000210
6.532883 0.000210
6.541635 0.000210
6.550388 0.000210
6.559140 0.000210
6.567892 0.000210
6.576644 0.000210
6.585396 0.000210
6.594149 0.000210
6.602901 0.000209
6.611653 0.000209
6.620405 0.000209
6.629157 0.000209
6.637909 0.000209
6.646662 0.000209
6.655414 0.000209
6.664166 0.000209
6.672918 0.000209
6.681670 0.000209
6.690423 0.000209
6.699175 0.000209
6.707927 0.000209
6.716679 0.000209
6.725431 0.000209
6.734184 0.000208
6.742936 0.000208
6.751688 0.000208
6.760440 0.000208
6.769192 0.000208
6.777944 0.000208
6.786697 0.000208
6.795449 0.000208
6.804201 0.000208
6.812953 0.000208
6.821705 0.000208
6.830458 0.000208
6.839210 0.000208
6.847962 0.000208
6.856714 0.000208
6.865466 0.000208
6.874219 0.000208
6.882971 0.000208
6.891723 0.000208
6.900475 0.000208
6.909227 0.000208
6.917979 0.000208
6.926732 0.000208
6.935484 0.000208
6.944236 0.000208
6.952988 0.000208
6.961740 0.000208
6.970493 0.000208
6.979245 0.000208
6.987997 0.000208
6.996749 0.000208
7.005501 0.000208
7.014254 0.000208
7.023006 0.000208
7.031758 0.000208
7.040510 0.000208
7.049262 0.000208
7.058015 0.000208
7.066767 0.000208
7.075519 0.000208
7.084271 0.000208
7.093023 0.000208
7.101775 0.000208
7.110528 0.000208
7.119280 0.000208
7.128032 0.000208
7.136784 0.000208
7.145536 0.000208
7.154289 0.000208
7.163041 0.000208
7.171793 0.000208
7.180545 0.000208
7.189297 0.000208
7.198050 0.000208
7.206802 0.000208
7.215554 0.000208
7.224306 0.000208
7.233058 0.000208
7.241810 0.000208
7.250563 0.000208
7.259315 0.000208
7.268067 0.000208
7.276819 0.000208
7.285571 0.000208
7.294324 0.000208
7.303076 0.000209
7.311828 0.000209
7.320580 0.000209
7.329332 0.000209
7.338085 0.000209
7.346837 0.000209
7.355589 0.000209
7.364341 0.000209
7.373093 0.000209
7.381845 0.000209
7.390598 0.000209
7.399350 0.000209
7.408102 0.000209
7.416854 0.000209
7.425606 0.000209
7.434359 0.000210
7.443111 0.000210
7.451863 0.000210
7.460615 0.000210
7.469367 0.000210
7.478120 0.000210
7.486872 0.000210
7.495624 0.000210
7.504376 0.000210
7.513128 0.000210
7.521880 0.000210
7.530633 0.000211
7.539385 0.000211
7.548137 0.000211
7.556889 0.000211
7.565641 0.000211
7.574394 0.000211
7.583146 0.000211
7.591898 0.000211
7.600650 0.000211
7.609402 0.000212
7.618155 0.000212
7.626907 0.000212
7.635659 0.000212
7.644411 0.000212
7.653163 0.000212
7.661915 0.000212
7.670668 0.000212
7.679420 0.000213
7.688172 0.000213
7.696924 0.000213
7.705676 0.000213
7.714429 0.000213
7.723181 0.000213
7.731933 0.000213
7.740685 0.000214
7.749437 0.000214
7.758190 0.000214
7.766942 0.000214
7.775694 0.000214
7.784446 0.000214
7.793198 0.000214
7.801950 0.000215
7.810703 0.000215
7.819455 0.000215
7.828207 0.000215
7.836959 0.000215
7.845711 0.000215
7.854464 0.000216
7.863216 0.000216
7.871968 0.000216
7.880720 0.000216
7.889472 0.000216
7.898225 0.000216
7.906977 0.000217
7.915729 0.000217
7.924481 0.000217
7.933233 0.000217
7.941985 0.000217
7.950738 0.000218
7.959490 0.000218
7.968242 0.000218
7.976994 0.000218
7.985746 0.000218
7.994499 0.000219
8.003251 0.000219
8.012003 0.000219
8.020755 0.000219
8.029507 0.000219
8.038260 0.000220
8.047012 0.000220
8.055764 0.000220
8.064516 0.000220
8.073268 0.000221
8.082021 0.000221
8.090773 0.000221
8.099525 0.000221
8.108277 0.000221
8.117029 0.000222
8.125781 0.000222
8.134534 0.000222
8.143286 0.000222
8.152038 0.000223
8.160790 0.000223
8.169542 0.000223
8.178295 0.000223
8.187047 0.000224
8.195799 0.000224
8.204551 0.000224
8.213303 0.000224
8.222056 0.000225
8.230808 0.000225
8.239560 0.000225
8.248312 0.000225
8.257064 0.000226
8.265816 0.000226
8.274569 0.000226
8.283321 0.000227
8.292073 0.000227
8.300825 0.000227
8.309577 0.000227
8.318330 0.000228
8.327082 0.000228
8.335834 0.000228
8.344586 0.000229
8.353338 0.000229
8.362091 0.000229
8.370843 0.000229
8.379595 0.000230
8.388347 0.000230
8.397099 0.000230
8.405851 0.000231
8.414604 0.000231
8.423356 0.000231
8.432108 0.000232
8.440860 0.000232
8.449612 0.000232
8.458365 0.000233
8.467117 0.000233
8.475869 0.000233
8.484621 0.000234
8.493373 0.000234
8.502126 0.000234
8.510878 0.000235
8.519630 0.000235
8.528382 0.000235
8.537134 0.000236
8.545886 0.000236
8.554639 0.000236
8.563391 0.000237
8.572143 0.000237
8.580895 0.000237
8.589647 0.000238
8.598400 0.000238
8.607152 0.000239
8.615904 0.000239
8.624656 0.000239
8.633408 0.000240
8.642161 0.000240
8.650913 0.000241
8.659665 0.000241
8.668417 0.000241
8.677169 0.000242
8.685921 0.000242
8.694674 0.000243
8.703426 0.000243
8.712178 0.000243
8.720930 0.000244
8.729682 0.000244
8.738435 0.000245
8.747187 0.000245
8.755939 0.000245
8.764691 0.000246
8.773443 0.000246
8.782196 0.000247
8.790948 0.000247
8.799700 0.000248
8.808452 0.000248
8.817204 0.000249
8.825956 0.000249
8.834709 0.000249
8.843461 0.000250
8.852213 0.000250
8.860965 0.000251
8.869717 0.000251
8.878470 0.000252
8.887222 0.000252
8.895974 0.000253
8.904726 0.000253
8.913478 0.000254
8.922231 0.000254
8.930983 0.000255
8.939735 0.000255
8.948487 0.000256
8.957239 0.000256
8.965991 0.000257
8.974744 0.000257
8.983496 0.000258
8.992248 0.000258
9.001000 0.000259
9.009752 0.000259
9.018505 0.000260
9.027257 0.000260
9.036009 0.000261
9.044761 0.000261
9.053513 0.000262
9.062266 0.000263
9.071018 0.000263
9.079770 0.000264
9.088522 0.000264
9.097274 0.000265
9.106027 0.000265
9.114779 0.000266
9.123531 0.000267
9.132283 0.000267
9.141035 0.000268
9.149787 0.000268
9.158540 0.000269
9.167292 0.000270
9.176044 0.000270
9.184796 0.000271
9.193548 0.000271
9.202301 0.000272
9.211053 0.000273
9.219805 0.000273
9.228557 0.000274
9.237309 0.000275
9.246062 0.000275
9.254814 0.000276
9.263566 0.000276
9.272318 0.000277
9.281070 0.000278
9.289822 0.000278
9.298575 0.000279
9.307327 0.000280
9.316079 0.000280
9.324831 0.000281
9.333583 0.000282
9.342336 0.000283
9.351088 0.000283
9.359840 0.000284
9.368592 0.000285
9.377344 0.000285
9.386097 0.000286
9.394849 0.000287
9.403601 0.000288
9.412353 0.000288
9.421105 0.000289
9.429857 0.000290
9.438610 0.000291
9.447362 0.000291
9.456114 0.000292
9.464866 0.000293
9.473618 0.000294
9.482371 0.000294
9.491123 0.000295
9.499875 0.000296
9.508627 0.000297
9.517379 0.000298
9.526132 0.000298
9.534884 0.000299
9.543636 0.000300
9.552388 0.000301
9.561140 0.000302
9.569892 0.000303
9.578645 0.000303
9.587397 0.000304
9.596149 0.000305
9.604901 0.000306
9.613653 0.000307
9.622406 0.000308
9.631158 0.000309
9.639910 0.000309
9.648662 0.000310
9.657414 0.000311
9.666167 0.000312
9.674919 0.000313
9.683671 0.000314
9.692423 0.000315
9.701175 0.000316
9.709927 0.000317
9.718680 0.000318
9.727432 0.000319
9.736184 0.000320
9.744936 0.000321
9.753688 0.000322
9.762441 0.000323
9.771193 0.000324
9.779945 0.000325
9.788697 0.000326
9.797449 0.000327
9.806202 0.000328
9.814954 0.000329
9.823706 0.000330
9.832458 0.000331
9.841210 0.000332
9.849962 0.000333
9.858715 0.000334
9.867467 0.000335
9.876219 0.000336
9.884971 0.000337
9.893723 0.000338
9.902476 0.000339
9.911228 0.000341
9.919980 0.000342
9.928732 0.000343
9.937484 0.000344
9.946237 0.000345
9.954989 0.000346
9.963741 0.000347
9.972493 0.000349
9.981245 0.000350
9.989997 0.000351
9.998750 0.000352
10.007502 0.000353
10.016254 0.000355
10.025006 0.000356
10.033758 0.000357
10.042511 0.000358
10.051263 0.000360
10.060015 0.000361
10.068767 0.000362
10.077519 0.000364
10.086272 0.000365
10.095024 0.000366
10.103776 0.000368
10.112528 0.000369
10.121280 0.000370
10.130033 0.000372
10.138785 0.000373
10.147537 0.000374
10.156289 0.000376
10.165041 0.000377
10.173793 0.000379
10.182546 0.000380
10.191298 0.000381
10.200050 0.000383
10.208802 0.000384
10.217554 0.000386
10.226307 0.000387
10.235059 0.000389
10.243811 0.000390
10.252563 0.000392
10.261315 0.000393
10.270068 0.000395
10.278820 0.000396
10.287572 0.000398
10.296324 0.000400
10.305076 0.000401
10.313828 0.000403
10.322581 0.000404
10.331333 0.000406
10.340085 0.000408
10.348837 0.000409
10.357589 0.000411
10.366342 0.000413
10.375094 0.000414
10.383846 0.000416
10.392598 0.000418
10.401350 0.000420
10.410103 0.000421
10.418855 0.000423
10.427607 0.000425
10.436359 0.000427
10.445111 0.000429
10.453863 0.000430
10.462616 0.000432
10.471368 0.000434
10.480120 0.000436
10.488872 0.000438
10.497624 0.000440
10.506377 0.000442
10.515129 0.000444
10.523881 0.000446
10.532633 0.000448
10.541385 0.000450
10.550138 0.000452
10.558890 0.000454
10.567642 0.000456
10.576394 0.000458
10.585146 0.000460
10.593898 0.000462
10.602651 0.000464
10.611403 0.000466
10.620155 0.000469
10.628907 0.000471
10.637659 0.000473
10.646412 0.000475
10.655164 0.000477
10.663916 0.000480
10.672668 0.000482
10.681420 0.000484
10.690173 0.000487
10.698925 0.000489
10.707677 0.000491
10.716429 0.000494
10.725181 0.000496
10.733933 0.000499
10.742686 0.000501
10.751438 0.000504
10.760190 0.000506
10.768942 0.000509
10.777694 0.000511
10.786447 0.000514
10.795199 0.000516
10.803951 0.000519
10.812703 0.000522
10.821455 0.000524
10.830208 0.000527
10.838960 0.000530
10.847712 0.000532
10.856464 0.000535
10.865216 0.000538
10.873968 0.000541
10.882721 0.000544
10.891473 0.000547
10.900225 0.000550
10.908977 0.000552
10.917729 0.000555
10.926482 0.000558
10.935234 0.000562
10.943986 0.000565
10.952738 0.000568
10.961490 0.000571
10.970243 0.000574
10.978995 0.000577
10.987747 0.000580
10.996499 0.000584
11.005251 0.000587
11.014004 0.000590
11.022756 0.000594
11.031508 0.000597
11.040260 0.000600
11.049012 0.000604
11.057764 0.000607
11.066517 0.000611
11.075269 0.000614
11.084021 0.000618
11.092773 0.000622
11.101525 0.000625
11.110278 0.000629
11.119030 0.000633
11.127782 0.000637
11.136534 0.000640
11.145286 0.000644
11.154039 0.000648
11.162791 0.000652
11.171543 0.000656
11.180295 0.000660
11.189047 0.000664
11.197799 0.000668
11.206552 0.000673
11.215304 0.000677
11.224056 0.000681
11.232808 0.000685
11.241560 0.000690
11.250313 0.000694
11.259065 0.000699
11.267817 0.000703
11.276569 0.000708
11.285321 0.000712
11.294074 0.000717
11.302826 0.000722
11.311578 0.000726
11.320330 0.000731
11.329082 0.000736
11.337834 0.000741
11.346587 0.000746
11.355339 0.000751
11.364091 0.000756
11.372843 0.000761
11.381595 0.000767
11.390348 0.000772
11.399100 0.000777
11.407852 0.000783
11.416604 0.000788
11.425356 0.000794
11.434109 0.000799
11.442861 0.000805
11.451613 0.000811
11.460365 0.000817
11.469117 0.000823
11.477869 0.000829
11.486622 0.000835
11.495374 0.000841
11.504126 0.000847
11.512878 0.000853
11.521630 0.000860
11.530383 0.000866
11.539135 0.000873
11.547887 0.000879
11.556639 0.000886
11.565391 0.000893
11.574144 0.000899
11.582896 0.000906
11.591648 0.000913
11.600400 0.000921
11.609152 0.000928
11.617904 0.000935
11.626657 0.000943
11.635409 0.000950
11.644161 0.000958
11.652913 0.000965
11.661665 0.000973
11.670418 0.000981
11.679170 0.000989
11.687922 0.000997
11.696674 0.001006
11.705426 0.001014
11.714179 0.001022
11.722931 0.001031
11.731683 0.001040
11.740435 0.001049
11.749187 0.001058
11.757939 0.001067
11.766692 0.001076
11.775444 0.001085
11.784196 0.001095
11.792948 0.001105
11.801700 0.001114
11.810453 0.001124
11.819205 0.001134
11.827957 0.001145
11.836709 0.001155
11.845461 0.001166
11.854214 0.001176
11.862966 0.001187
11.871718 0.001198
11.880470 0.001210
11.889222 0.001221
11.897974 0.001232
11.906727 0.001244
11.915479 0.001256
11.924231 0.001268
11.932983 0.001281
11.941735 0.001293
11.950488 0.001306
11.959240 0.001319
11.967992 0.001332
11.976744 0.001345
11.985496 0.001359
11.994249 0.001373
12.003001 0.001387
12.011753 0.001401
12.020505 0.001415
12.029257 0.001430
12.038010 0.001445
12.046762 0.001460
12.055514 0.001476
12.064266 0.001492
12.073018 0.001508
12.081770 0.001524
12.090523 0.001541
12.099275 0.001558
12.108027 0.001575
12.116779 0.001593
12.125531 0.001610
12.134284 0.001629
12.143036 0.001647
12.151788 0.001666
12.160540 0.001685
12.169292 0.001705
12.178045 0.001725
12.186797 0.001745
12.195549 0.001766
12.204301 0.001787
12.213053 0.001809
12.221805 0.001831
12.230558 0.001853
12.239310 0.001876
12.248062 0.001900
12.256814 0.001924
12.265566 0.001948
12.274319 0.001973
12.283071 0.001998
12.291823 0.002024
12.300575 0.002050
12.309327 0.002077
12.318080 0.002105
12.326832 0.002133
12.335584 0.002162
12.344336 0.002191
12.353088 0.002221
12.361840 0.002252
12.370593 0.002283
12.379345 0.002316
12.388097 0.002348
12.396849 0.002382
12.405601 0.002416
12.414354 0.002452
12.423106 0.002488
12.431858 0.002525
12.440610 0.002562
12.449362 0.002601
12.458115 0.002641
12.466867 0.002681
12.475619 0.002723
12.484371 0.002766
12.493123 0.002809
12.501875 0.002854
12.510628 0.002900
12.519380 0.002947
12.528132 0.002996
12.536884 0.003046
12.545636 0.003097
12.554389 0.003149
12.563141 0.003203
12.571893 0.003258
12.580645 0.003315
12.589397 0.003374
12.598150 0.003434
12.606902 0.003496
12.615654 0.003560
12.624406 0.003625
12.633158 0.003693
12.641910 0.003762
12.650663 0.003834
12.659415 0.003908
12.668167 0.003984
12.676919 0.004063
12.685671 0.004143
12.694424 0.004227
12.703176 0.004313
12.711928 0.004402
12.720680 0.004494
12.729432 0.004589
12.738185 0.004688
12.746937 0.004789
12.755689 0.004894
12.764441 0.005003
12.773193 0.005116
12.781945 0.005232
12.790698 0.005353
12.799450 0.005478
12.808202 0.005608
12.816954 0.005743
12.825706 0.005882
12.834459 0.006027
12.843211 0.006178
12.851963 0.006335
12.860715 0.006498
12.869467 0.006667
12.878220 0.006843
12.886972 0.007026
12.895724 0.007217
12.904476 0.007416
12.913228 0.007624
12.921980 0.007840
12.930733 0.008065
12.939485 0.008300
12.948237 0.008546
12.956989 0.008803
12.965741 0.009071
12.974494 0.009351
12.983246 0.009644
12.991998 0.009950
13.000750 0.010270
13.009502 0.010605
13.018255 0.010956
13.027007 0.011323
13.035759 0.011707
13.044511 0.012109
13.053263 0.012530
13.062016 0.012971
13.070768 0.013432
13.079520 0.013914
13.088272 0.014418
13.097024 0.014946
13.105776 0.015497
13.114529 0.016072
13.123281 0.016673
13.132033 0.017300
13.140785 0.017952
13.149537 0.018631
13.158290 0.019338
13.167042 0.020071
13.175794 0.020831
13.184546 0.021618
13.193298 0.022431
13.202051 0.023269
13.210803 0.024132
13.219555 0.025019
13.228307 0.025927
13.237059 0.026856
13.245811 0.027802
13.254564 0.028764
13.263316 0.029739
13.272068 0.030724
13.280820 0.031714
13.289572 0.032707
13.298325 0.033698
13.307077 0.034684
13.315829 0.035659
13.324581 0.036619
13.333333 0.037559
13.342086 0.038474
13.350838 0.039358
13.359590 0.040208
13.368342 0.041017
13.377094 0.041780
13.385846 0.042494
13.394599 0.043153
13.403351 0.043753
13.412103 0.044291
13.420855 0.044762
13.429607 0.045163
13.438360 0.045492
13.447112 0.045747
13.455864 0.045926
13.464616 0.046029
13.473368 0.046054
13.482121 0.046002
13.490873 0.045875
13.499625 0.045672
13.508377 0.045396
13.517129 0.045050
13.525881 0.044635
13.534634 0.044157
13.543386 0.043618
13.552138 0.043022
13.560890 0.042374
13.569642 0.041678
13.578395 0.040939
13.587147 0.040162
13.595899 0.039353
13.604651 0.038515
13.613403 0.037654
13.622156 0.036775
13.630908 0.035882
13.639660 0.034980
13.648412 0.034074
13.657164 0.033167
13.665916 0.032264
13.674669 0.031367
13.683421 0.030482
13.692173 0.029609
13.700925 0.028753
13.709677 0.027915
13.718430 0.027098
13.727182 0.026304
13.735934 0.025534
13.744686 0.024789
13.753438 0.024071
13.762191 0.023380
13.770943 0.022718
13.779695 0.022084
13.788447 0.021479
13.797199 0.020902
13.805951 0.020355
13.814704 0.019836
13.823456 0.019345
13.832208 0.018883
13.840960 0.018448
13.849712 0.018040
13.858465 0.017659
13.867217 0.017304
13.875969 0.016975
13.884721 0.016671
13.893473 0.016391
13.902226 0.016135
13.910978 0.015903
13.919730 0.015693
13.928482 0.015506
13.937234 0.015341
13.945986 0.015198
13.954739 0.015076
13.963491 0.014975
13.972243 0.014895
13.980995 0.014835
13.989747 0.014796
13.998500 0.014778
14.007252 0.014779
14.016004 0.014801
14.024756 0.014843
14.033508 0.014906
14.042261 0.014989
14.051013 0.015094
14.059765 0.015220
14.068517 0.015367
14.077269 0.015536
14.086022 0.015728
14.094774 0.015942
14.103526 0.016180
14.112278 0.016442
14.121030 0.016729
14.129782 0.017041
14.138535 0.017378
14.147287 0.017742
14.156039 0.018133
14.164791 0.018552
14.173543 0.018999
14.182296 0.019475
14.191048 0.019980
14.199800 0.020515
14.208552 0.021079
14.217304 0.021675
14.226057 0.022300
14.234809 0.022955
14.243561 0.023640
14.252313 0.024355
14.261065 0.025098
14.269817 0.025868
14.278570 0.026665
14.287322 0.027486
14.296074 0.028330
14.304826 0.029194
14.313578 0.030075
14.322331 0.030971
14.331083 0.031878
14.339835 0.032793
14.348587 0.033711
14.357339 0.034627
14.366092 0.035538
14.374844 0.036438
14.383596 0.037321
14.392348 0.038183
14.401100 0.039017
14.409852 0.039818
14.418605 0.040581
14.427357 0.041299
14.436109 0.041967
14.444861 0.042580
14.453613 0.043133
14.462366 0.043621
14.471118 0.044040
14.479870 0.044386
14.488622 0.044657
14.497374 0.044849
14.506127 0.044961
14.514879 0.044991
14.523631 0.044939
14.532383 0.044805
14.541135 0.044591
14.549887 0.044296
14.558640 0.043925
14.567392 0.043479
14.576144 0.042962
14.584896 0.042378
14.593648 0.041732
14.602401 0.041028
14.611153 0.040271
14.619905 0.039467
14.628657 0.038621
14.637409 0.037739
14.646162 0.036826
14.654914 0.035889
14.663666 0.034932
14.672418 0.033961
14.681170 0.032981
14.689922 0.031997
14.698675 0.031014
14.707427 0.030034
14.716179 0.029064
14.724931 0.028105
14.733683 0.027161
14.742436 0.026235
14.751188 0.025329
14.759940 0.024445
14.768692 0.023585
14.777444 0.022750
14.786197 0.021942
14.794949 0.021160
14.803701 0.020407
14.812453 0.019681
14.821205 0.018983
14.829957 0.018313
14.838710 0.017671
14.847462 0.017056
14.856214 0.016468
14.864966 0.015906
14.873718 0.015369
14.882471 0.014858
14.891223 0.014370
14.899975 0.013906
14.908727 0.013463
14.917479 0.013043
14.926232 0.012643
14.934984 0.012263
14.943736 0.011902
14.952488 0.011560
14.961240 0.011235
14.969992 0.010927
14.978745 0.010635
14.987497 0.010358
14.996249 0.010097
15.005001 0.009849
15.013753 0.009615
15.022506 0.009394
15.031258 0.009186
15.040010 0.008989
15.048762 0.008805
15.057514 0.008631
15.066267 0.008468
15.075019 0.008315
15.083771 0.008173
15.092523 0.008039
15.101275 0.007916
15.110028 0.007801
15.118780 0.007694
15.127532 0.007596
15.136284 0.007506
15.145036 0.007424
15.153788 0.007349
15.162541 0.007281
15.171293 0.007219
15.180045 0.007165
15.188797 0.007116
15.197549 0.007073
15.206302 0.007035
15.215054 0.007002
15.223806 0.006974
15.232558 0.006950
15.241310 0.006930
15.250063 0.006913
15.258815 0.006898
15.267567 0.006887
15.276319 0.006877
15.285071 0.006868
15.293823 0.006860
15.302576 0.006853
15.311328 0.006845
15.320080 0.006836
15.328832 0.006827
15.337584 0.006815
15.346337 0.006802
15.355089 0.006786
15.363841 0.006767
15.372593 0.006745
15.381345 0.006718
15.390098 0.006688
15.398850 0.006654
15.407602 0.006615
15.416354 0.006571
15.425106 0.006523
15.433858 0.006469
15.442611 0.006411
15.451363 0.006348
15.460115 0.006280
15.468867 0.006208
15.477619 0.006131
15.486372 0.006050
15.495124 0.005965
15.503876 0.005876
15.512628 0.005784
15.521380 0.005689
15.530133 0.005592
15.538885 0.005492
15.547637 0.005390
15.556389 0.005287
15.565141 0.005183
15.573893 0.005078
15.582646 0.004972
15.591398 0.004867
15.600150 0.004762
15.608902 0.004658
15.617654 0.004554
15.626407 0.004452
15.635159 0.004352
15.643911 0.004253
15.652663 0.004156
15.661415 0.004062
15.670168 0.003970
15.678920 0.003880
15.687672 0.003792
15.696424 0.003708
15.705176 0.003626
15.713928 0.003547
15.722681 0.003470
15.731433 0.003397
15.740185 0.003326
15.748937 0.003258
15.757689 0.003192
15.766442 0.003130
15.775194 0.003070
15.783946 0.003012
15.792698 0.002958
15.801450 0.002905
15.810203 0.002855
15.818955 0.002808
15.827707 0.002762
15.836459 0.002719
15.845211 0.002678
15.853963 0.002639
15.862716 0.002601
15.871468 0.002566
15.880220 0.002532
15.888972 0.002499
15.897724 0.002468
15.906477 0.002439
15.915229 0.002411
15.923981 0.002384
15.932733 0.002358
15.941485 0.002333
15.950238 0.002309
15.958990 0.002286
15.967742 0.002263
15.976494 0.002241
15.985246 0.002220
15.993998 0.002199
16.002751 0.002178
16.011503 0.002158
16.020255 0.002138
16.029007 0.002118
16.037759 0.002098
16.046512 0.002078
16.055264 0.002058
16.064016 0.002039
16.072768 0.002019
16.081520 0.001999
16.090273 0.001978
16.099025 0.001958
16.107777 0.001938
16.116529 0.001917
16.125281 0.001897
16.134034 0.001876
16.142786 0.001855
16.151538 0.001834
16.160290 0.001813
16.169042 0.001793
16.177794 0.001772
16.186547 0.001751
16.195299 0.001731
16.204051 0.001710
16.212803 0.001690
16.221555 0.001670
16.230308 0.001651
16.239060 0.001631
16.247812 0.001612
16.256564 0.001594
16.265316 0.001576
16.274069 0.001558
16.282821 0.001541
16.291573 0.001524
16.300325 0.001508
16.309077 0.001493
16.317829 0.001478
16.326582 0.001464
16.335334 0.001450
16.344086 0.001437
16.352838 0.001425
16.361590 0.001413
16.370343 0.001402
16.379095 0.001391
16.387847 0.001382
16.396599 0.001373
16.405351 0.001364
16.414104 0.001356
16.422856 0.001349
16.431608 0.001343
16.440360 0.001337
16.449112 0.001332
16.457864 0.001327
16.466617 0.001323
16.475369 0.001320
16.484121 0.001317
16.492873 0.001315
16.501625 0.001313
16.510378 0.001311
16.519130 0.001310
16.527882 0.001309
16.536634 0.001308
16.545386 0.001308
16.554139 0.001307
16.562891 0.001307
16.571643 0.001307
16.580395 0.001306
16.589147 0.001306
16.597899 0.001305
16.606652 0.001304
16.615404 0.001303
16.624156 0.001301
16.632908 0.001299
16.641660 0.001297
16.650413 0.001294
16.659165 0.001290
16.667917 0.001286
16.676669 0.001281
16.685421 0.001275
16.694174 0.001268
16.702926 0.001261
16.711678 0.001253
16.720430 0.001245
16.729182 0.001235
16.737934 0.001225
16.746687 0.001215
16.755439 0.001203
16.764191 0.001191
16.772943 0.001178
16.781695 0.001165
16.790448 0.001152
16.799200 0.001138
16.807952 0.001123
16.816704 0.001108
16.825456 0.001093
16.834209 0.001078
16.842961 0.001063
16.851713 0.001047
16.860465 0.001032
16.869217 0.001016
16.877969 0.001001
16.886722 0.000985
16.895474 0.000970
16.904226 0.000955
16.912978 0.000940
16.921730 0.000926
16.930483 0.000911
16.939235 0.000897
16.947987 0.000883
16.956739 0.000870
16.965491 0.000857
16.974244 0.000844
16.982996 0.000831
16.991748 0.000819
17.000500 0.000807
17.009252 0.000796
17.018005 0.000785
17.026757 0.000774
17.035509 0.000764
17.044261 0.000754
17.053013 0.000744
17.061765 0.000734
17.070518 0.000725
17.079270 0.000716
17.088022 0.000707
17.096774 0.000699
17.105526 0.000691
17.114279 0.000683
17.123031 0.000675
17.131783 0.000668
17.140535 0.000661
17.149287 0.000654
17.158040 0.000647
17.166792 0.000640
17.175544 0.000634
17.184296 0.000627
17.193048 0.000621
17.201800 0.000615
17.210553 0.000610
17.219305 0.000604
17.228057 0.000598
17.236809 0.000593
17.245561 0.000588
17.254314 0.000583
17.263066 0.000578
17.271818 0.000573
17.280570 0.000568
17.289322 0.000563
17.298075 0.000559
17.306827 0.000554
17.315579 0.000550
17.324331 0.000545
17.333083 0.000541
17.341835 0.000537
17.350588 0.000533
17.359340 0.000529
17.368092 0.000525
17.376844 0.000521
17.385596 0.000517
17.394349 0.000514
17.403101 0.000510
17.411853 0.000506
17.420605 0.000503
17.429357 0.000499
17.438110 0.000496
17.446862 0.000493
17.455614 0.000489
17.464366 0.000486
17.473118 0.000483
17.481870 0.000480
17.490623 0.000477
17.499375 0.000473
17.508127 0.000470
17.516879 0.000467
17.525631 0.000465
17.534384 0.000462
17.543136 0.000459
17.551888 0.000456
17.560640 0.000453
17.569392 0.000450
17.578145 0.000448
17.586897 0.000445
17.595649 0.000442
17.604401 0.000440
17.613153 0.000437
17.621905 0.000435
17.630658 0.000432
17.639410 0.000430
17.648162 0.000427
17.656914 0.000425
17.665666 0.000422
17.674419 0.000420
17.683171 0.000418
17.691923 0.000415
17.700675 0.000413
17.709427 0.000411
17.718180 0.000409
17.726932 0.000406
17.735684 0.000404
17.744436 0.000402
17.753188 0.000400
17.761940 0.000398
17.770693 0.000396
17.779445 0.000394
17.788197 0.000392
17.796949 0.000390
17.805701 0.000388
17.814454 0.000386
17.823206 0.000384
17.831958 0.000382
17.840710 0.000380
17.849462 0.000378
17.858215 0.000376
17.866967 0.000374
17.875719 0.000372
17.884471 0.000370
17.893223 0.000369
17.901975 0.000367
17.910728 0.000365
17.919480 0.000363
17.928232 0.000362
17.936984 0.000360
17.945736 0.000358
17.954489 0.000357
17.963241 0.000355
17.971993 0.000353
17.980745 0.000352
17.989497 0.000350
17.998250 0.000348
18.007002 0.000347
18.015754 0.000345
18.024506 0.000344
18.033258 0.000342
18.042011 0.000340
18.050763 0.000339
18.059515 0.000337
18.068267 0.000336
18.077019 0.000334
18.085771 0.000333
18.094524 0.000332
18.103276 0.000330
18.112028 0.000329
18.120780 0.000327
18.129532 0.000326
18.138285 0.000324
18.147037 0.000323
18.155789 0.000322
18.164541 0.000320
18.173293 0.000319
18.182046 0.000318
18.190798 0.000316
18.199550 0.000315
18.208302 0.000314
18.217054 0.000313
18.225806 0.000311
18.234559 0.000310
18.243311 0.000309
18.252063 0.000307
18.260815 0.000306
18.269567 0.000305
18.278320 0.000304
18.287072 0.000303
18.295824 0.000301
18.304576 0.000300
18.313328 0.000299
18.322081 0.000298
18.330833 0.000297
18.339585 0.000296
18.348337 0.000295
18.357089 0.000293
18.365841 0.000292
18.374594 0.000291
18.383346 0.000290
18.392098 0.000289
18.400850 0.000288
18.409602 0.000287
18.418355 0.000286
18.427107 0.000285
18.435859 0.000284
18.444611 0.000283
18.453363 0.000282
18.462116 0.000281
18.470868 0.000280
18.479620 0.000279
18.488372 0.000278
18.497124 0.000277
18.505876 0.000276
18.514629 0.000275
18.523381 0.000274
18.532133 0.000273
18.540885 0.000272
18.549637 0.000271
18.558390 0.000270
18.567142 0.000269
18.575894 0.000268
18.584646 0.000268
18.593398 0.000267
18.602151 0.000266
18.610903 0.000265
18.619655 0.000264
18.628407 0.000263
18.637159 0.000262
18.645911 0.000262
18.654664 0.000261
18.663416 0.000260
18.672168 0.000259
18.680920 0.000258
18.689672 0.000258
18.698425 0.000257
18.707177 0.000256
18.715929 0.000255
18.724681 0.000254
18.733433 0.000254
18.742186 0.000253
18.750938 0.000252
18.759690 0.000252
18.768442 0.000251
18.777194 0.000250
18.785946 0.000249
18.794699 0.000249
18.803451 0.000248
18.812203 0.000247
18.820955 0.000247
18.829707 0.000246
18.838460 0.000245
18.847212 0.000245
18.855964 0.000244
18.864716 0.000243
18.873468 0.000243
18.882221 0.000242
18.890973 0.000242
18.899725 0.000241
18.908477 0.000240
18.917229 0.000240
18.925981 0.000239
18.934734 0.000239
18.943486 0.000238
18.952238 0.000238
18.960990 0.000237
18.969742 0.000236
18.978495 0.000236
18.987247 0.000235
18.995999 0.000235
19.004751 0.000234
19.013503 0.000234
19.022256 0.000233
19.031008 0.000233
19.039760 0.000232
19.048512 0.000232
19.057264 0.000232
19.066017 0.000231
19.074769 0.000231
19.083521 0.000230
19.092273 0.000230
19.101025 0.000229
19.109777 0.000229
19.118530 0.000229
19.127282 0.000228
19.136034 0.000228
19.144786 0.000228
19.153538 0.000227
19.162291 0.000227
19.171043 0.000227
19.179795 0.000226
19.188547 0.000226
19.197299 0.000226
19.206052 0.000225
19.214804 0.000225
19.223556 0.000225
19.232308 0.000225
19.241060 0.000224
19.249812 0.000224
19.258565 0.000224
19.267317 0.000224
19.276069 0.000224
19.284821 0.000223
19.293573 0.000223
19.302326 0.000223
19.311078 0.000223
19.319830 0.000223
19.328582 0.000223
19.337334 0.000223
19.346087 0.000223
19.354839 0.000222
19.363591 0.000222
19.372343 0.000222
19.381095 0.000222
19.389847 0.000222
19.398600 0.000222
19.407352 0.000222
19.416104 0.000223
19.424856 0.000223
19.433608 0.000223
19.442361 0.000223
19.451113 0.000223
19.459865 0.000223
19.468617 0.000223
19.477369 0.000223
19.486122 0.000224
19.494874 0.000224
19.503626 0.000224
19.512378 0.000225
19.521130 0.000225
19.529882 0.000225
19.538635 0.000226
19.547387 0.000226
19.556139 0.000226
19.564891 0.000227
19.573643 0.000227
19.582396 0.000228
19.591148 0.000228
19.599900 0.000229
19.608652 0.000230
19.617404 0.000230
19.626157 0.000231
19.634909 0.000232
19.643661 0.000233
19.652413 0.000233
19.661165 0.000234
19.669917 0.000235
19.678670 0.000236
19.687422 0.000237
19.696174 0.000238
19.704926 0.000240
19.713678 0.000241
19.722431 0.000242
19.731183 0.000243
19.739935 0.000245
19.748687 0.000246
19.757439 0.000248
19.766192 0.000249
19.774944 0.000251
19.783696 0.000253
19.792448 0.000254
19.801200 0.000256
19.809952 0.000258
19.818705 0.000260
19.827457 0.000262
19.836209 0.000265
19.844961 0.000267
19.853713 0.000269
19.862466 0.000272
19.871218 0.000274
19.879970 0.000277
19.888722 0.000280
19.897474 0.000283
19.906227 0.000286
19.914979 0.000289
19.923731 0.000293
19.932483 0.000296
19.941235 0.000300
19.949987 0.000304
19.958740 0.000308
19.967492 0.000312
19.976244 0.000316
19.984996 0.000321
19.993748 0.000326
20.002501 0.000331
20.011253 0.000336
20.020005 0.000341
20.028757 0.000347
20.037509 0.000353
20.046262 0.000359
20.055014 0.000366
20.063766 0.000373
20.072518 0.000380
20.081270 0.000387
20.090023 0.000395
20.098775 0.000403
20.107527 0.000412
20.116279 0.000421
20.125031 0.000431
20.133783 0.000441
20.142536 0.000451
20.151288 0.000462
20.160040 0.000473
20.168792 0.000485
20.177544 0.000498
20.186297 0.000511
20.195049 0.000524
20.203801 0.000538
20.212553 0.000553
20.221305 0.000568
20.230058 0.000584
20.238810 0.000600
20.247562 0.000617
20.256314 0.000634
20.265066 0.000651
20.273818 0.000669
20.282571 0.000688
20.291323 0.000707
20.300075 0.000726
20.308827 0.000745
20.317579 0.000765
20.326332 0.000784
20.335084 0.000804
20.343836 0.000824
20.352588 0.000843
20.361340 0.000863
20.370093 0.000882
20.378845 0.000901
20.387597 0.000919
20.396349 0.000937
20.405101 0.000954
20.413853 0.000970
20.422606 0.000986
20.431358 0.001000
20.440110 0.001014
20.448862 0.001026
20.457614 0.001037
20.466367 0.001047
20.475119 0.001056
20.483871 0.001063
20.492623 0.001068
20.501375 0.001072
20.510128 0.001074
20.518880 0.001075
20.527632 0.001074
20.536384 0.001072
20.545136 0.001068
20.553888 0.001062
20.562641 0.001055
20.571393 0.001047
20.580145 0.001036
20.588897 0.001025
20.597649 0.001012
20.606402 0.000998
20.615154 0.000983
20.623906 0.000967
20.632658 0.000950
20.641410 0.000932
20.650163 0.000913
20.658915 0.000894
20.667667 0.000874
20.676419 0.000854
20.685171 0.000833
20.693923 0.000812
20.702676 0.000791
20.711428 0.000770
20.720180 0.000750
20.728932 0.000729
20.737684 0.000708
20.746437 0.000688
20.755189 0.000668
20.763941 0.000648
20.772693 0.000629
20.781445 0.000610
20.790198 0.000591
20.798950 0.000574
20.807702 0.000556
20.816454 0.000540
20.825206 0.000523
20.833958 0.000508
20.842711 0.000493
20.851463 0.000478
20.860215 0.000464
20.868967 0.000451
20.877719 0.000438
20.886472 0.000426
20.895224 0.000414
20.903976 0.000403
20.912728 0.000392
20.921480 0.000382
20.930233 0.000372
20.938985 0.000362
20.947737 0.000353
20.956489 0.000345
20.965241 0.000336
20.973993 0.000328
20.982746 0.000321
20.991498 0.000314
21.000250 0.000307
21.009002 0.000300
21.017754 0.000294
21.026507 0.000288
21.035259 0.000282
21.044011 0.000276
21.052763 0.000271
21.061515 0.000266
21.070268 0.000261
21.079020 0.000256
21.087772 0.000252
21.096524 0.000248
21.105276 0.000243
21.114029 0.000239
21.122781 0.000236
21.131533 0.000232
21.140285 0.000228
21.149037 0.000225
21.157789 0.000222
21.166542 0.000218
21.175294 0.000215
21.184046 0.000212
21.192798 0.000209
21.201550 0.000207
21.210303 0.000204
21.219055 0.000201
21.227807 0.000199
21.236559 0.000196
21.245311 0.000194
21.254064 0.000192
21.262816 0.000190
21.271568 0.000187
21.280320 0.000185
21.289072 0.000183
21.297824 0.000181
21.306577 0.000180
21.315329 0.000178
21.324081 0.000176
21.332833 0.000174
21.341585 0.000173
21.350338 0.000171
21.359090 0.000169
21.367842 0.000168
21.376594 0.000166
21.385346 0.000165
21.394099 0.000163
21.402851 0.000162
21.411603 0.000160
21.420355 0.000159
21.429107 0.000158
21.437859 0.000157
21.446612 0.000155
21.455364 0.000154
21.464116 0.000153
21.472868 0.000152
21.481620 0.000151
21.490373 0.000150
21.499125 0.000148
21.507877 0.000147
21.516629 0.000146
21.525381 0.000145
21.534134 0.000144
21.542886 0.000143
21.551638 0.000142
21.560390 0.000142
21.569142 0.000141
21.577894 0.000140
21.586647 0.000139
21.595399 0.000138
21.604151 0.000137
21.612903 0.000136
21.621655 0.000136
21.630408 0.000135
21.639160 0.000134
21.647912 0.000133
21.656664 0.000132
21.665416 0.000132
21.674169 0.000131
21.682921 0.000130
21.691673 0.000130
21.700425 0.000129
21.709177 0.000128
21.717929 0.000127
21.726682 0.000127
21.735434 0.000126
21.744186 0.000126
21.752938 0.000125
21.761690 0.000124
21.770443 0.000124
21.779195 0.000123
21.787947 0.000122
21.796699 0.000122
21.805451 0.000121
21.814204 0.000121
21.822956 0.000120
21.831708 0.000120
21.840460 0.000119
21.849212 0.000119
21.857964 0.000118
21.866717 0.000118
21.875469 0.000117
21.884221 0.000117
21.892973 0.000116
21.901725 0.000116
21.910478 0.000115
21.919230 0.000115
21.927982 0.000114
21.936734 0.000114
21.945486 0.000113
21.954239 0.000113
21.962991 0.000112
21.971743 0.000112
21.980495 0.000111
21.989247 0.000111
21.997999 0.000111
22.006752 0.000110
22.015504 0.000110
22.024256 0.000109
22.033008 0.000109
22.041760 0.000108
22.050513 0.000108
22.059265 0.000108
22.068017 0.000107
22.076769 0.000107
22.085521 0.000107
22.094274 0.000106
22.103026 0.000106
22.111778 0.000105
22.120530 0.000105
22.129282 0.000105
22.138035 0.000104
22.146787 0.000104
22.155539 0.000104
22.164291 0.000103
22.173043 0.000103
22.181795 0.000103
22.190548 0.000102
22.199300 0.000102
22.208052 0.000102
22.216804 0.000101
22.225556 0.000101
22.234309 0.000101
22.243061 0.000100
22.251813 0.000100
22.260565 0.000100
22.269317 0.000099
22.278070 0.000099
22.286822 0.000099
22.295574 0.000098
22.304326 0.000098
22.313078 0.000098
22.321830 0.000098
22.330583 0.000097
22.339335 0.000097
22.348087 0.000097
22.356839 0.000096
22.365591 0.000096
22.374344 0.000096
22.383096 0.000096
22.391848 0.000095
22.400600 0.000095
22.409352 0.000095
22.418105 0.000094
22.426857 0.000094
22.435609 0.000094
22.444361 0.000094
22.453113 0.000093
22.461865 0.000093
22.470618 0.000093
22.479370 0.000093
22.488122 0.000092
22.496874 0.000092
22.505626 0.000092
22.514379 0.000092
22.523131 0.000091
22.531883 0.000091
22.540635 0.000091
22.549387 0.000091
22.558140 0.000090
22.566892 0.000090
22.575644 0.000090
22.584396 0.000090
22.593148 0.000090
22.601900 0.000089
22.610653 0.000089
22.619405 0.000089
22.628157 0.000089
22.636909 0.000088
22.645661 0.000088
22.654414 0.000088
22.663166 0.000088
22.671918 0.000087
22.680670 0.000087
22.689422 0.000087
22.698175 0.000087
22.706927 0.000087
22.715679 0.000086
22.724431 0.000086
22.733183 0.000086
22.741935 0.000086
22.750688 0.000086
22.759440 0.000085
22.768192 0.000085
22.776944 0.000085
22.785696 0.000085
22.794449 0.000085
22.803201 0.000084
22.811953 0.000084
22.820705 0.000084
22.829457 0.000084
22.838210 0.000084
22.846962 0.000083
22.855714 0.000083
22.864466 0.000083
22.873218 0.000083
22.881970 0.000083
22.890723 0.000082
22.899475 0.000082
22.908227 0.000082
22.916979 0.000082
22.925731 0.000082
22.934484 0.000082
22.943236 0.000081
22.951988 0.000081
22.960740 0.000081
22.969492 0.000081
22.978245 0.000081
22.986997 0.000080
22.995749 0.000080
23.004501 0.000080
23.013253 0.000080
23.022006 0.000080
23.030758 0.000080
23.039510 0.000079
23.048262 0.000079
23.057014 0.000079
23.065766 0.000079
23.074519 0.000079
23.083271 0.000079
23.092023 0.000078
23.100775 0.000078
23.109527 0.000078
23.118280 0.000078
23.127032 0.000078
23.135784 0.000078
23.144536 0.000077
23.153288 0.000077
23.162041 0.000077
23.170793 0.000077
23.179545 0.000077
23.188297 0.000077
23.197049 0.000076
23.205801 0.000076
23.214554 0.000076
23.223306 0.000076
23.232058 0.000076
23.240810 0.000076
23.249562 0.000075
23.258315 0.000075
23.267067 0.000075
23.275819 0.000075
23.284571 0.000075
23.293323 0.000075
23.302076 0.000075
23.310828 0.000074
23.319580 0.000074
23.328332 0.000074
23.337084 0.000074
23.345836 0.000074
23.354589 0.000074
23.363341 0.000074
23.372093 0.000073
23.380845 0.000073
23.389597 0.000073
23.398350 0.000073
23.407102 0.000073
23.415854 0.000073
23.424606 0.000073
23.433358 0.000072
23.442111 0.000072
23.450863 0.000072
23.459615 0.000072
23.468367 0.000072
23.477119 0.000072
23.485871 0.000072
23.494624 0.000071
23.503376 0.000071
23.512128 0.000071
23.520880 0.000071
23.529632 0.000071
23.538385 0.000071
23.547137 0.000071
23.555889 0.000071
23.564641 0.000070
23.573393 0.000070
23.582146 0.000070
23.590898 0.000070
23.599650 0.000070
23.608402 0.000070
23.617154 0.000070
23.625906 0.000069
23.634659 0.000069
23.643411 0.000069
23.652163 0.000069
23.660915 0.000069
23.669667 0.000069
23.678420 0.000069
23.687172 0.000069
23.695924 0.000068
23.704676 0.000068
23.713428 0.000068
23.722181 0.000068
23.730933 0.000068
23.739685 0.000068
23.748437 0.000068
23.757189 0.000068
23.765941 0.000068
23.774694 0.000067
23.783446 0.000067
23.792198 0.000067
23.800950 0.000067
23.809702 0.000067
23.818455 0.000067
23.827207 0.000067
23.835959 0.000067
23.844711 0.000066
23.853463 0.000066
23.862216 0.000066
23.870968 0.000066
23.879720 0.000066
23.888472 0.000066
23.897224 0.000066
23.905976 0.000066
23.914729 0.000066
23.923481 0.000065
23.932233 0.000065
23.940985 0.000065
23.949737 0.000065
23.958490 0.000065
23.967242 0.000065
23.975994 0.000065
23.984746 0.000065
23.993498 0.000065
24.002251 0.000064
24.011003 0.000064
24.019755 0.000064
24.028507 0.000064
24.037259 0.000064
24.046012 0.000064
24.054764 0.000064
24.063516 0.000064
24.072268 0.000064
24.081020 0.000063
24.089772 0.000063
24.098525 0.000063
24.107277 0.000063
24.116029 0.000063
24.124781 0.000063
24.133533 0.000063
24.142286 0.000063
24.151038 0.000063
24.159790 0.000062
24.168542 0.000062
24.177294 0.000062
24.186047 0.000062
24.194799 0.000062
24.203551 0.000062
24.212303 0.000062
24.221055 0.000062
24.229807 0.000062
24.238560 0.000062
24.247312 0.000061
24.256064 0.000061
24.264816 0.000061
24.273568 0.000061
24.282321 0.000061
24.291073 0.000061
24.299825 0.000061
24.308577 0.000061
24.317329 0.000061
24.326082 0.000061
24.334834 0.000060
24.343586 0.000060
24.352338 0.000060
24.361090 0.000060
24.369842 0.000060
24.378595 0.000060
24.387347 0.000060
24.396099 0.000060
24.404851 0.000060
24.413603 0.000060
24.422356 0.000060
24.431108 0.000059
24.439860 0.000059
24.448612 0.000059
24.457364 0.000059
24.466117 0.000059
24.474869 0.000059
24.483621 0.000059
24.492373 0.000059
24.501125 0.000059
24.509877 0.000059
24.518630 0.000059
24.527382 0.000058
24.536134 0.000058
24.544886 0.000058
24.553638 0.000058
24.562391 0.000058
24.571143 0.000058
24.579895 0.000058
24.588647 0.000058
24.597399 0.000058
24.606152 0.000058
24.614904 0.000058
24.623656 0.000057
24.632408 0.000057
24.641160 0.000057
24.649912 0.000057
24.658665 0.000057
24.667417 0.000057
24.676169 0.000057
24.684921 0.000057
24.693673 0.000057
24.702426 0.000057
24.711178 0.000056
24.719930 0.000056
24.728682 0.000056
24.737434 0.000056
24.746187 0.000056
24.754939 0.000056
24.763691 0.000056
24.772443 0.000055
24.781195 0.000055
24.789947 0.000055
24.798700 0.000054
24.807452 0.000054
24.816204 0.000054
24.824956 0.000053
24.833708 0.000053
24.842461 0.000052
24.851213 0.000051
24.859965 0.000050
24.868717 0.000050
24.877469 0.000049
24.886222 0.000048
24.894974 0.000046
24.903726 0.000045
24.912478 0.000044
24.921230 0.000042
24.929982 0.000041
24.938735 0.000039
24.947487 0.000038
24.956239 0.000036
24.964991 0.000034
24.973743 0.000032
24.982496 0.000030
24.991248 0.000028

Sticks
-4.022256 0.013957
-3.995999 0.019249
-3.952238 0.025679
-3.864716 0.056827
-3.768442 0.031503
-2.525631 0.000037
-2.333083 0.002263
-2.131783 0.014679
-1.904226 0.010711
-1.790448 0.002207
-1.422856 0.000672
-1.247812 0.000128
-0.547637 0.002927
-0.136284 0.000189
-0.013753 0.000013
2.725681 0.000002
2.734434 0.000001
2.743186 0.000001
2.751938 0.000003
2.778195 0.000004
2.804451 0.000049
2.900725 0.000005
2.918230 0.000007
3.163291 0.000178
3.172043 0.000353
3.180795 0.000175
3.189547 0.000159
3.242061 0.000233
3.399600 0.001125
13.438360 0.022777
13.534634 0.011041
14.514879 0.031895
15.390098 0.001419
15.468867 0.001192
16.064016 0.000276
16.247812 0.000025
16.702926 0.000335
20.011253 0.000007
20.072518 0.000001
20.431358 0.000149
20.457614 0.000100
20.553888 0.000481
