700.000000 0.000034
700.050000 0.000044
700.100000 0.000051
700.150000 0.000055
700.200000 0.000057
700.250000 0.000057
700.300000 0.000058
700.350000 0.000058
700.400000 0.000059
700.450000 0.000059
700.500000 0.000060
700.550000 0.000060
700.600000 0.000061
700.650000 0.000061
700.700000 0.000062
700.750000 0.000062
700.800000 0.000062
700.850000 0.000063
700.900000 0.000063
700.950000 0.000064
701.000000 0.000064
701.050000 0.000065
701.100000 0.000065
701.150000 0.000066
701.200000 0.000066
701.250000 0.000067
701.300000 0.000067
701.350000 0.000068
701.400000 0.000068
701.450000 0.000069
701.500000 0.000070
701.550000 0.000070
701.600000 0.000071
701.650000 0.000071
701.700000 0.000072
701.750000 0.000072
701.800000 0.000073
701.850000 0.000074
701.900000 0.000074
701.950000 0.000075
702.000000 0.000075
702.050000 0.000076
702.100000 0.000077
702.150000 0.000077
702.200000 0.000078
702.250000 0.000079
702.300000 0.000079
702.350000 0.000080
702.400000 0.000081
702.450000 0.000081
702.500000 0.000082
702.550000 0.000083
702.600000 0.000084
702.650000 0.000084
702.700000 0.000085
702.750000 0.000086
702.800000 0.000087
702.850000 0.000087
702.900000 0.000088
702.950000 0.000089
703.000000 0.000090
703.050000 0.000091
703.100000 0.000092
703.150000 0.000092
703.200000 0.000093
703.250000 0.000094
703.300000 0.000095
703.350000 0.000096
703.400000 0.000097
703.450000 0.000098
703.500000 0.000099
703.550000 0.000100
703.600000 0.000101
703.650000 0.000102
703.700000 0.000103
703.750000 0.000104
703.800000 0.000105
703.850000 0.000106
703.900000 0.000107
703.950000 0.000108
704.000000 0.000109
704.050000 0.000110
704.100000 0.000112
704.150000 0.000113
704.200000 0.000114
704.250000 0.000115
704.300000 0.000117
704.350000 0.000118
704.400000 0.000119
704.450000 0.000120
704.500000 0.000122
704.550000 0.000123
704.600000 0.000125
704.650000 0.000126
704.700000 0.000127
704.750000 0.000129
704.800000 0.000130
704.850000 0.000132
704.900000 0.000133
704.950000 0.000135
705.000000 0.000137
705.050000 0.000138
705.100000 0.000140
705.150000 0.000142
705.200000 0.000144
705.250000 0.000145
705.300000 0.000147
705.350000 0.000149
705.400000 0.000151
705.450000 0.000153
705.500000 0.000155
705.550000 0.000157
705.600000 0.000159
705.650000 0.000161
705.700000 0.000163
705.750000 0.000165
705.800000 0.000168
705.850000 0.000170
705.900000 0.000172
705.950000 0.000175
706.000000 0.000177
706.050000 0.000180
706.100000 0.000183
706.150000 0.000185
706.200000 0.000188
706.250000 0.000191
706.300000 0.000194
706.350000 0.000197
706.400000 0.000200
706.450000 0.000203
706.500000 0.000206
706.550000 0.000209
706.600000 0.000213
706.650000 0.000216
706.700000 0.000220
706.750000 0.000223
706.800000 0.000227
706.850000 0.000231
706.900000 0.000235
706.950000 0.000239
707.000000 0.000243
707.050000 0.000248
707.100000 0.000252
707.150000 0.000257
707.200000 0.000262
707.250000 0.000267
707.300000 0.000272
707.350000 0.000277
707.400000 0.000283
707.450000 0.000288
707.500000 0.000294
707.550000 0.000300
707.600000 0.000307
707.650000 0.000313
707.700000 0.000320
707.750000 0.000328
707.800000 0.000335
707.850000 0.000343
707.900000 0.000351
707.950000 0.000359
708.000000 0.000368
708.050000 0.000377
708.100000 0.000387
708.150000 0.000397
708.200000 0.000408
708.250000 0.000419
708.300000 0.000431
708.350000 0.000444
708.400000 0.000457
708.450000 0.000471
708.500000 0.000486
708.550000 0.000501
708.600000 0.000518
708.650000 0.000536
708.700000 0.000555
708.750000 0.000576
708.800000 0.000598
708.850000 0.000622
708.900000 0.000648
708.950000 0.000676
709.000000 0.000706
709.050000 0.000740
709.100000 0.000777
709.150000 0.000818
709.200000 0.000863
709.250000 0.000914
709.300000 0.000972
709.350000 0.001037
709.400000 0.001112
709.450000 0.001198
709.500000 0.001298
709.550000 0.001417
709.600000 0.001559
709.650000 0.001731
709.700000 0.001943
709.750000 0.002210
709.800000 0.002552
709.850000 0.003003
709.900000 0.003610
709.950000 0.004441
710.000000 0.005591
710.050000 0.007160
710.100000 0.009216
710.150000 0.011711
710.200000 0.014394
710.250000 0.016788
710.300000 0.018310
710.350000 0.018520
710.400000 0.017362
710.450000 0.015199
710.500000 0.012617
710.550000 0.010156
710.600000 0.008131
710.650000 0.006634
710.700000 0.005617
710.750000 0.004992
710.800000 0.004679
710.850000 0.004629
710.900000 0.004805
710.950000 0.005166
711.000000 0.005640
711.050000 0.006112
711.100000 0.006451
711.150000 0.006561
711.200000 0.006422
711.250000 0.006096
711.300000 0.005683
711.350000 0.005274
711.400000 0.004928
711.450000 0.004675
711.500000 0.004528
711.550000 0.004490
711.600000 0.004559
711.650000 0.004725
711.700000 0.004970
711.750000 0.005265
711.800000 0.005584
711.850000 0.005909
711.900000 0.006247
711.950000 0.006636
712.000000 0.007136
712.050000 0.007822
712.100000 0.008768
712.150000 0.010056
712.200000 0.011787
712.250000 0.014110
712.300000 0.017230
712.350000 0.021384
712.400000 0.026724
712.450000 0.033125
712.500000 0.040022
712.550000 0.046453
712.600000 0.051415
712.650000 0.054356
712.700000 0.055460
712.750000 0.055465
712.800000 0.055162
712.850000 0.054956
712.900000 0.054790
712.950000 0.054432
713.000000 0.053810
713.050000 0.053135
713.100000 0.052686
713.150000 0.052470
713.200000 0.052056
713.250000 0.050779
713.300000 0.048195
713.350000 0.044426
713.400000 0.040121
713.450000 0.036087
713.500000 0.032933
713.550000 0.030929
713.600000 0.030083
713.650000 0.030266
713.700000 0.031290
713.750000 0.032931
713.800000 0.034954
713.850000 0.037136
713.900000 0.039308
713.950000 0.041410
714.000000 0.043572
714.050000 0.046149
714.100000 0.049600
714.150000 0.054196
714.200000 0.059700
714.250000 0.065282
714.300000 0.069794
714.350000 0.072247
714.400000 0.072192
714.450000 0.069802
714.500000 0.065690
714.550000 0.060613
714.600000 0.055206
714.650000 0.049830
714.700000 0.044581
714.750000 0.039470
714.800000 0.034599
714.850000 0.030197
714.900000 0.026518
714.950000 0.023702
715.000000 0.021705
715.050000 0.020341
715.100000 0.019365
715.150000 0.018562
715.200000 0.017796
715.250000 0.017012
715.300000 0.016218
715.350000 0.015443
715.400000 0.014699
715.450000 0.013973
715.500000 0.013250
715.550000 0.012550
715.600000 0.011928
715.650000 0.011432
715.700000 0.011067
715.750000 0.010787
715.800000 0.010525
715.850000 0.010226
715.900000 0.009874
715.950000 0.009495
716.000000 0.009141
716.050000 0.008874
716.100000 0.008737
716.150000 0.008747
716.200000 0.008898
716.250000 0.009180
716.300000 0.009592
716.350000 0.010134
716.400000 0.010798
716.450000 0.011559
716.500000 0.012381
716.550000 0.013230
716.600000 0.014059
716.650000 0.014789
716.700000 0.015293
716.750000 0.015417
716.800000 0.015048
716.850000 0.014183
716.900000 0.012946
716.950000 0.011542
717.000000 0.010171
717.050000 0.008957
717.100000 0.007927
717.150000 0.007049
717.200000 0.006278
717.250000 0.005594
717.300000 0.005005
717.350000 0.004521
717.400000 0.004137
717.450000 0.003827
717.500000 0.003555
717.550000 0.003295
717.600000 0.003044
717.650000 0.002813
717.700000 0.002619
717.750000 0.002465
717.800000 0.002345
717.850000 0.002247
717.900000 0.002162
717.950000 0.002087
718.000000 0.002021
718.050000 0.001961
718.100000 0.001905
718.150000 0.001847
718.200000 0.001783
718.250000 0.001717
718.300000 0.001651
718.350000 0.001591
718.400000 0.001544
718.450000 0.001509
718.500000 0.001482
718.550000 0.001456
718.600000 0.001423
718.650000 0.001379
718.700000 0.001324
718.750000 0.001266
718.800000 0.001211
718.850000 0.001163
718.900000 0.001124
718.950000 0.001096
719.000000 0.001078
719.050000 0.001071
719.100000 0.001072
719.150000 0.001081
719.200000 0.001094
719.250000 0.001109
719.300000 0.001121
719.350000 0.001124
719.400000 0.001114
719.450000 0.001085
719.500000 0.001040
719.550000 0.000982
719.600000 0.000921
719.650000 0.000865
719.700000 0.000821
719.750000 0.000791
719.800000 0.000775
719.850000 0.000772
719.900000 0.000777
719.950000 0.000784
720.000000 0.000786
720.050000 0.000781
720.100000 0.000767
720.150000 0.000745
720.200000 0.000722
720.250000 0.000701
720.300000 0.000685
720.350000 0.000676
720.400000 0.000674
720.450000 0.000679
720.500000 0.000691
720.550000 0.000709
720.600000 0.000735
720.650000 0.000768
720.700000 0.000807
720.750000 0.000843
720.800000 0.000870
720.850000 0.000879
720.900000 0.000868
720.950000 0.000842
721.000000 0.000809
721.050000 0.000776
721.100000 0.000751
721.150000 0.000734
721.200000 0.000726
721.250000 0.000726
721.300000 0.000729
721.350000 0.000736
721.400000 0.000742
721.450000 0.000749
721.500000 0.000754
721.550000 0.000760
721.600000 0.000766
721.650000 0.000773
721.700000 0.000783
721.750000 0.000796
721.800000 0.000812
721.850000 0.000833
721.900000 0.000859
721.950000 0.000890
722.000000 0.000927
722.050000 0.000971
722.100000 0.001023
722.150000 0.001084
722.200000 0.001157
722.250000 0.001244
722.300000 0.001349
722.350000 0.001478
722.400000 0.001638
722.450000 0.001840
722.500000 0.002096
722.550000 0.002425
722.600000 0.002849
722.650000 0.003389
722.700000 0.004059
722.750000 0.004853
722.800000 0.005717
722.850000 0.006548
722.900000 0.007200
722.950000 0.007534
723.000000 0.007472
723.050000 0.007039
723.100000 0.006348
723.150000 0.005549
723.200000 0.004770
723.250000 0.004093
723.300000 0.003548
723.350000 0.003131
723.400000 0.002824
723.450000 0.002605
723.500000 0.002456
723.550000 0.002360
723.600000 0.002306
723.650000 0.002288
723.700000 0.002300
723.750000 0.002341
723.800000 0.002410
723.850000 0.002508
723.900000 0.002636
723.950000 0.002795
724.000000 0.002987
724.050000 0.003212
724.100000 0.003472
724.150000 0.003768
724.200000 0.004105
724.250000 0.004488
724.300000 0.004929
724.350000 0.005443
724.400000 0.006054
724.450000 0.006799
724.500000 0.007731
724.550000 0.008914
724.600000 0.010410
724.650000 0.012263
724.700000 0.014458
724.750000 0.016900
724.800000 0.019416
724.850000 0.021809
724.900000 0.023960
724.950000 0.025909
725.000000 0.027863
725.050000 0.030079
725.100000 0.032692
725.150000 0.035558
725.200000 0.038237
725.250000 0.040148
725.300000 0.040834
725.350000 0.040185
725.400000 0.038475
725.450000 0.036206
725.500000 0.033865
725.550000 0.031771
725.600000 0.030045
725.650000 0.028668
725.700000 0.027562
725.750000 0.026641
725.800000 0.025850
725.850000 0.025201
725.900000 0.024773
725.950000 0.024700
726.000000 0.025105
726.050000 0.026046
726.100000 0.027464
726.150000 0.029169
726.200000 0.030853
726.250000 0.032148
726.300000 0.032731
726.350000 0.032434
726.400000 0.031311
726.450000 0.029599
726.500000 0.027615
726.550000 0.025625
726.600000 0.023763
726.650000 0.022035
726.700000 0.020367
726.750000 0.018684
726.800000 0.016963
726.850000 0.015246
726.900000 0.013616
726.950000 0.012159
727.000000 0.010934
727.050000 0.009964
727.100000 0.009238
727.150000 0.008708
727.200000 0.008298
727.250000 0.007922
727.300000 0.007505
727.350000 0.007012
727.400000 0.006456
727.450000 0.005884
727.500000 0.005355
727.550000 0.004915
727.600000 0.004587
727.650000 0.004370
727.700000 0.004247
727.750000 0.004186
727.800000 0.004151
727.850000 0.004107
727.900000 0.004033
727.950000 0.003925
728.000000 0.003799
728.050000 0.003680
728.100000 0.003593
728.150000 0.003554
728.200000 0.003568
728.250000 0.003631
728.300000 0.003733
728.350000 0.003864
728.400000 0.004013
728.450000 0.004170
728.500000 0.004325
728.550000 0.004463
728.600000 0.004569
728.650000 0.004628
728.700000 0.004630
728.750000 0.004578
728.800000 0.004491
728.850000 0.004396
728.900000 0.004322
728.950000 0.004288
729.000000 0.004299
729.050000 0.004342
729.100000 0.004385
729.150000 0.004385
729.200000 0.004303
729.250000 0.004117
729.300000 0.003833
729.350000 0.003484
729.400000 0.003115
729.450000 0.002765
729.500000 0.002462
729.550000 0.002218
729.600000 0.002035
729.650000 0.001906
729.700000 0.001820
729.750000 0.001760
729.800000 0.001709
729.850000 0.001650
729.900000 0.001574
729.950000 0.001479
730.000000 0.001369
730.050000 0.001257
730.100000 0.001151
730.150000 0.001060
730.200000 0.000985
730.250000 0.000926
730.300000 0.000879
730.350000 0.000840
730.400000 0.000804
730.450000 0.000769
730.500000 0.000732
730.550000 0.000696
730.600000 0.000662
730.650000 0.000631
730.700000 0.000606
730.750000 0.000587
730.800000 0.000574
730.850000 0.000566
730.900000 0.000562
730.950000 0.000560
731.000000 0.000559
731.050000 0.000559
731.100000 0.000561
731.150000 0.000564
731.200000 0.000567
731.250000 0.000568
731.300000 0.000567
731.350000 0.000561
731.400000 0.000551
731.450000 0.000538
731.500000 0.000524
731.550000 0.000509
731.600000 0.000495
731.650000 0.000479
731.700000 0.000461
731.750000 0.000442
731.800000 0.000423
731.850000 0.000405
731.900000 0.000390
731.950000 0.000378
732.000000 0.000370
732.050000 0.000364
732.100000 0.000359
732.150000 0.000356
732.200000 0.000352
732.250000 0.000348
732.300000 0.000344
732.350000 0.000341
732.400000 0.000340
732.450000 0.000342
732.500000 0.000346
732.550000 0.000354
732.600000 0.000364
732.650000 0.000376
732.700000 0.000386
732.750000 0.000394
732.800000 0.000396
732.850000 0.000393
732.900000 0.000385
732.950000 0.000372
733.000000 0.000357
733.050000 0.000340
733.100000 0.000322
733.150000 0.000304
733.200000 0.000288
733.250000 0.000274
733.300000 0.000262
733.350000 0.000253
733.400000 0.000247
733.450000 0.000243
733.500000 0.000243
733.550000 0.000245
733.600000 0.000249
733.650000 0.000255
733.700000 0.000260
733.750000 0.000262
733.800000 0.000261
733.850000 0.000256
733.900000 0.000248
733.950000 0.000237
734.000000 0.000224
734.050000 0.000212
734.100000 0.000201
734.150000 0.000190
734.200000 0.000181
734.250000 0.000172
734.300000 0.000164
734.350000 0.000156
734.400000 0.000149
734.450000 0.000142
734.500000 0.000137
734.550000 0.000132
734.600000 0.000128
734.650000 0.000124
734.700000 0.000122
734.750000 0.000119
734.800000 0.000117
734.850000 0.000115
734.900000 0.000113
734.950000 0.000111
735.000000 0.000110
735.050000 0.000109
735.100000 0.000109
735.150000 0.000108
735.200000 0.000108
735.250000 0.000109
735.300000 0.000109
735.350000 0.000110
735.400000 0.000111
735.450000 0.000111
735.500000 0.000112
735.550000 0.000113
735.600000 0.000114
735.650000 0.000115
735.700000 0.000114
735.750000 0.000113
735.800000 0.000111
735.850000 0.000108
735.900000 0.000105
735.950000 0.000102
736.000000 0.000099
736.050000 0.000097
736.100000 0.000094
736.150000 0.000092
736.200000 0.000090
736.250000 0.000088
736.300000 0.000086
736.350000 0.000085
736.400000 0.000084
736.450000 0.000082
736.500000 0.000081
736.550000 0.000080
736.600000 0.000079
736.650000 0.000078
736.700000 0.000077
736.750000 0.000077
736.800000 0.000076
736.850000 0.000075
736.900000 0.000074
736.950000 0.000073
737.000000 0.000071
737.050000 0.000070
737.100000 0.000069
737.150000 0.000068
737.200000 0.000067
737.250000 0.000066
737.300000 0.000065
737.350000 0.000065
737.400000 0.000064
737.450000 0.000063
737.500000 0.000063
737.550000 0.000062
737.600000 0.000062
737.650000 0.000061
737.700000 0.000061
737.750000 0.000060
737.800000 0.000060
737.850000 0.000059
737.900000 0.000059
737.950000 0.000058
738.000000 0.000058
738.050000 0.000057
738.100000 0.000057
738.150000 0.000056
738.200000 0.000056
738.250000 0.000055
738.300000 0.000055
738.350000 0.000055
738.400000 0.000054
738.450000 0.000054
738.500000 0.000053
738.550000 0.000053
738.600000 0.000053
738.650000 0.000053
738.700000 0.000052
738.750000 0.000052
738.800000 0.000052
738.850000 0.000052
738.900000 0.000052
738.950000 0.000052
739.000000 0.000052
739.050000 0.000052
739.100000 0.000051
739.150000 0.000051
739.200000 0.000050
739.250000 0.000050
739.300000 0.000049
739.350000 0.000048
739.400000 0.000048
739.450000 0.000047
739.500000 0.000047
739.550000 0.000046
739.600000 0.000046
739.650000 0.000046
739.700000 0.000045
739.750000 0.000045
739.800000 0.000045
739.850000 0.000044
739.900000 0.000044
739.950000 0.000044
740.000000 0.000043
740.050000 0.000043
740.100000 0.000043
740.150000 0.000042
740.200000 0.000042
740.250000 0.000042
740.300000 0.000042
740.350000 0.000041
740.400000 0.000041
740.450000 0.000041
740.500000 0.000041
740.550000 0.000040
740.600000 0.000040
740.650000 0.000040
740.700000 0.000040
740.750000 0.000039
740.800000 0.000039
740.850000 0.000039
740.900000 0.000039
740.950000 0.000038
741.000000 0.000038
741.050000 0.000038
741.100000 0.000038
741.150000 0.000037
741.200000 0.000037
741.250000 0.000037
741.300000 0.000037
741.350000 0.000037
741.400000 0.000036
741.450000 0.000036
741.500000 0.000036
741.550000 0.000036
741.600000 0.000036
741.650000 0.000035
741.700000 0.000035
741.750000 0.000035
741.800000 0.000035
741.850000 0.000035
741.900000 0.000034
741.950000 0.000034
742.000000 0.000034
742.050000 0.000034
742.100000 0.000034
742.150000 0.000033
742.200000 0.000033
742.250000 0.000033
742.300000 0.000033
742.350000 0.000033
742.400000 0.000033
742.450000 0.000032
742.500000 0.000032
742.550000 0.000032
742.600000 0.000032
742.650000 0.000032
742.700000 0.000032
742.750000 0.000031
742.800000 0.000031
742.850000 0.000031
742.900000 0.000031
742.950000 0.000031
743.000000 0.000031
743.050000 0.000030
743.100000 0.000030
743.150000 0.000030
743.200000 0.000030
743.250000 0.000030
743.300000 0.000030
743.350000 0.000029
743.400000 0.000029
743.450000 0.000029
743.500000 0.000029
743.550000 0.000029
743.600000 0.000029
743.650000 0.000029
743.700000 0.000028
743.750000 0.000028
743.800000 0.000028
743.850000 0.000028
743.900000 0.000028
743.950000 0.000028
744.000000 0.000028
744.050000 0.000027
744.100000 0.000027
744.150000 0.000027
744.200000 0.000027
744.250000 0.000027
744.300000 0.000027
744.350000 0.000027
744.400000 0.000027
744.450000 0.000026
744.500000 0.000026
744.550000 0.000026
744.600000 0.000026
744.650000 0.000026
744.700000 0.000026
744.750000 0.000026
744.800000 0.000026
744.850000 0.000025
744.900000 0.000025
744.950000 0.000025
745.000000 0.000025
745.050000 0.000025
745.100000 0.000025
745.150000 0.000025
745.200000 0.000025
745.250000 0.000025
745.300000 0.000024
745.350000 0.000024
745.400000 0.000024
745.450000 0.000024
745.500000 0.000024
745.550000 0.000024
745.600000 0.000024
745.650000 0.000024
745.700000 0.000024
745.750000 0.000023
745.800000 0.000023
745.850000 0.000023
745.900000 0.000023
745.950000 0.000023
746.000000 0.000023
746.050000 0.000023
746.100000 0.000023
746.150000 0.000023
746.200000 0.000023
746.250000 0.000022
746.300000 0.000022
746.350000 0.000022
746.400000 0.000022
746.450000 0.000022
746.500000 0.000022
746.550000 0.000022
746.600000 0.000022
746.650000 0.000022
746.700000 0.000022
746.750000 0.000022
746.800000 0.000021
746.850000 0.000021
746.900000 0.000021
746.950000 0.000021
747.000000 0.000021
747.050000 0.000021
747.100000 0.000021
747.150000 0.000021
747.200000 0.000021
747.250000 0.000021
747.300000 0.000021
747.350000 0.000020
747.400000 0.000020
747.450000 0.000020
747.500000 0.000020
747.550000 0.000020
747.600000 0.000020
747.650000 0.000020
747.700000 0.000020
747.750000 0.000020
747.800000 0.000020
747.850000 0.000020
747.900000 0.000020
747.950000 0.000020
748.000000 0.000019
748.050000 0.000019
748.100000 0.000019
748.150000 0.000019
748.200000 0.000019
748.250000 0.000019
748.300000 0.000019
748.350000 0.000019
748.400000 0.000019
748.450000 0.000019
748.500000 0.000019
748.550000 0.000019
748.600000 0.000019
748.650000 0.000018
748.700000 0.000018
748.750000 0.000018
748.800000 0.000018
748.850000 0.000018
748.900000 0.000018
748.950000 0.000018
749.000000 0.000018
749.050000 0.000018
749.100000 0.000018
749.150000 0.000018
749.200000 0.000018
749.250000 0.000018
749.300000 0.000018
749.350000 0.000018
749.400000 0.000017
749.450000 0.000017
749.500000 0.000017
749.550000 0.000017
749.600000 0.000017
749.650000 0.000017
749.700000 0.000017
749.750000 0.000017
749.800000 0.000016
749.850000 0.000015
749.900000 0.000013
749.950000 0.000010

#Sticks
710.250000 0.001673
710.350000 0.009209
711.000000 0.000067
711.100000 0.001571
711.150000 0.000614
711.200000 0.000001
711.250000 0.000056
711.300000 0.000014
711.350000 0.000394
711.400000 0.000024
711.450000 0.000063
711.550000 0.000061
711.700000 0.000160
711.800000 0.000034
711.850000 0.000500
711.950000 0.000082
712.050000 0.000000
712.100000 0.000001
712.250000 0.000352
712.300000 0.000101
712.350000 0.000050
712.400000 0.000008
712.450000 0.000050
712.500000 0.000108
712.550000 0.002432
712.600000 0.016744
712.700000 0.003578
712.750000 0.001604
712.850000 0.003300
712.900000 0.005341
712.950000 0.008112
713.000000 0.000039
713.050000 0.001772
713.100000 0.002015
713.150000 0.000661
713.250000 0.015738
713.300000 0.001289
713.400000 0.001340
713.500000 0.000342
713.550000 0.001753
713.650000 0.000776
713.750000 0.003261
713.850000 0.004470
713.950000 0.000147
714.000000 0.007826
714.100000 0.000005
714.150000 0.000576
714.250000 0.006864
714.300000 0.000994
714.350000 0.015723
714.400000 0.004627
714.450000 0.003679
714.500000 0.009511
714.550000 0.000024
714.600000 0.000167
714.650000 0.003222
714.700000 0.004239
714.750000 0.002991
714.800000 0.000879
714.900000 0.000594
714.950000 0.000082
715.000000 0.000009
715.050000 0.002397
715.100000 0.000002
715.150000 0.000054
715.200000 0.001027
715.250000 0.001882
715.300000 0.000239
715.350000 0.000322
715.400000 0.000086
715.450000 0.000906
715.500000 0.001316
715.550000 0.000401
715.600000 0.000095
715.650000 0.000004
715.700000 0.000946
715.750000 0.000323
715.800000 0.000223
715.850000 0.000873
715.900000 0.000754
716.000000 0.000110
716.050000 0.000455
716.100000 0.000005
716.150000 0.000257
716.200000 0.000046
716.250000 0.000946
716.300000 0.000043
716.350000 0.000017
716.400000 0.000862
716.450000 0.000045
716.500000 0.001435
716.550000 0.000122
716.600000 0.001231
716.650000 0.000267
716.700000 0.001936
716.750000 0.000022
716.800000 0.003441
716.850000 0.000245
716.900000 0.000587
716.950000 0.000626
717.050000 0.000030
717.100000 0.000185
717.150000 0.000914
717.200000 0.000115
717.250000 0.000090
717.300000 0.000073
717.350000 0.000034
717.400000 0.000017
717.450000 0.000016
717.500000 0.000517
717.550000 0.000033
717.600000 0.000013
717.650000 0.000005
717.700000 0.000051
717.750000 0.000020
717.800000 0.000054
717.850000 0.000170
717.900000 0.000029
717.950000 0.000003
718.000000 0.000050
718.050000 0.000088
718.100000 0.000075
718.150000 0.000005
718.200000 0.000074
718.250000 0.000107
718.300000 0.000006
718.350000 0.000003
718.400000 0.000051
718.450000 0.000044
718.550000 0.000012
718.600000 0.000186
718.650000 0.000024
718.700000 0.000003
718.750000 0.000029
718.800000 0.000006
718.850000 0.000049
718.900000 0.000021
718.950000 0.000012
719.000000 0.000001
719.050000 0.000028
719.100000 0.000008
719.150000 0.000063
719.200000 0.000008
719.300000 0.000081
719.350000 0.000008
719.400000 0.000113
719.450000 0.000025
719.500000 0.000036
719.550000 0.000032
719.600000 0.000007
719.650000 0.000001
719.700000 0.000006
719.800000 0.000011
719.850000 0.000001
719.900000 0.000012
719.950000 0.000004
720.000000 0.000001
720.050000 0.000087
720.100000 0.000010
720.150000 0.000002
720.200000 0.000022
720.300000 0.000004
720.350000 0.000002
720.400000 0.000002
720.450000 0.000016
720.500000 0.000004
720.550000 0.000007
720.600000 0.000000
720.650000 0.000012
720.700000 0.000004
720.750000 0.000025
720.800000 0.000001
720.850000 0.000138
720.900000 0.000015
721.000000 0.000016
721.050000 0.000011
721.150000 0.000005
721.200000 0.000002
721.250000 0.000001
721.300000 0.000001
721.350000 0.000034
721.400000 0.000015
721.450000 0.000001
721.550000 0.000024
721.650000 0.000002
721.700000 0.000009
721.850000 0.000001
721.900000 0.000003
721.950000 0.000001
722.000000 0.000001
722.150000 0.000004
722.200000 0.000003
722.250000 0.000001
722.300000 0.000000
722.450000 0.000005
722.600000 0.000001
722.650000 0.000002
722.700000 0.000029
722.800000 0.000058
722.900000 0.000015
722.950000 0.004817
723.000000 0.000010
723.100000 0.000038
723.150000 0.000088
723.250000 0.000004
723.400000 0.000004
723.550000 0.000015
723.600000 0.000001
723.900000 0.000001
724.050000 0.000026
724.150000 0.000130
724.200000 0.000001
724.250000 0.000023
724.300000 0.000025
724.350000 0.000108
724.400000 0.000203
724.550000 0.000000
724.600000 0.000040
724.700000 0.000002
724.800000 0.000001
724.850000 0.001536
724.900000 0.007199
725.000000 0.000868
725.150000 0.000454
725.250000 0.017601
725.300000 0.000707
725.350000 0.003261
725.450000 0.001398
725.500000 0.000131
725.550000 0.003325
725.600000 0.001608
725.650000 0.000032
725.700000 0.000277
725.750000 0.002121
725.800000 0.003426
725.850000 0.000533
725.900000 0.000424
726.050000 0.001591
726.150000 0.000177
726.200000 0.003930
726.300000 0.006583
726.350000 0.006432
726.400000 0.000264
726.450000 0.000018
726.500000 0.003071
726.600000 0.000234
726.650000 0.002045
726.750000 0.003432
726.850000 0.001029
726.900000 0.000002
727.000000 0.000534
727.100000 0.000020
727.150000 0.000016
727.200000 0.000272
727.300000 0.002005
727.350000 0.000086
727.500000 0.000050
727.550000 0.000025
727.750000 0.000135
727.850000 0.000370
727.900000 0.000652
728.050000 0.000067
728.100000 0.000003
728.200000 0.000184
728.250000 0.000001
728.300000 0.000304
728.350000 0.000039
728.400000 0.000137
728.450000 0.000292
728.550000 0.000340
728.600000 0.000078
728.650000 0.000436
728.700000 0.000938
728.800000 0.000056
728.900000 0.000363
728.950000 0.000011
729.000000 0.000135
729.050000 0.000174
729.100000 0.000105
729.150000 0.000115
729.200000 0.000675
729.250000 0.000992
729.350000 0.000068
729.400000 0.000045
729.450000 0.000080
729.500000 0.000015
729.550000 0.000016
729.600000 0.000006
729.650000 0.000045
729.700000 0.000003
729.750000 0.000005
729.850000 0.000348
729.900000 0.000001
729.950000 0.000122
730.000000 0.000024
730.050000 0.000003
730.200000 0.000019
730.350000 0.000028
730.400000 0.000051
730.450000 0.000034
730.550000 0.000009
730.650000 0.000013
730.800000 0.000002
730.850000 0.000006
730.900000 0.000014
730.950000 0.000018
731.050000 0.000026
731.100000 0.000010
731.150000 0.000002
731.250000 0.000048
731.300000 0.000000
731.350000 0.000075
731.400000 0.000001
731.450000 0.000006
731.500000 0.000012
731.600000 0.000004
731.650000 0.000028
731.700000 0.000043
731.750000 0.000001
731.800000 0.000003
731.850000 0.000002
731.900000 0.000008
731.950000 0.000000
732.000000 0.000012
732.100000 0.000002
732.200000 0.000032
732.250000 0.000004
732.300000 0.000008
732.450000 0.000016
732.600000 0.000010
732.650000 0.000006
732.750000 0.000046
732.800000 0.000044
732.850000 0.000003
732.900000 0.000000
733.000000 0.000056
733.150000 0.000018
733.250000 0.000003
733.400000 0.000007
733.450000 0.000005
733.700000 0.000027
733.750000 0.000001
733.800000 0.000030
733.900000 0.000019
733.950000 0.000006
734.050000 0.000000
734.100000 0.000009
734.250000 0.000011
734.650000 0.000000
734.750000 0.000001
735.050000 0.000000
735.200000 0.000001
735.350000 0.000001
735.450000 0.000004
735.500000 0.000000
735.550000 0.000001
735.700000 0.000015
735.850000 0.000002
736.050000 0.000002
736.100000 0.000002
736.400000 0.000002
736.500000 0.000000
736.800000 0.000002
736.900000 0.000001
739.100000 0.000002
