700.000000 0.000056
700.050000 0.000073
700.100000 0.000085
700.150000 0.000092
700.200000 0.000095
700.250000 0.000096
700.300000 0.000097
700.350000 0.000098
700.400000 0.000099
700.450000 0.000100
700.500000 0.000101
700.550000 0.000101
700.600000 0.000102
700.650000 0.000103
700.700000 0.000104
700.750000 0.000105
700.800000 0.000105
700.850000 0.000106
700.900000 0.000107
700.950000 0.000108
701.000000 0.000109
701.050000 0.000110
701.100000 0.000111
701.150000 0.000112
701.200000 0.000113
701.250000 0.000114
701.300000 0.000115
701.350000 0.000116
701.400000 0.000117
701.450000 0.000118
701.500000 0.000119
701.550000 0.000120
701.600000 0.000121
701.650000 0.000122
701.700000 0.000123
701.750000 0.000124
701.800000 0.000125
701.850000 0.000126
701.900000 0.000127
701.950000 0.000128
702.000000 0.000130
702.050000 0.000131
702.100000 0.000132
702.150000 0.000133
702.200000 0.000135
702.250000 0.000136
702.300000 0.000137
702.350000 0.000138
702.400000 0.000140
702.450000 0.000141
702.500000 0.000142
702.550000 0.000144
702.600000 0.000145
702.650000 0.000147
702.700000 0.000148
702.750000 0.000150
702.800000 0.000151
702.850000 0.000153
702.900000 0.000154
702.950000 0.000156
703.000000 0.000157
703.050000 0.000159
703.100000 0.000161
703.150000 0.000162
703.200000 0.000164
703.250000 0.000166
703.300000 0.000168
703.350000 0.000169
703.400000 0.000171
703.450000 0.000173
703.500000 0.000175
703.550000 0.000177
703.600000 0.000179
703.650000 0.000181
703.700000 0.000183
703.750000 0.000185
703.800000 0.000187
703.850000 0.000189
703.900000 0.000192
703.950000 0.000194
704.000000 0.000196
704.050000 0.000198
704.100000 0.000201
704.150000 0.000203
704.200000 0.000206
704.250000 0.000208
704.300000 0.000211
704.350000 0.000214
704.400000 0.000216
704.450000 0.000219
704.500000 0.000222
704.550000 0.000225
704.600000 0.000228
704.650000 0.000230
704.700000 0.000234
704.750000 0.000237
704.800000 0.000240
704.850000 0.000243
704.900000 0.000246
704.950000 0.000250
705.000000 0.000253
705.050000 0.000257
705.100000 0.000260
705.150000 0.000264
705.200000 0.000268
705.250000 0.000272
705.300000 0.000276
705.350000 0.000280
705.400000 0.000284
705.450000 0.000289
705.500000 0.000293
705.550000 0.000298
705.600000 0.000302
705.650000 0.000307
705.700000 0.000312
705.750000 0.000317
705.800000 0.000322
705.850000 0.000327
705.900000 0.000333
705.950000 0.000338
706.000000 0.000344
706.050000 0.000350
706.100000 0.000356
706.150000 0.000363
706.200000 0.000369
706.250000 0.000376
706.300000 0.000383
706.350000 0.000390
706.400000 0.000397
706.450000 0.000405
706.500000 0.000413
706.550000 0.000421
706.600000 0.000429
706.650000 0.000438
706.700000 0.000447
706.750000 0.000456
706.800000 0.000466
706.850000 0.000476
706.900000 0.000486
706.950000 0.000497
707.000000 0.000508
707.050000 0.000519
707.100000 0.000531
707.150000 0.000544
707.200000 0.000557
707.250000 0.000571
707.300000 0.000585
707.350000 0.000600
707.400000 0.000615
707.450000 0.000631
707.500000 0.000648
707.550000 0.000666
707.600000 0.000684
707.650000 0.000704
707.700000 0.000724
707.750000 0.000746
707.800000 0.000768
707.850000 0.000792
707.900000 0.000818
707.950000 0.000844
708.000000 0.000873
708.050000 0.000902
708.100000 0.000934
708.150000 0.000968
708.200000 0.001004
708.250000 0.001042
708.300000 0.001083
708.350000 0.001127
708.400000 0.001174
708.450000 0.001225
708.500000 0.001280
708.550000 0.001339
708.600000 0.001402
708.650000 0.001472
708.700000 0.001548
708.750000 0.001630
708.800000 0.001721
708.850000 0.001821
708.900000 0.001931
708.950000 0.002053
709.000000 0.002189
709.050000 0.002341
709.100000 0.002513
709.150000 0.002707
709.200000 0.002927
709.250000 0.003180
709.300000 0.003472
709.350000 0.003812
709.400000 0.004212
709.450000 0.004686
709.500000 0.005254
709.550000 0.005946
709.600000 0.006798
709.650000 0.007867
709.700000 0.009232
709.750000 0.011013
709.800000 0.013390
709.850000 0.016635
709.900000 0.021144
709.950000 0.027438
710.000000 0.036064
710.050000 0.047294
710.100000 0.060614
710.150000 0.074259
710.200000 0.085301
710.250000 0.090664
710.300000 0.088660
710.350000 0.079964
710.400000 0.067215
710.450000 0.053584
710.500000 0.041423
710.550000 0.031776
710.600000 0.024661
710.650000 0.019614
710.700000 0.016094
710.750000 0.013662
710.800000 0.012018
710.850000 0.010975
710.900000 0.010419
710.950000 0.010272
711.000000 0.010450
711.050000 0.010840
711.100000 0.011301
711.150000 0.011695
711.200000 0.011933
711.250000 0.012006
711.300000 0.011977
711.350000 0.011920
711.400000 0.011862
711.450000 0.011754
711.500000 0.011516
711.550000 0.011111
711.600000 0.010581
711.650000 0.010019
711.700000 0.009502
711.750000 0.009059
711.800000 0.008681
711.850000 0.008363
711.900000 0.008130
711.950000 0.008030
712.000000 0.008117
712.050000 0.008439
712.100000 0.009041
712.150000 0.009981
712.200000 0.011340
712.250000 0.013222
712.300000 0.015740
712.350000 0.018981
712.400000 0.022960
712.450000 0.027548
712.500000 0.032409
712.550000 0.036980
712.600000 0.040562
712.650000 0.042558
712.700000 0.042750
712.750000 0.041483
712.800000 0.039578
712.850000 0.038006
712.900000 0.037487
712.950000 0.038223
713.000000 0.039865
713.050000 0.041701
713.100000 0.042982
713.150000 0.043288
713.200000 0.042762
713.250000 0.042072
713.300000 0.042143
713.350000 0.043836
713.400000 0.047762
713.450000 0.054240
713.500000 0.063293
713.550000 0.074534
713.600000 0.086904
713.650000 0.098525
713.700000 0.107053
713.750000 0.110688
713.800000 0.109244
713.850000 0.104454
713.900000 0.099190
713.950000 0.096211
714.000000 0.097209
714.050000 0.102460
714.100000 0.110914
714.150000 0.120490
714.200000 0.128552
714.250000 0.132540
714.300000 0.130726
714.350000 0.122854
714.400000 0.110296
714.450000 0.095529
714.500000 0.081174
714.550000 0.069156
714.600000 0.060370
714.650000 0.054833
714.700000 0.052038
714.750000 0.051265
714.800000 0.051730
714.850000 0.052647
714.900000 0.053267
714.950000 0.052930
715.000000 0.051147
715.050000 0.047724
715.100000 0.042885
715.150000 0.037247
715.200000 0.031607
715.250000 0.026639
715.300000 0.022696
715.350000 0.019801
715.400000 0.017754
715.450000 0.016269
715.500000 0.015075
715.550000 0.013988
715.600000 0.012937
715.650000 0.011938
715.700000 0.011042
715.750000 0.010287
715.800000 0.009680
715.850000 0.009211
715.900000 0.008877
715.950000 0.008686
716.000000 0.008661
716.050000 0.008812
716.100000 0.009122
716.150000 0.009532
716.200000 0.009962
716.250000 0.010332
716.300000 0.010597
716.350000 0.010748
716.400000 0.010814
716.450000 0.010848
716.500000 0.010898
716.550000 0.010982
716.600000 0.011080
716.650000 0.011148
716.700000 0.011141
716.750000 0.011015
716.800000 0.010732
716.850000 0.010279
716.900000 0.009690
716.950000 0.009061
717.000000 0.008512
717.050000 0.008130
717.100000 0.007927
717.150000 0.007833
717.200000 0.007725
717.250000 0.007493
717.300000 0.007087
717.350000 0.006544
717.400000 0.005957
717.450000 0.005426
717.500000 0.005014
717.550000 0.004727
717.600000 0.004533
717.650000 0.004387
717.700000 0.004250
717.750000 0.004102
717.800000 0.003940
717.850000 0.003777
717.900000 0.003630
717.950000 0.003505
718.000000 0.003393
718.050000 0.003267
718.100000 0.003107
718.150000 0.002911
718.200000 0.002697
718.250000 0.002492
718.300000 0.002322
718.350000 0.002194
718.400000 0.002104
718.450000 0.002038
718.500000 0.001979
718.550000 0.001918
718.600000 0.001853
718.650000 0.001784
718.700000 0.001715
718.750000 0.001651
718.800000 0.001598
718.850000 0.001566
718.900000 0.001562
718.950000 0.001595
719.000000 0.001670
719.050000 0.001785
719.100000 0.001930
719.150000 0.002084
719.200000 0.002218
719.250000 0.002302
719.300000 0.002314
719.350000 0.002252
719.400000 0.002130
719.450000 0.001978
719.500000 0.001827
719.550000 0.001696
719.600000 0.001590
719.650000 0.001504
719.700000 0.001427
719.750000 0.001356
719.800000 0.001289
719.850000 0.001230
719.900000 0.001179
719.950000 0.001138
720.000000 0.001107
720.050000 0.001084
720.100000 0.001071
720.150000 0.001068
720.200000 0.001074
720.250000 0.001087
720.300000 0.001107
720.350000 0.001133
720.400000 0.001157
720.450000 0.001175
720.500000 0.001181
720.550000 0.001174
720.600000 0.001157
720.650000 0.001134
720.700000 0.001108
720.750000 0.001079
720.800000 0.001050
720.850000 0.001024
720.900000 0.001004
720.950000 0.000992
721.000000 0.000987
721.050000 0.000986
721.100000 0.000986
721.150000 0.000984
721.200000 0.000978
721.250000 0.000968
721.300000 0.000954
721.350000 0.000936
721.400000 0.000913
721.450000 0.000889
721.500000 0.000865
721.550000 0.000843
721.600000 0.000824
721.650000 0.000809
721.700000 0.000797
721.750000 0.000788
721.800000 0.000782
721.850000 0.000779
721.900000 0.000779
721.950000 0.000780
722.000000 0.000784
722.050000 0.000788
722.100000 0.000794
722.150000 0.000801
722.200000 0.000808
722.250000 0.000817
722.300000 0.000828
722.350000 0.000840
722.400000 0.000854
722.450000 0.000871
722.500000 0.000891
722.550000 0.000916
722.600000 0.000944
722.650000 0.000978
722.700000 0.001017
722.750000 0.001062
722.800000 0.001110
722.850000 0.001159
722.900000 0.001204
722.950000 0.001241
723.000000 0.001269
723.050000 0.001286
723.100000 0.001297
723.150000 0.001306
723.200000 0.001319
723.250000 0.001337
723.300000 0.001363
723.350000 0.001397
723.400000 0.001439
723.450000 0.001488
723.500000 0.001544
723.550000 0.001605
723.600000 0.001673
723.650000 0.001748
723.700000 0.001831
723.750000 0.001923
723.800000 0.002027
723.850000 0.002145
723.900000 0.002280
723.950000 0.002436
724.000000 0.002619
724.050000 0.002834
724.100000 0.003084
724.150000 0.003371
724.200000 0.003684
724.250000 0.004010
724.300000 0.004329
724.350000 0.004626
724.400000 0.004899
724.450000 0.005164
724.500000 0.005453
724.550000 0.005802
724.600000 0.006250
724.650000 0.006827
724.700000 0.007562
724.750000 0.008485
724.800000 0.009631
724.850000 0.011056
724.900000 0.012843
724.950000 0.015107
725.000000 0.017989
725.050000 0.021609
725.100000 0.025988
725.150000 0.030947
725.200000 0.036033
725.250000 0.040563
725.300000 0.043832
725.350000 0.045407
725.400000 0.045339
725.450000 0.044165
725.500000 0.042693
725.550000 0.041728
725.600000 0.041864
725.650000 0.043410
725.700000 0.046396
725.750000 0.050604
725.800000 0.055594
725.850000 0.060725
725.900000 0.065189
725.950000 0.068130
726.000000 0.068836
726.050000 0.066972
726.100000 0.062727
726.150000 0.056775
726.200000 0.050046
726.250000 0.043446
726.300000 0.037644
726.350000 0.032999
726.400000 0.029581
726.450000 0.027237
726.500000 0.025664
726.550000 0.024485
726.600000 0.023346
726.650000 0.022015
726.700000 0.020443
726.750000 0.018746
726.800000 0.017116
726.850000 0.015712
726.900000 0.014598
726.950000 0.013738
727.000000 0.013046
727.050000 0.012444
727.100000 0.011898
727.150000 0.011414
727.200000 0.011004
727.250000 0.010652
727.300000 0.010307
727.350000 0.009908
727.400000 0.009421
727.450000 0.008853
727.500000 0.008247
727.550000 0.007658
727.600000 0.007130
727.650000 0.006698
727.700000 0.006392
727.750000 0.006237
727.800000 0.006245
727.850000 0.006414
727.900000 0.006715
727.950000 0.007095
728.000000 0.007485
728.050000 0.007821
728.100000 0.008057
728.150000 0.008184
728.200000 0.008214
728.250000 0.008172
728.300000 0.008083
728.350000 0.007965
728.400000 0.007833
728.450000 0.007689
728.500000 0.007527
728.550000 0.007325
728.600000 0.007062
728.650000 0.006732
728.700000 0.006349
728.750000 0.005940
728.800000 0.005538
728.850000 0.005166
728.900000 0.004838
728.950000 0.004560
729.000000 0.004335
729.050000 0.004162
729.100000 0.004034
729.150000 0.003934
729.200000 0.003840
729.250000 0.003729
729.300000 0.003591
729.350000 0.003426
729.400000 0.003245
729.450000 0.003056
729.500000 0.002863
729.550000 0.002667
729.600000 0.002466
729.650000 0.002266
729.700000 0.002074
729.750000 0.001897
729.800000 0.001741
729.850000 0.001609
729.900000 0.001498
729.950000 0.001407
730.000000 0.001329
730.050000 0.001263
730.100000 0.001208
730.150000 0.001163
730.200000 0.001132
730.250000 0.001113
730.300000 0.001103
730.350000 0.001100
730.400000 0.001097
730.450000 0.001093
730.500000 0.001084
730.550000 0.001069
730.600000 0.001045
730.650000 0.001013
730.700000 0.000971
730.750000 0.000923
730.800000 0.000873
730.850000 0.000824
730.900000 0.000781
730.950000 0.000744
731.000000 0.000714
731.050000 0.000692
731.100000 0.000677
731.150000 0.000670
731.200000 0.000672
731.250000 0.000682
731.300000 0.000702
731.350000 0.000729
731.400000 0.000760
731.450000 0.000792
731.500000 0.000818
731.550000 0.000836
731.600000 0.000842
731.650000 0.000837
731.700000 0.000822
731.750000 0.000802
731.800000 0.000779
731.850000 0.000757
731.900000 0.000741
731.950000 0.000732
732.000000 0.000733
732.050000 0.000745
732.100000 0.000765
732.150000 0.000790
732.200000 0.000814
732.250000 0.000830
732.300000 0.000833
732.350000 0.000816
732.400000 0.000781
732.450000 0.000731
732.500000 0.000672
732.550000 0.000611
732.600000 0.000554
732.650000 0.000505
732.700000 0.000465
732.750000 0.000433
732.800000 0.000409
732.850000 0.000391
732.900000 0.000378
732.950000 0.000370
733.000000 0.000367
733.050000 0.000368
733.100000 0.000371
733.150000 0.000376
733.200000 0.000378
733.250000 0.000375
733.300000 0.000366
733.350000 0.000349
733.400000 0.000329
733.450000 0.000307
733.500000 0.000286
733.550000 0.000269
733.600000 0.000254
733.650000 0.000242
733.700000 0.000233
733.750000 0.000225
733.800000 0.000219
733.850000 0.000213
733.900000 0.000208
733.950000 0.000203
734.000000 0.000198
734.050000 0.000194
734.100000 0.000189
734.150000 0.000185
734.200000 0.000181
734.250000 0.000177
734.300000 0.000174
734.350000 0.000171
734.400000 0.000169
734.450000 0.000168
734.500000 0.000167
734.550000 0.000165
734.600000 0.000164
734.650000 0.000162
734.700000 0.000160
734.750000 0.000158
734.800000 0.000155
734.850000 0.000153
734.900000 0.000151
734.950000 0.000150
735.000000 0.000149
735.050000 0.000147
735.100000 0.000146
735.150000 0.000144
735.200000 0.000142
735.250000 0.000141
735.300000 0.000139
735.350000 0.000137
735.400000 0.000136
735.450000 0.000135
735.500000 0.000133
735.550000 0.000132
735.600000 0.000130
735.650000 0.000129
735.700000 0.000127
735.750000 0.000126
735.800000 0.000125
735.850000 0.000124
735.900000 0.000123
735.950000 0.000122
736.000000 0.000121
736.050000 0.000120
736.100000 0.000118
736.150000 0.000117
736.200000 0.000115
736.250000 0.000113
736.300000 0.000112
736.350000 0.000110
736.400000 0.000109
736.450000 0.000108
736.500000 0.000107
736.550000 0.000106
736.600000 0.000104
736.650000 0.000103
736.700000 0.000101
736.750000 0.000100
736.800000 0.000099
736.850000 0.000098
736.900000 0.000097
736.950000 0.000096
737.000000 0.000095
737.050000 0.000094
737.100000 0.000093
737.150000 0.000092
737.200000 0.000091
737.250000 0.000089
737.300000 0.000088
737.350000 0.000087
737.400000 0.000086
737.450000 0.000086
737.500000 0.000085
737.550000 0.000084
737.600000 0.000084
737.650000 0.000083
737.700000 0.000083
737.750000 0.000083
737.800000 0.000082
737.850000 0.000081
737.900000 0.000080
737.950000 0.000079
738.000000 0.000079
738.050000 0.000078
738.100000 0.000077
738.150000 0.000076
738.200000 0.000075
738.250000 0.000075
738.300000 0.000074
738.350000 0.000073
738.400000 0.000073
738.450000 0.000072
738.500000 0.000072
738.550000 0.000071
738.600000 0.000071
738.650000 0.000070
738.700000 0.000070
738.750000 0.000070
738.800000 0.000069
738.850000 0.000069
738.900000 0.000069
738.950000 0.000069
739.000000 0.000068
739.050000 0.000068
739.100000 0.000068
739.150000 0.000068
739.200000 0.000067
739.250000 0.000066
739.300000 0.000066
739.350000 0.000065
739.400000 0.000064
739.450000 0.000063
739.500000 0.000063
739.550000 0.000062
739.600000 0.000062
739.650000 0.000061
739.700000 0.000061
739.750000 0.000060
739.800000 0.000060
739.850000 0.000059
739.900000 0.000059
739.950000 0.000059
740.000000 0.000058
740.050000 0.000058
740.100000 0.000057
740.150000 0.000057
740.200000 0.000057
740.250000 0.000056
740.300000 0.000056
740.350000 0.000056
740.400000 0.000055
740.450000 0.000055
740.500000 0.000055
740.550000 0.000054
740.600000 0.000054
740.650000 0.000054
740.700000 0.000053
740.750000 0.000053
740.800000 0.000053
740.850000 0.000052
740.900000 0.000052
740.950000 0.000052
741.000000 0.000051
741.050000 0.000051
741.100000 0.000051
741.150000 0.000051
741.200000 0.000050
741.250000 0.000050
741.300000 0.000050
741.350000 0.000049
741.400000 0.000049
741.450000 0.000049
741.500000 0.000049
741.550000 0.000048
741.600000 0.000048
741.650000 0.000048
741.700000 0.000048
741.750000 0.000047
741.800000 0.000047
741.850000 0.000047
741.900000 0.000047
741.950000 0.000046
742.000000 0.000046
742.050000 0.000046
742.100000 0.000046
742.150000 0.000045
742.200000 0.000045
742.250000 0.000045
742.300000 0.000045
742.350000 0.000044
742.400000 0.000044
742.450000 0.000044
742.500000 0.000044
742.550000 0.000043
742.600000 0.000043
742.650000 0.000043
742.700000 0.000043
742.750000 0.000043
742.800000 0.000042
742.850000 0.000042
742.900000 0.000042
742.950000 0.000042
743.000000 0.000041
743.050000 0.000041
743.100000 0.000041
743.150000 0.000041
743.200000 0.000041
743.250000 0.000040
743.300000 0.000040
743.350000 0.000040
743.400000 0.000040
743.450000 0.000040
743.500000 0.000039
743.550000 0.000039
743.600000 0.000039
743.650000 0.000039
743.700000 0.000039
743.750000 0.000038
743.800000 0.000038
743.850000 0.000038
743.900000 0.000038
743.950000 0.000038
744.000000 0.000038
744.050000 0.000037
744.100000 0.000037
744.150000 0.000037
744.200000 0.000037
744.250000 0.000037
744.300000 0.000037
744.350000 0.000036
744.400000 0.000036
744.450000 0.000036
744.500000 0.000036
744.550000 0.000036
744.600000 0.000035
744.650000 0.000035
744.700000 0.000035
744.750000 0.000035
744.800000 0.000035
744.850000 0.000035
744.900000 0.000035
744.950000 0.000034
745.000000 0.000034
745.050000 0.000034
745.100000 0.000034
745.150000 0.000034
745.200000 0.000034
745.250000 0.000033
745.300000 0.000033
745.350000 0.000033
745.400000 0.000033
745.450000 0.000033
745.500000 0.000033
745.550000 0.000033
745.600000 0.000032
745.650000 0.000032
745.700000 0.000032
745.750000 0.000032
745.800000 0.000032
745.850000 0.000032
745.900000 0.000032
745.950000 0.000031
746.000000 0.000031
746.050000 0.000031
746.100000 0.000031
746.150000 0.000031
746.200000 0.000031
746.250000 0.000031
746.300000 0.000031
746.350000 0.000030
746.400000 0.000030
746.450000 0.000030
746.500000 0.000030
746.550000 0.000030
746.600000 0.000030
746.650000 0.000030
746.700000 0.000030
746.750000 0.000029
746.800000 0.000029
746.850000 0.000029
746.900000 0.000029
746.950000 0.000029
747.000000 0.000029
747.050000 0.000029
747.100000 0.000029
747.150000 0.000028
747.200000 0.000028
747.250000 0.000028
747.300000 0.000028
747.350000 0.000028
747.400000 0.000028
747.450000 0.000028
747.500000 0.000028
747.550000 0.000028
747.600000 0.000027
747.650000 0.000027
747.700000 0.000027
747.750000 0.000027
747.800000 0.000027
747.850000 0.000027
747.900000 0.000027
747.950000 0.000027
748.000000 0.000027
748.050000 0.000027
748.100000 0.000026
748.150000 0.000026
748.200000 0.000026
748.250000 0.000026
748.300000 0.000026
748.350000 0.000026
748.400000 0.000026
748.450000 0.000026
748.500000 0.000026
748.550000 0.000026
748.600000 0.000025
748.650000 0.000025
748.700000 0.000025
748.750000 0.000025
748.800000 0.000025
748.850000 0.000025
748.900000 0.000025
748.950000 0.000025
749.000000 0.000025
749.050000 0.000025
749.100000 0.000025
749.150000 0.000024
749.200000 0.000024
749.250000 0.000024
749.300000 0.000024
749.350000 0.000024
749.400000 0.000024
749.450000 0.000024
749.500000 0.000024
749.550000 0.000024
749.600000 0.000024
749.650000 0.000024
749.700000 0.000023
749.750000 0.000023
749.800000 0.000022
749.850000 0.000021
749.900000 0.000018
749.950000 0.000014

#Sticks
710.250000 0.054358
710.350000 0.000283
711.000000 0.000002
711.100000 0.001603
711.150000 0.000019
711.250000 0.001825
711.300000 0.000000
711.350000 0.000012
711.400000 0.000001
711.450000 0.002059
711.550000 0.001039
711.700000 0.000005
711.800000 0.001089
711.850000 0.000015
711.950000 0.000003
712.050000 0.000014
712.250000 0.000024
712.300000 0.000003
712.350000 0.000002
712.400000 0.000270
712.450000 0.001629
712.500000 0.000003
712.550000 0.000076
712.600000 0.007689
712.700000 0.011731
712.750000 0.000735
712.850000 0.000102
712.900000 0.000164
712.950000 0.000250
713.000000 0.001252
713.050000 0.003680
713.100000 0.000062
713.150000 0.010492
713.250000 0.000484
713.300000 0.000383
713.400000 0.000041
713.500000 0.005013
713.550000 0.000054
713.650000 0.004640
713.750000 0.046099
713.850000 0.000138
713.950000 0.004742
714.000000 0.000241
714.100000 0.000000
714.150000 0.018700
714.250000 0.017828
714.300000 0.032238
714.350000 0.000485
714.400000 0.008456
714.450000 0.000109
714.500000 0.000295
714.550000 0.000775
714.600000 0.000005
714.650000 0.000098
714.700000 0.003118
714.750000 0.000093
714.800000 0.004210
714.900000 0.006079
714.950000 0.002689
715.000000 0.000000
715.050000 0.013261
715.150000 0.000612
715.200000 0.000032
715.250000 0.000131
715.300000 0.000249
715.350000 0.000313
715.400000 0.000021
715.450000 0.000284
715.500000 0.000226
715.550000 0.001817
715.600000 0.000003
715.650000 0.000003
715.700000 0.000029
715.750000 0.000653
715.800000 0.000007
715.850000 0.000359
715.900000 0.000332
716.000000 0.000076
716.050000 0.000014
716.100000 0.000166
716.150000 0.000117
716.200000 0.001498
716.250000 0.000029
716.300000 0.000276
716.350000 0.000001
716.400000 0.001721
716.450000 0.000001
716.500000 0.000044
716.550000 0.001384
716.600000 0.000229
716.650000 0.000008
716.700000 0.001307
716.750000 0.000001
716.800000 0.000172
716.850000 0.002265
716.900000 0.000018
716.950000 0.000232
717.050000 0.000231
717.100000 0.000006
717.150000 0.000592
717.200000 0.000004
717.250000 0.001577
717.300000 0.000002
717.350000 0.000426
717.400000 0.000005
717.450000 0.000000
717.500000 0.000016
717.550000 0.000102
717.600000 0.000427
717.650000 0.000000
717.700000 0.000022
717.750000 0.000385
717.800000 0.000293
717.850000 0.000005
717.900000 0.000001
717.950000 0.000100
718.000000 0.000109
718.050000 0.000003
718.100000 0.000570
718.150000 0.000000
718.200000 0.000064
718.250000 0.000020
718.300000 0.000028
718.400000 0.000026
718.450000 0.000155
718.550000 0.000091
718.600000 0.000014
718.650000 0.000011
718.700000 0.000109
718.750000 0.000033
718.800000 0.000012
718.850000 0.000002
718.900000 0.000012
718.950000 0.000011
719.000000 0.000017
719.050000 0.000001
719.100000 0.000000
719.150000 0.000066
719.200000 0.000276
719.300000 0.000497
719.350000 0.000000
719.400000 0.000096
719.450000 0.000023
719.500000 0.000001
719.550000 0.000001
719.600000 0.000057
719.700000 0.000154
719.800000 0.000000
719.850000 0.000042
719.900000 0.000000
719.950000 0.000043
720.000000 0.000022
720.050000 0.000003
720.100000 0.000006
720.200000 0.000080
720.300000 0.000002
720.400000 0.000068
720.450000 0.000000
720.500000 0.000146
720.550000 0.000000
720.600000 0.000008
720.650000 0.000000
720.700000 0.000120
720.750000 0.000001
720.850000 0.000010
720.900000 0.000000
721.000000 0.000080
721.050000 0.000000
721.150000 0.000052
721.200000 0.000057
721.300000 0.000018
721.350000 0.000064
721.400000 0.000000
721.450000 0.000026
721.550000 0.000001
721.650000 0.000027
721.700000 0.000000
721.800000 0.000002
721.900000 0.000005
722.000000 0.000016
722.150000 0.000013
722.250000 0.000002
722.300000 0.000007
722.350000 0.000003
722.450000 0.000000
722.500000 0.000002
722.650000 0.000012
722.700000 0.000001
722.750000 0.000001
722.800000 0.000002
722.900000 0.000001
722.950000 0.000159
723.000000 0.000000
723.100000 0.000001
723.150000 0.000020
723.200000 0.000002
723.250000 0.000000
723.400000 0.000010
723.550000 0.000000
723.600000 0.000033
723.900000 0.000035
724.050000 0.000001
724.150000 0.000004
724.250000 0.000082
724.300000 0.000001
724.350000 0.000731
724.400000 0.000006
724.550000 0.000013
724.600000 0.000001
724.700000 0.000009
724.800000 0.000029
724.850000 0.000047
724.900000 0.000387
725.000000 0.000052
725.150000 0.000013
725.250000 0.000542
725.300000 0.023026
725.350000 0.000100
725.450000 0.003477
725.500000 0.000004
725.550000 0.000103
725.600000 0.000049
725.650000 0.001038
725.700000 0.000009
725.750000 0.000066
725.800000 0.004492
725.850000 0.000016
725.900000 0.012373
726.050000 0.028919
726.150000 0.005745
726.200000 0.000121
726.300000 0.000205
726.350000 0.000196
726.400000 0.000008
726.450000 0.000581
726.500000 0.000095
726.600000 0.007596
726.650000 0.000063
726.750000 0.000106
726.850000 0.000032
726.900000 0.000049
727.000000 0.002274
727.100000 0.000643
727.150000 0.000000
727.200000 0.000008
727.300000 0.000062
727.350000 0.002784
727.500000 0.000002
727.550000 0.000805
727.750000 0.000004
727.850000 0.000011
727.900000 0.000195
728.050000 0.002177
728.200000 0.001241
728.300000 0.000009
728.350000 0.001259
728.400000 0.000004
728.450000 0.000214
728.550000 0.000010
728.600000 0.001795
728.650000 0.000014
728.700000 0.000482
728.800000 0.000510
728.900000 0.000011
728.950000 0.000370
729.000000 0.000152
729.050000 0.000005
729.100000 0.000003
729.150000 0.000004
729.200000 0.000382
729.250000 0.000672
729.350000 0.000002
729.400000 0.000001
729.450000 0.000002
729.500000 0.000484
729.550000 0.000001
729.600000 0.000182
729.650000 0.000001
729.700000 0.000084
729.750000 0.000000
729.850000 0.000011
729.900000 0.000031
729.950000 0.000004
730.000000 0.000001
730.050000 0.000100
730.200000 0.000001
730.350000 0.000001
730.400000 0.000147
730.450000 0.000001
730.550000 0.000062
730.650000 0.000158
730.850000 0.000038
730.900000 0.000004
730.950000 0.000001
731.050000 0.000025
731.100000 0.000000
731.250000 0.000007
731.300000 0.000005
731.350000 0.000002
731.450000 0.000097
731.500000 0.000000
731.600000 0.000120
731.650000 0.000001
731.700000 0.000091
731.850000 0.000057
731.900000 0.000000
731.950000 0.000015
732.000000 0.000000
732.100000 0.000081
732.200000 0.000001
732.250000 0.000000
732.300000 0.000261
732.450000 0.000077
732.600000 0.000000
732.650000 0.000004
732.750000 0.000001
732.800000 0.000001
732.900000 0.000016
733.000000 0.000002
733.150000 0.000001
733.250000 0.000099
733.400000 0.000000
733.450000 0.000000
733.700000 0.000001
733.750000 0.000004
733.800000 0.000001
733.900000 0.000001
733.950000 0.000002
734.050000 0.000005
734.100000 0.000000
734.250000 0.000000
734.550000 0.000002
734.650000 0.000007
735.050000 0.000007
735.300000 0.000002
735.450000 0.000000
735.500000 0.000004
735.650000 0.000002
735.700000 0.000000
735.950000 0.000003
736.100000 0.000005
736.500000 0.000004
737.000000 0.000003
737.800000 0.000002
739.150000 0.000002
