700.000000 0.000057
700.050000 0.000074
700.100000 0.000086
700.150000 0.000093
700.200000 0.000096
700.250000 0.000098
700.300000 0.000099
700.350000 0.000099
700.400000 0.000100
700.450000 0.000101
700.500000 0.000102
700.550000 0.000103
700.600000 0.000103
700.650000 0.000104
700.700000 0.000105
700.750000 0.000106
700.800000 0.000107
700.850000 0.000108
700.900000 0.000109
700.950000 0.000110
701.000000 0.000110
701.050000 0.000111
701.100000 0.000112
701.150000 0.000113
701.200000 0.000114
701.250000 0.000115
701.300000 0.000116
701.350000 0.000117
701.400000 0.000118
701.450000 0.000119
701.500000 0.000120
701.550000 0.000121
701.600000 0.000122
701.650000 0.000123
701.700000 0.000124
701.750000 0.000126
701.800000 0.000127
701.850000 0.000128
701.900000 0.000129
701.950000 0.000130
702.000000 0.000131
702.050000 0.000133
702.100000 0.000134
702.150000 0.000135
702.200000 0.000136
702.250000 0.000138
702.300000 0.000139
702.350000 0.000140
702.400000 0.000142
702.450000 0.000143
702.500000 0.000144
702.550000 0.000146
702.600000 0.000147
702.650000 0.000149
702.700000 0.000150
702.750000 0.000152
702.800000 0.000153
702.850000 0.000155
702.900000 0.000156
702.950000 0.000158
703.000000 0.000160
703.050000 0.000161
703.100000 0.000163
703.150000 0.000165
703.200000 0.000166
703.250000 0.000168
703.300000 0.000170
703.350000 0.000172
703.400000 0.000174
703.450000 0.000176
703.500000 0.000177
703.550000 0.000179
703.600000 0.000181
703.650000 0.000184
703.700000 0.000186
703.750000 0.000188
703.800000 0.000190
703.850000 0.000192
703.900000 0.000194
703.950000 0.000197
704.000000 0.000199
704.050000 0.000201
704.100000 0.000204
704.150000 0.000206
704.200000 0.000209
704.250000 0.000211
704.300000 0.000214
704.350000 0.000217
704.400000 0.000219
704.450000 0.000222
704.500000 0.000225
704.550000 0.000228
704.600000 0.000231
704.650000 0.000234
704.700000 0.000237
704.750000 0.000240
704.800000 0.000243
704.850000 0.000247
704.900000 0.000250
704.950000 0.000253
705.000000 0.000257
705.050000 0.000261
705.100000 0.000264
705.150000 0.000268
705.200000 0.000272
705.250000 0.000276
705.300000 0.000280
705.350000 0.000284
705.400000 0.000288
705.450000 0.000293
705.500000 0.000297
705.550000 0.000302
705.600000 0.000307
705.650000 0.000312
705.700000 0.000317
705.750000 0.000322
705.800000 0.000327
705.850000 0.000332
705.900000 0.000338
705.950000 0.000344
706.000000 0.000350
706.050000 0.000356
706.100000 0.000362
706.150000 0.000368
706.200000 0.000375
706.250000 0.000382
706.300000 0.000389
706.350000 0.000396
706.400000 0.000403
706.450000 0.000411
706.500000 0.000419
706.550000 0.000427
706.600000 0.000436
706.650000 0.000445
706.700000 0.000454
706.750000 0.000463
706.800000 0.000473
706.850000 0.000483
706.900000 0.000494
706.950000 0.000505
707.000000 0.000516
707.050000 0.000528
707.100000 0.000540
707.150000 0.000553
707.200000 0.000566
707.250000 0.000580
707.300000 0.000595
707.350000 0.000610
707.400000 0.000626
707.450000 0.000642
707.500000 0.000659
707.550000 0.000677
707.600000 0.000696
707.650000 0.000716
707.700000 0.000737
707.750000 0.000759
707.800000 0.000782
707.850000 0.000807
707.900000 0.000832
707.950000 0.000860
708.000000 0.000889
708.050000 0.000919
708.100000 0.000952
708.150000 0.000986
708.200000 0.001023
708.250000 0.001062
708.300000 0.001104
708.350000 0.001149
708.400000 0.001197
708.450000 0.001249
708.500000 0.001305
708.550000 0.001365
708.600000 0.001431
708.650000 0.001502
708.700000 0.001579
708.750000 0.001664
708.800000 0.001756
708.850000 0.001859
708.900000 0.001971
708.950000 0.002097
709.000000 0.002236
709.050000 0.002392
709.100000 0.002568
709.150000 0.002766
709.200000 0.002993
709.250000 0.003252
709.300000 0.003552
709.350000 0.003901
709.400000 0.004310
709.450000 0.004796
709.500000 0.005380
709.550000 0.006089
709.600000 0.006964
709.650000 0.008061
709.700000 0.009463
709.750000 0.011292
709.800000 0.013734
709.850000 0.017068
709.900000 0.021701
709.950000 0.028168
710.000000 0.037032
710.050000 0.048567
710.100000 0.062245
710.150000 0.076244
710.200000 0.087552
710.250000 0.093009
710.300000 0.090893
710.350000 0.081915
710.400000 0.068798
710.450000 0.054803
710.500000 0.042339
710.550000 0.032463
710.600000 0.025187
710.650000 0.020027
710.700000 0.016427
710.750000 0.013937
710.800000 0.012251
710.850000 0.011176
710.900000 0.010598
710.950000 0.010434
711.000000 0.010602
711.050000 0.010990
711.100000 0.011455
711.150000 0.011859
711.200000 0.012108
711.250000 0.012194
711.300000 0.012177
711.350000 0.012132
711.400000 0.012083
711.450000 0.011979
711.500000 0.011738
711.550000 0.011321
711.600000 0.010773
711.650000 0.010187
711.700000 0.009646
711.750000 0.009179
711.800000 0.008779
711.850000 0.008441
711.900000 0.008190
711.950000 0.008074
712.000000 0.008149
712.050000 0.008458
712.100000 0.009049
712.150000 0.009978
712.200000 0.011325
712.250000 0.013194
712.300000 0.015692
712.350000 0.018904
712.400000 0.022840
712.450000 0.027370
712.500000 0.032167
712.550000 0.036678
712.600000 0.040218
712.650000 0.042184
712.700000 0.042348
712.750000 0.041040
712.800000 0.039084
712.850000 0.037468
712.900000 0.036938
712.950000 0.037708
713.000000 0.039423
713.050000 0.041338
713.100000 0.042673
713.150000 0.042996
713.200000 0.042467
713.250000 0.041796
713.300000 0.041951
713.350000 0.043818
713.400000 0.048006
713.450000 0.054817
713.500000 0.064258
713.550000 0.075919
713.600000 0.088710
713.650000 0.100693
713.700000 0.109460
713.750000 0.113157
713.800000 0.111603
713.850000 0.106590
713.900000 0.101090
713.950000 0.097951
714.000000 0.098912
714.050000 0.104249
714.100000 0.112862
714.150000 0.122597
714.200000 0.130740
714.250000 0.134677
714.300000 0.132661
714.350000 0.124460
714.400000 0.111505
714.450000 0.096344
714.500000 0.081663
714.550000 0.069425
714.600000 0.060532
714.650000 0.054989
714.700000 0.052273
714.750000 0.051638
714.800000 0.052273
714.850000 0.053359
714.900000 0.054116
714.950000 0.053858
715.000000 0.052081
715.050000 0.048593
715.100000 0.043631
715.150000 0.037839
715.200000 0.032045
715.250000 0.026944
715.300000 0.022901
715.350000 0.019939
715.400000 0.017851
715.450000 0.016341
715.500000 0.015133
715.550000 0.014034
715.600000 0.012968
715.650000 0.011953
715.700000 0.011041
715.750000 0.010271
715.800000 0.009653
715.850000 0.009179
715.900000 0.008845
715.950000 0.008661
716.000000 0.008645
716.050000 0.008810
716.100000 0.009134
716.150000 0.009557
716.200000 0.009995
716.250000 0.010369
716.300000 0.010629
716.350000 0.010767
716.400000 0.010814
716.450000 0.010825
716.500000 0.010851
716.550000 0.010911
716.600000 0.010985
716.650000 0.011033
716.700000 0.011009
716.750000 0.010875
716.800000 0.010595
716.850000 0.010155
716.900000 0.009587
716.950000 0.008982
717.000000 0.008459
717.050000 0.008103
717.100000 0.007927
717.150000 0.007858
717.200000 0.007771
717.250000 0.007553
717.300000 0.007153
717.350000 0.006608
717.400000 0.006014
717.450000 0.005477
717.500000 0.005060
717.550000 0.004772
717.600000 0.004580
717.650000 0.004437
717.700000 0.004302
717.750000 0.004154
717.800000 0.003990
717.850000 0.003825
717.900000 0.003676
717.950000 0.003550
718.000000 0.003436
718.050000 0.003308
718.100000 0.003146
718.150000 0.002945
718.200000 0.002726
718.250000 0.002517
718.300000 0.002343
718.350000 0.002213
718.400000 0.002122
718.450000 0.002054
718.500000 0.001995
718.550000 0.001933
718.600000 0.001866
718.650000 0.001796
718.700000 0.001727
718.750000 0.001663
718.800000 0.001610
718.850000 0.001578
718.900000 0.001576
718.950000 0.001611
719.000000 0.001689
719.050000 0.001807
719.100000 0.001957
719.150000 0.002116
719.200000 0.002254
719.250000 0.002340
719.300000 0.002352
719.350000 0.002287
719.400000 0.002162
719.450000 0.002006
719.500000 0.001852
719.550000 0.001719
719.600000 0.001611
719.650000 0.001524
719.700000 0.001446
719.750000 0.001374
719.800000 0.001305
719.850000 0.001244
719.900000 0.001192
719.950000 0.001150
720.000000 0.001117
720.050000 0.001094
720.100000 0.001081
720.150000 0.001078
720.200000 0.001085
720.250000 0.001099
720.300000 0.001121
720.350000 0.001147
720.400000 0.001173
720.450000 0.001191
720.500000 0.001197
720.550000 0.001189
720.600000 0.001170
720.650000 0.001146
720.700000 0.001117
720.750000 0.001087
720.800000 0.001056
720.850000 0.001029
720.900000 0.001009
720.950000 0.000997
721.000000 0.000993
721.050000 0.000993
721.100000 0.000993
721.150000 0.000991
721.200000 0.000986
721.250000 0.000976
721.300000 0.000961
721.350000 0.000942
721.400000 0.000919
721.450000 0.000894
721.500000 0.000869
721.550000 0.000846
721.600000 0.000826
721.650000 0.000810
721.700000 0.000797
721.750000 0.000788
721.800000 0.000781
721.850000 0.000777
721.900000 0.000776
721.950000 0.000777
722.000000 0.000779
722.050000 0.000782
722.100000 0.000787
722.150000 0.000792
722.200000 0.000797
722.250000 0.000804
722.300000 0.000811
722.350000 0.000819
722.400000 0.000829
722.450000 0.000840
722.500000 0.000853
722.550000 0.000867
722.600000 0.000884
722.650000 0.000901
722.700000 0.000920
722.750000 0.000941
722.800000 0.000963
722.850000 0.000987
722.900000 0.001014
722.950000 0.001042
723.000000 0.001072
723.050000 0.001104
723.100000 0.001137
723.150000 0.001172
723.200000 0.001210
723.250000 0.001250
723.300000 0.001294
723.350000 0.001342
723.400000 0.001395
723.450000 0.001452
723.500000 0.001515
723.550000 0.001581
723.600000 0.001653
723.650000 0.001731
723.700000 0.001816
723.750000 0.001910
723.800000 0.002015
723.850000 0.002134
723.900000 0.002269
723.950000 0.002425
724.000000 0.002607
724.050000 0.002822
724.100000 0.003072
724.150000 0.003358
724.200000 0.003671
724.250000 0.003995
724.300000 0.004310
724.350000 0.004600
724.400000 0.004863
724.450000 0.005112
724.500000 0.005380
724.550000 0.005703
724.600000 0.006117
724.650000 0.006654
724.700000 0.007343
724.750000 0.008217
724.800000 0.009320
724.850000 0.010715
724.900000 0.012490
724.950000 0.014765
725.000000 0.017676
725.050000 0.021340
725.100000 0.025775
725.150000 0.030801
725.200000 0.035962
725.250000 0.040575
725.300000 0.043927
725.350000 0.045572
725.400000 0.045557
725.450000 0.044418
725.500000 0.042974
725.550000 0.042044
725.600000 0.042240
725.650000 0.043879
725.700000 0.046994
725.750000 0.051365
725.800000 0.056539
725.850000 0.061853
725.900000 0.066472
725.950000 0.069509
726.000000 0.070224
726.050000 0.068270
726.100000 0.063845
726.150000 0.057650
726.200000 0.050654
726.250000 0.043803
726.300000 0.037800
726.350000 0.033017
726.400000 0.029526
726.450000 0.027162
726.500000 0.025603
726.550000 0.024450
726.600000 0.023333
726.650000 0.022015
726.700000 0.020445
726.750000 0.018748
726.800000 0.017121
726.850000 0.015727
726.900000 0.014629
726.950000 0.013788
727.000000 0.013113
727.050000 0.012523
727.100000 0.011983
727.150000 0.011500
727.200000 0.011090
727.250000 0.010739
727.300000 0.010396
727.350000 0.010000
727.400000 0.009515
727.450000 0.008947
727.500000 0.008339
727.550000 0.007745
727.600000 0.007210
727.650000 0.006772
727.700000 0.006460
727.750000 0.006302
727.800000 0.006311
727.850000 0.006487
727.900000 0.006800
727.950000 0.007196
728.000000 0.007602
728.050000 0.007952
728.100000 0.008199
728.150000 0.008331
728.200000 0.008362
728.250000 0.008317
728.300000 0.008221
728.350000 0.008096
728.400000 0.007954
728.450000 0.007801
728.500000 0.007628
728.550000 0.007415
728.600000 0.007141
728.650000 0.006799
728.700000 0.006403
728.750000 0.005983
728.800000 0.005571
728.850000 0.005190
728.900000 0.004854
728.950000 0.004569
729.000000 0.004336
729.050000 0.004157
729.100000 0.004023
729.150000 0.003920
729.200000 0.003825
729.250000 0.003717
729.300000 0.003583
729.350000 0.003424
729.400000 0.003249
729.450000 0.003065
729.500000 0.002876
729.550000 0.002681
729.600000 0.002480
729.650000 0.002277
729.700000 0.002082
729.750000 0.001901
729.800000 0.001742
729.850000 0.001607
729.900000 0.001496
729.950000 0.001404
730.000000 0.001328
730.050000 0.001263
730.100000 0.001209
730.150000 0.001167
730.200000 0.001136
730.250000 0.001119
730.300000 0.001110
730.350000 0.001108
730.400000 0.001106
730.450000 0.001103
730.500000 0.001095
730.550000 0.001080
730.600000 0.001058
730.650000 0.001025
730.700000 0.000983
730.750000 0.000934
730.800000 0.000882
730.850000 0.000833
730.900000 0.000788
730.950000 0.000749
731.000000 0.000719
731.050000 0.000696
731.100000 0.000680
731.150000 0.000673
731.200000 0.000675
731.250000 0.000686
731.300000 0.000706
731.350000 0.000734
731.400000 0.000767
731.450000 0.000800
731.500000 0.000828
731.550000 0.000846
731.600000 0.000853
731.650000 0.000848
731.700000 0.000834
731.750000 0.000813
731.800000 0.000790
731.850000 0.000768
731.900000 0.000752
731.950000 0.000743
732.000000 0.000745
732.050000 0.000757
732.100000 0.000778
732.150000 0.000803
732.200000 0.000828
732.250000 0.000846
732.300000 0.000848
732.350000 0.000831
732.400000 0.000795
732.450000 0.000743
732.500000 0.000682
732.550000 0.000619
732.600000 0.000560
732.650000 0.000509
732.700000 0.000467
732.750000 0.000434
732.800000 0.000409
732.850000 0.000391
732.900000 0.000378
732.950000 0.000370
733.000000 0.000367
733.050000 0.000368
733.100000 0.000373
733.150000 0.000378
733.200000 0.000381
733.250000 0.000379
733.300000 0.000369
733.350000 0.000352
733.400000 0.000331
733.450000 0.000309
733.500000 0.000288
733.550000 0.000269
733.600000 0.000254
733.650000 0.000242
733.700000 0.000232
733.750000 0.000224
733.800000 0.000218
733.850000 0.000212
733.900000 0.000207
733.950000 0.000202
734.000000 0.000198
734.050000 0.000193
734.100000 0.000189
734.150000 0.000185
734.200000 0.000181
734.250000 0.000177
734.300000 0.000174
734.350000 0.000172
734.400000 0.000170
734.450000 0.000169
734.500000 0.000168
734.550000 0.000167
734.600000 0.000165
734.650000 0.000163
734.700000 0.000161
734.750000 0.000159
734.800000 0.000156
734.850000 0.000154
734.900000 0.000153
734.950000 0.000151
735.000000 0.000150
735.050000 0.000149
735.100000 0.000147
735.150000 0.000145
735.200000 0.000144
735.250000 0.000142
735.300000 0.000140
735.350000 0.000138
735.400000 0.000137
735.450000 0.000135
735.500000 0.000134
735.550000 0.000132
735.600000 0.000131
735.650000 0.000129
735.700000 0.000128
735.750000 0.000126
735.800000 0.000125
735.850000 0.000124
735.900000 0.000123
735.950000 0.000122
736.000000 0.000122
736.050000 0.000121
736.100000 0.000119
736.150000 0.000118
736.200000 0.000116
736.250000 0.000114
736.300000 0.000113
736.350000 0.000111
736.400000 0.000110
736.450000 0.000109
736.500000 0.000108
736.550000 0.000106
736.600000 0.000105
736.650000 0.000103
736.700000 0.000102
736.750000 0.000101
736.800000 0.000099
736.850000 0.000099
736.900000 0.000098
736.950000 0.000097
737.000000 0.000096
737.050000 0.000095
737.100000 0.000094
737.150000 0.000093
737.200000 0.000092
737.250000 0.000090
737.300000 0.000089
737.350000 0.000088
737.400000 0.000087
737.450000 0.000086
737.500000 0.000086
737.550000 0.000085
737.600000 0.000085
737.650000 0.000084
737.700000 0.000084
737.750000 0.000083
737.800000 0.000083
737.850000 0.000082
737.900000 0.000081
737.950000 0.000080
738.000000 0.000079
738.050000 0.000078
738.100000 0.000077
738.150000 0.000077
738.200000 0.000076
738.250000 0.000075
738.300000 0.000075
738.350000 0.000074
738.400000 0.000073
738.450000 0.000073
738.500000 0.000072
738.550000 0.000072
738.600000 0.000071
738.650000 0.000071
738.700000 0.000070
738.750000 0.000070
738.800000 0.000070
738.850000 0.000069
738.900000 0.000069
738.950000 0.000069
739.000000 0.000069
739.050000 0.000069
739.100000 0.000069
739.150000 0.000068
739.200000 0.000068
739.250000 0.000067
739.300000 0.000066
739.350000 0.000065
739.400000 0.000065
739.450000 0.000064
739.500000 0.000063
739.550000 0.000063
739.600000 0.000062
739.650000 0.000062
739.700000 0.000061
739.750000 0.000061
739.800000 0.000060
739.850000 0.000060
739.900000 0.000059
739.950000 0.000059
740.000000 0.000059
740.050000 0.000058
740.100000 0.000058
740.150000 0.000058
740.200000 0.000057
740.250000 0.000057
740.300000 0.000056
740.350000 0.000056
740.400000 0.000056
740.450000 0.000055
740.500000 0.000055
740.550000 0.000055
740.600000 0.000054
740.650000 0.000054
740.700000 0.000054
740.750000 0.000053
740.800000 0.000053
740.850000 0.000053
740.900000 0.000053
740.950000 0.000052
741.000000 0.000052
741.050000 0.000052
741.100000 0.000051
741.150000 0.000051
741.200000 0.000051
741.250000 0.000050
741.300000 0.000050
741.350000 0.000050
741.400000 0.000050
741.450000 0.000049
741.500000 0.000049
741.550000 0.000049
741.600000 0.000048
741.650000 0.000048
741.700000 0.000048
741.750000 0.000048
741.800000 0.000047
741.850000 0.000047
741.900000 0.000047
741.950000 0.000047
742.000000 0.000046
742.050000 0.000046
742.100000 0.000046
742.150000 0.000046
742.200000 0.000045
742.250000 0.000045
742.300000 0.000045
742.350000 0.000045
742.400000 0.000044
742.450000 0.000044
742.500000 0.000044
742.550000 0.000044
742.600000 0.000044
742.650000 0.000043
742.700000 0.000043
742.750000 0.000043
742.800000 0.000043
742.850000 0.000042
742.900000 0.000042
742.950000 0.000042
743.000000 0.000042
743.050000 0.000042
743.100000 0.000041
743.150000 0.000041
743.200000 0.000041
743.250000 0.000041
743.300000 0.000041
743.350000 0.000040
743.400000 0.000040
743.450000 0.000040
743.500000 0.000040
743.550000 0.000040
743.600000 0.000039
743.650000 0.000039
743.700000 0.000039
743.750000 0.000039
743.800000 0.000039
743.850000 0.000038
743.900000 0.000038
743.950000 0.000038
744.000000 0.000038
744.050000 0.000038
744.100000 0.000038
744.150000 0.000037
744.200000 0.000037
744.250000 0.000037
744.300000 0.000037
744.350000 0.000037
744.400000 0.000036
744.450000 0.000036
744.500000 0.000036
744.550000 0.000036
744.600000 0.000036
744.650000 0.000036
744.700000 0.000035
744.750000 0.000035
744.800000 0.000035
744.850000 0.000035
744.900000 0.000035
744.950000 0.000035
745.000000 0.000035
745.050000 0.000034
745.100000 0.000034
745.150000 0.000034
745.200000 0.000034
745.250000 0.000034
745.300000 0.000034
745.350000 0.000033
745.400000 0.000033
745.450000 0.000033
745.500000 0.000033
745.550000 0.000033
745.600000 0.000033
745.650000 0.000033
745.700000 0.000032
745.750000 0.000032
745.800000 0.000032
745.850000 0.000032
745.900000 0.000032
745.950000 0.000032
746.000000 0.000032
746.050000 0.000031
746.100000 0.000031
746.150000 0.000031
746.200000 0.000031
746.250000 0.000031
746.300000 0.000031
746.350000 0.000031
746.400000 0.000031
746.450000 0.000030
746.500000 0.000030
746.550000 0.000030
746.600000 0.000030
746.650000 0.000030
746.700000 0.000030
746.750000 0.000030
746.800000 0.000030
746.850000 0.000029
746.900000 0.000029
746.950000 0.000029
747.000000 0.000029
747.050000 0.000029
747.100000 0.000029
747.150000 0.000029
747.200000 0.000029
747.250000 0.000029
747.300000 0.000028
747.350000 0.000028
747.400000 0.000028
747.450000 0.000028
747.500000 0.000028
747.550000 0.000028
747.600000 0.000028
747.650000 0.000028
747.700000 0.000028
747.750000 0.000027
747.800000 0.000027
747.850000 0.000027
747.900000 0.000027
747.950000 0.000027
748.000000 0.000027
748.050000 0.000027
748.100000 0.000027
748.150000 0.000027
748.200000 0.000026
748.250000 0.000026
748.300000 0.000026
748.350000 0.000026
748.400000 0.000026
748.450000 0.000026
748.500000 0.000026
748.550000 0.000026
748.600000 0.000026
748.650000 0.000026
748.700000 0.000025
748.750000 0.000025
748.800000 0.000025
748.850000 0.000025
748.900000 0.000025
748.950000 0.000025
749.000000 0.000025
749.050000 0.000025
749.100000 0.000025
749.150000 0.000025
749.200000 0.000025
749.250000 0.000024
749.300000 0.000024
749.350000 0.000024
749.400000 0.000024
749.450000 0.000024
749.500000 0.000024
749.550000 0.000024
749.600000 0.000024
749.650000 0.000024
749.700000 0.000024
749.750000 0.000023
749.800000 0.000023
749.850000 0.000021
749.900000 0.000018
749.950000 0.000014

#Sticks
710.250000 0.056031
711.100000 0.001605
711.250000 0.001881
711.450000 0.002122
711.550000 0.001070
711.800000 0.001123
712.050000 0.000014
712.250000 0.000014
712.400000 0.000278
712.450000 0.001679
712.600000 0.007403
712.700000 0.011991
712.750000 0.000708
713.000000 0.001291
713.050000 0.003741
713.150000 0.010804
713.300000 0.000354
713.500000 0.005161
713.650000 0.004763
713.750000 0.047459
713.950000 0.004888
714.150000 0.019275
714.250000 0.018178
714.300000 0.033230
714.400000 0.008575
714.550000 0.000799
714.700000 0.003081
714.800000 0.004316
714.900000 0.006253
714.950000 0.002772
715.050000 0.013606
715.150000 0.000630
715.250000 0.000075
715.300000 0.000249
715.350000 0.000313
715.400000 0.000019
715.450000 0.000264
715.500000 0.000191
715.550000 0.001862
715.650000 0.000003
715.750000 0.000663
715.850000 0.000343
715.900000 0.000319
716.000000 0.000075
716.100000 0.000171
716.150000 0.000113
716.200000 0.001544
716.300000 0.000283
716.400000 0.001748
716.550000 0.001424
716.600000 0.000197
716.700000 0.001287
716.800000 0.000068
716.850000 0.002329
716.950000 0.000219
717.050000 0.000237
717.150000 0.000582
717.250000 0.001624
717.350000 0.000438
717.400000 0.000005
717.550000 0.000104
717.600000 0.000440
717.700000 0.000021
717.750000 0.000397
717.800000 0.000301
717.950000 0.000103
718.000000 0.000111
718.100000 0.000586
718.200000 0.000064
718.250000 0.000017
718.300000 0.000029
718.400000 0.000025
718.450000 0.000159
718.550000 0.000093
718.600000 0.000009
718.650000 0.000011
718.700000 0.000112
718.750000 0.000033
718.800000 0.000012
718.900000 0.000012
718.950000 0.000011
719.000000 0.000018
719.150000 0.000066
719.200000 0.000284
719.300000 0.000510
719.400000 0.000095
719.450000 0.000023
719.600000 0.000059
719.700000 0.000159
719.850000 0.000043
719.950000 0.000044
720.000000 0.000023
720.100000 0.000006
720.200000 0.000082
720.300000 0.000002
720.400000 0.000070
720.500000 0.000150
720.600000 0.000008
720.700000 0.000124
720.850000 0.000006
721.000000 0.000082
721.150000 0.000054
721.200000 0.000059
721.300000 0.000019
721.350000 0.000065
721.450000 0.000027
721.650000 0.000028
721.800000 0.000002
721.900000 0.000005
722.000000 0.000016
722.150000 0.000013
722.250000 0.000002
722.300000 0.000007
722.350000 0.000003
722.500000 0.000002
722.650000 0.000012
722.750000 0.000001
722.900000 0.000001
722.950000 0.000011
723.150000 0.000018
723.200000 0.000002
723.400000 0.000010
723.600000 0.000034
723.900000 0.000036
724.250000 0.000084
724.350000 0.000751
724.550000 0.000013
724.700000 0.000009
724.800000 0.000030
724.900000 0.000171
725.000000 0.000026
725.300000 0.023735
725.450000 0.003543
725.650000 0.001070
725.800000 0.004526
725.900000 0.012752
726.050000 0.029787
726.150000 0.005922
726.450000 0.000599
726.600000 0.007830
726.900000 0.000051
727.000000 0.002329
727.100000 0.000663
727.350000 0.002870
727.550000 0.000830
727.900000 0.000181
728.050000 0.002244
728.200000 0.001275
728.350000 0.001298
728.450000 0.000211
728.600000 0.001850
728.700000 0.000468
728.800000 0.000524
728.950000 0.000381
729.000000 0.000153
729.200000 0.000373
729.250000 0.000662
729.500000 0.000499
729.600000 0.000188
729.700000 0.000087
729.900000 0.000032
730.050000 0.000103
730.400000 0.000150
730.550000 0.000064
730.650000 0.000163
730.850000 0.000039
730.900000 0.000004
731.050000 0.000025
731.250000 0.000006
731.300000 0.000005
731.450000 0.000100
731.600000 0.000124
731.700000 0.000092
731.850000 0.000059
731.950000 0.000015
732.100000 0.000083
732.300000 0.000269
732.450000 0.000079
732.650000 0.000004
732.900000 0.000016
733.250000 0.000102
733.750000 0.000004
733.950000 0.000002
734.050000 0.000005
734.550000 0.000002
734.650000 0.000007
735.050000 0.000007
735.300000 0.000002
735.500000 0.000004
735.650000 0.000002
735.950000 0.000003
736.100000 0.000005
736.500000 0.000004
737.000000 0.000003
737.800000 0.000002
739.150000 0.000002
