700.000000 -0.000024
700.050000 -0.000031
700.100000 -0.000036
700.150000 -0.000039
700.200000 -0.000041
700.250000 -0.000041
700.300000 -0.000042
700.350000 -0.000042
700.400000 -0.000043
700.450000 -0.000043
700.500000 -0.000043
700.550000 -0.000044
700.600000 -0.000044
700.650000 -0.000045
700.700000 -0.000045
700.750000 -0.000045
700.800000 -0.000046
700.850000 -0.000046
700.900000 -0.000047
700.950000 -0.000047
701.000000 -0.000048
701.050000 -0.000048
701.100000 -0.000048
701.150000 -0.000049
701.200000 -0.000049
701.250000 -0.000050
701.300000 -0.000050
701.350000 -0.000051
701.400000 -0.000051
701.450000 -0.000052
701.500000 -0.000052
701.550000 -0.000053
701.600000 -0.000053
701.650000 -0.000054
701.700000 -0.000054
701.750000 -0.000055
701.800000 -0.000055
701.850000 -0.000056
701.900000 -0.000057
701.950000 -0.000057
702.000000 -0.000058
702.050000 -0.000058
702.100000 -0.000059
702.150000 -0.000060
702.200000 -0.000060
702.250000 -0.000061
702.300000 -0.000061
702.350000 -0.000062
702.400000 -0.000063
702.450000 -0.000063
702.500000 -0.000064
702.550000 -0.000065
702.600000 -0.000066
702.650000 -0.000066
702.700000 -0.000067
702.750000 -0.000068
702.800000 -0.000069
702.850000 -0.000069
702.900000 -0.000070
702.950000 -0.000071
703.000000 -0.000072
703.050000 -0.000073
703.100000 -0.000074
703.150000 -0.000074
703.200000 -0.000075
703.250000 -0.000076
703.300000 -0.000077
703.350000 -0.000078
703.400000 -0.000079
703.450000 -0.000080
703.500000 -0.000081
703.550000 -0.000082
703.600000 -0.000083
703.650000 -0.000084
703.700000 -0.000085
703.750000 -0.000086
703.800000 -0.000088
703.850000 -0.000089
703.900000 -0.000090
703.950000 -0.000091
704.000000 -0.000092
704.050000 -0.000094
704.100000 -0.000095
704.150000 -0.000096
704.200000 -0.000098
704.250000 -0.000099
704.300000 -0.000100
704.350000 -0.000102
704.400000 -0.000103
704.450000 -0.000105
704.500000 -0.000106
704.550000 -0.000108
704.600000 -0.000109
704.650000 -0.000111
704.700000 -0.000113
704.750000 -0.000115
704.800000 -0.000116
704.850000 -0.000118
704.900000 -0.000120
704.950000 -0.000122
705.000000 -0.000124
705.050000 -0.000126
705.100000 -0.000128
705.150000 -0.000130
705.200000 -0.000132
705.250000 -0.000135
705.300000 -0.000137
705.350000 -0.000139
705.400000 -0.000142
705.450000 -0.000144
705.500000 -0.000147
705.550000 -0.000150
705.600000 -0.000152
705.650000 -0.000155
705.700000 -0.000158
705.750000 -0.000161
705.800000 -0.000164
705.850000 -0.000167
705.900000 -0.000171
705.950000 -0.000174
706.000000 -0.000177
706.050000 -0.000181
706.100000 -0.000185
706.150000 -0.000189
706.200000 -0.000193
706.250000 -0.000197
706.300000 -0.000201
706.350000 -0.000206
706.400000 -0.000210
706.450000 -0.000215
706.500000 -0.000220
706.550000 -0.000225
706.600000 -0.000230
706.650000 -0.000236
706.700000 -0.000241
706.750000 -0.000247
706.800000 -0.000254
706.850000 -0.000260
706.900000 -0.000267
706.950000 -0.000274
707.000000 -0.000281
707.050000 -0.000289
707.100000 -0.000297
707.150000 -0.000305
707.200000 -0.000314
707.250000 -0.000323
707.300000 -0.000333
707.350000 -0.000343
707.400000 -0.000353
707.450000 -0.000364
707.500000 -0.000376
707.550000 -0.000388
707.600000 -0.000401
707.650000 -0.000415
707.700000 -0.000430
707.750000 -0.000445
707.800000 -0.000461
707.850000 -0.000478
707.900000 -0.000496
707.950000 -0.000516
708.000000 -0.000536
708.050000 -0.000558
708.100000 -0.000582
708.150000 -0.000607
708.200000 -0.000634
708.250000 -0.000663
708.300000 -0.000694
708.350000 -0.000727
708.400000 -0.000763
708.450000 -0.000802
708.500000 -0.000844
708.550000 -0.000890
708.600000 -0.000941
708.650000 -0.000995
708.700000 -0.001055
708.750000 -0.001121
708.800000 -0.001194
708.850000 -0.001275
708.900000 -0.001365
708.950000 -0.001465
709.000000 -0.001577
709.050000 -0.001703
709.100000 -0.001846
709.150000 -0.002009
709.200000 -0.002195
709.250000 -0.002410
709.300000 -0.002659
709.350000 -0.002952
709.400000 -0.003297
709.450000 -0.003709
709.500000 -0.004207
709.550000 -0.004816
709.600000 -0.005572
709.650000 -0.006525
709.700000 -0.007751
709.750000 -0.009362
709.800000 -0.011525
709.850000 -0.014497
709.900000 -0.018647
709.950000 -0.024456
710.000000 -0.032406
710.050000 -0.042679
710.100000 -0.054658
710.150000 -0.066517
710.200000 -0.075408
710.250000 -0.078567
710.300000 -0.074820
710.350000 -0.065350
710.400000 -0.053024
710.450000 -0.040828
710.500000 -0.030640
710.550000 -0.022997
710.600000 -0.017582
710.650000 -0.013807
710.700000 -0.011144
710.750000 -0.009222
710.800000 -0.007805
710.850000 -0.006750
710.900000 -0.005972
710.950000 -0.005431
711.000000 -0.005116
711.050000 -0.005029
711.100000 -0.005159
711.150000 -0.005461
711.200000 -0.005862
711.250000 -0.006286
711.300000 -0.006694
711.350000 -0.007069
711.400000 -0.007375
711.450000 -0.007529
711.500000 -0.007432
711.550000 -0.007042
711.600000 -0.006405
711.650000 -0.005630
711.700000 -0.004820
711.750000 -0.004035
711.800000 -0.003294
711.850000 -0.002611
711.900000 -0.002003
711.950000 -0.001483
712.000000 -0.001044
712.050000 -0.000656
712.100000 -0.000290
712.150000 0.000080
712.200000 0.000476
712.250000 0.000944
712.300000 0.001584
712.350000 0.002555
712.400000 0.004003
712.450000 0.005931
712.500000 0.008095
712.550000 0.010075
712.600000 0.011541
712.650000 0.012547
712.700000 0.013517
712.750000 0.014871
712.800000 0.016575
712.850000 0.018027
712.900000 0.018403
712.950000 0.017238
713.000000 0.014830
713.050000 0.012160
713.100000 0.010322
713.150000 0.009767
713.200000 0.009886
713.250000 0.009261
713.300000 0.006438
713.350000 0.000629
713.400000 -0.008126
713.450000 -0.019305
713.500000 -0.032287
713.550000 -0.046372
713.600000 -0.060428
713.650000 -0.072591
713.700000 -0.080573
713.750000 -0.082694
713.800000 -0.079009
713.850000 -0.071594
713.900000 -0.063687
713.950000 -0.058284
714.000000 -0.057045
714.050000 -0.059890
714.100000 -0.065209
714.150000 -0.070505
714.200000 -0.073225
714.250000 -0.071529
714.300000 -0.064800
714.350000 -0.053819
714.400000 -0.040522
714.450000 -0.027358
714.500000 -0.016464
714.550000 -0.009083
714.600000 -0.005490
714.650000 -0.005319
714.700000 -0.007930
714.750000 -0.012544
714.800000 -0.018219
714.850000 -0.023876
714.900000 -0.028448
714.950000 -0.031084
715.000000 -0.031310
715.050000 -0.029120
715.100000 -0.025012
715.150000 -0.019869
715.200000 -0.014685
715.250000 -0.010236
715.300000 -0.006888
715.350000 -0.004634
715.400000 -0.003248
715.450000 -0.002441
715.500000 -0.001940
715.550000 -0.001529
715.600000 -0.001073
715.650000 -0.000537
715.700000 0.000027
715.750000 0.000532
715.800000 0.000899
715.850000 0.001080
715.900000 0.001061
715.950000 0.000860
716.000000 0.000511
716.050000 0.000066
716.100000 -0.000409
716.150000 -0.000835
716.200000 -0.001131
716.250000 -0.001225
716.300000 -0.001069
716.350000 -0.000653
716.400000 -0.000017
716.450000 0.000756
716.500000 0.001578
716.550000 0.002391
716.600000 0.003168
716.650000 0.003872
716.700000 0.004416
716.750000 0.004682
716.800000 0.004590
716.850000 0.004153
716.900000 0.003463
716.950000 0.002639
717.000000 0.001766
717.050000 0.000880
717.100000 0.000001
717.150000 -0.000833
717.200000 -0.001539
717.250000 -0.002019
717.300000 -0.002214
717.350000 -0.002151
717.400000 -0.001935
717.450000 -0.001701
717.500000 -0.001552
717.550000 -0.001523
717.600000 -0.001584
717.650000 -0.001673
717.700000 -0.001735
717.750000 -0.001741
717.800000 -0.001696
717.850000 -0.001627
717.900000 -0.001561
717.950000 -0.001508
718.000000 -0.001459
718.050000 -0.001388
718.100000 -0.001279
718.150000 -0.001132
718.200000 -0.000971
718.250000 -0.000825
718.300000 -0.000714
718.350000 -0.000641
718.400000 -0.000596
718.450000 -0.000562
718.500000 -0.000528
718.550000 -0.000491
718.600000 -0.000457
718.650000 -0.000431
718.700000 -0.000415
718.750000 -0.000409
718.800000 -0.000412
718.850000 -0.000428
718.900000 -0.000465
718.950000 -0.000531
719.000000 -0.000629
719.050000 -0.000760
719.100000 -0.000912
719.150000 -0.001067
719.200000 -0.001195
719.250000 -0.001269
719.300000 -0.001269
719.350000 -0.001199
719.400000 -0.001080
719.450000 -0.000949
719.500000 -0.000837
719.550000 -0.000759
719.600000 -0.000712
719.650000 -0.000679
719.700000 -0.000645
719.750000 -0.000601
719.800000 -0.000546
719.850000 -0.000487
719.900000 -0.000428
719.950000 -0.000378
720.000000 -0.000340
720.050000 -0.000322
720.100000 -0.000324
720.150000 -0.000343
720.200000 -0.000374
720.250000 -0.000411
720.300000 -0.000449
720.350000 -0.000485
720.400000 -0.000514
720.450000 -0.000528
720.500000 -0.000522
720.550000 -0.000495
720.600000 -0.000449
720.650000 -0.000389
720.700000 -0.000320
720.750000 -0.000251
720.800000 -0.000192
720.850000 -0.000154
720.900000 -0.000144
720.950000 -0.000160
721.000000 -0.000190
721.050000 -0.000223
721.100000 -0.000250
721.150000 -0.000265
721.200000 -0.000268
721.250000 -0.000258
721.300000 -0.000239
721.350000 -0.000213
721.400000 -0.000182
721.450000 -0.000150
721.500000 -0.000118
721.550000 -0.000089
721.600000 -0.000062
721.650000 -0.000038
721.700000 -0.000015
721.750000 0.000008
721.800000 0.000032
721.850000 0.000057
721.900000 0.000085
721.950000 0.000117
722.000000 0.000153
722.050000 0.000194
722.100000 0.000244
722.150000 0.000302
722.200000 0.000371
722.250000 0.000454
722.300000 0.000555
722.350000 0.000679
722.400000 0.000834
722.450000 0.001030
722.500000 0.001281
722.550000 0.001606
722.600000 0.002025
722.650000 0.002564
722.700000 0.003236
722.750000 0.004032
722.800000 0.004900
722.850000 0.005732
722.900000 0.006377
722.950000 0.006692
723.000000 0.006597
723.050000 0.006118
723.100000 0.005372
723.150000 0.004511
723.200000 0.003670
723.250000 0.002931
723.300000 0.002323
723.350000 0.001844
723.400000 0.001473
723.450000 0.001189
723.500000 0.000970
723.550000 0.000803
723.600000 0.000673
723.650000 0.000574
723.700000 0.000500
723.750000 0.000445
723.800000 0.000407
723.850000 0.000386
723.900000 0.000378
723.950000 0.000381
724.000000 0.000391
724.050000 0.000402
724.100000 0.000412
724.150000 0.000423
724.200000 0.000447
724.250000 0.000508
724.300000 0.000638
724.350000 0.000868
724.400000 0.001228
724.450000 0.001739
724.500000 0.002423
724.550000 0.003309
724.600000 0.004425
724.650000 0.005781
724.700000 0.007334
724.750000 0.008950
724.800000 0.010406
724.850000 0.011436
724.900000 0.011823
724.950000 0.011487
725.000000 0.010500
725.050000 0.009008
725.100000 0.007129
725.150000 0.004903
725.200000 0.002345
725.250000 -0.000440
725.300000 -0.003187
725.350000 -0.005552
725.400000 -0.007298
725.450000 -0.008463
725.500000 -0.009388
725.550000 -0.010589
725.600000 -0.012570
725.650000 -0.015679
725.700000 -0.020031
725.750000 -0.025487
725.800000 -0.031635
725.850000 -0.037782
725.900000 -0.042984
725.950000 -0.046189
726.000000 -0.046508
726.050000 -0.043524
726.100000 -0.037500
726.150000 -0.029355
726.200000 -0.020409
726.250000 -0.012013
726.300000 -0.005223
726.350000 -0.000599
726.400000 0.001841
726.450000 0.002512
726.500000 0.002075
726.550000 0.001211
726.600000 0.000443
726.650000 0.000021
726.700000 -0.000080
726.750000 -0.000065
726.800000 -0.000162
726.850000 -0.000495
726.900000 -0.001044
726.950000 -0.001679
727.000000 -0.002246
727.050000 -0.002637
727.100000 -0.002829
727.150000 -0.002878
727.200000 -0.002877
727.250000 -0.002903
727.300000 -0.002980
727.350000 -0.003080
727.400000 -0.003153
727.450000 -0.003158
727.500000 -0.003076
727.550000 -0.002917
727.600000 -0.002704
727.650000 -0.002475
727.700000 -0.002281
727.750000 -0.002181
727.800000 -0.002227
727.850000 -0.002454
727.900000 -0.002853
727.950000 -0.003371
728.000000 -0.003920
728.050000 -0.004403
728.100000 -0.004748
728.150000 -0.004924
728.200000 -0.004941
728.250000 -0.004830
728.300000 -0.004627
728.350000 -0.004362
728.400000 -0.004063
728.450000 -0.003743
728.500000 -0.003406
728.550000 -0.003043
728.600000 -0.002651
728.650000 -0.002238
728.700000 -0.001828
728.750000 -0.001449
728.800000 -0.001114
728.850000 -0.000819
728.900000 -0.000549
728.950000 -0.000290
729.000000 -0.000038
729.050000 0.000192
729.100000 0.000374
729.150000 0.000480
729.200000 0.000492
729.250000 0.000412
729.300000 0.000258
729.350000 0.000062
729.400000 -0.000138
729.450000 -0.000309
729.500000 -0.000427
729.550000 -0.000477
729.600000 -0.000458
729.650000 -0.000382
729.700000 -0.000270
729.750000 -0.000146
729.800000 -0.000034
729.850000 0.000044
729.900000 0.000081
729.950000 0.000076
730.000000 0.000043
730.050000 -0.000007
730.100000 -0.000060
730.150000 -0.000110
730.200000 -0.000156
730.250000 -0.000198
730.300000 -0.000238
730.350000 -0.000276
730.400000 -0.000311
730.450000 -0.000345
730.500000 -0.000374
730.550000 -0.000396
730.600000 -0.000408
730.650000 -0.000406
730.700000 -0.000388
730.750000 -0.000357
730.800000 -0.000317
730.850000 -0.000274
730.900000 -0.000233
730.950000 -0.000195
731.000000 -0.000165
731.050000 -0.000140
731.100000 -0.000123
731.150000 -0.000113
731.200000 -0.000111
731.250000 -0.000121
731.300000 -0.000143
731.350000 -0.000178
731.400000 -0.000222
731.450000 -0.000269
731.500000 -0.000313
731.550000 -0.000347
731.600000 -0.000370
731.650000 -0.000381
731.700000 -0.000384
731.750000 -0.000382
731.800000 -0.000378
731.850000 -0.000374
731.900000 -0.000373
731.950000 -0.000376
732.000000 -0.000387
732.050000 -0.000405
732.100000 -0.000431
732.150000 -0.000461
732.200000 -0.000491
732.250000 -0.000513
732.300000 -0.000519
732.350000 -0.000505
732.400000 -0.000469
732.450000 -0.000414
732.500000 -0.000346
732.550000 -0.000273
732.600000 -0.000202
732.650000 -0.000137
732.700000 -0.000083
732.750000 -0.000041
732.800000 -0.000013
732.850000 0.000002
732.900000 0.000007
732.950000 0.000002
733.000000 -0.000010
733.050000 -0.000029
733.100000 -0.000052
733.150000 -0.000076
733.200000 -0.000096
733.250000 -0.000108
733.300000 -0.000110
733.350000 -0.000102
733.400000 -0.000087
733.450000 -0.000067
733.500000 -0.000046
733.550000 -0.000025
733.600000 -0.000005
733.650000 0.000013
733.700000 0.000028
733.750000 0.000039
733.800000 0.000045
733.850000 0.000046
733.900000 0.000042
733.950000 0.000036
734.000000 0.000028
734.050000 0.000019
734.100000 0.000012
734.150000 0.000006
734.200000 -0.000000
734.250000 -0.000006
734.300000 -0.000011
734.350000 -0.000017
734.400000 -0.000022
734.450000 -0.000027
734.500000 -0.000032
734.550000 -0.000036
734.600000 -0.000038
734.650000 -0.000040
734.700000 -0.000041
734.750000 -0.000041
734.800000 -0.000041
734.850000 -0.000041
734.900000 -0.000041
734.950000 -0.000041
735.000000 -0.000041
735.050000 -0.000041
735.100000 -0.000040
735.150000 -0.000038
735.200000 -0.000036
735.250000 -0.000034
735.300000 -0.000032
735.350000 -0.000029
735.400000 -0.000027
735.450000 -0.000025
735.500000 -0.000022
735.550000 -0.000020
735.600000 -0.000017
735.650000 -0.000015
735.700000 -0.000014
735.750000 -0.000013
735.800000 -0.000014
735.850000 -0.000016
735.900000 -0.000019
735.950000 -0.000021
736.000000 -0.000023
736.050000 -0.000025
736.100000 -0.000026
736.150000 -0.000026
736.200000 -0.000027
736.250000 -0.000027
736.300000 -0.000027
736.350000 -0.000027
736.400000 -0.000027
736.450000 -0.000027
736.500000 -0.000027
736.550000 -0.000027
736.600000 -0.000027
736.650000 -0.000026
736.700000 -0.000025
736.750000 -0.000025
736.800000 -0.000024
736.850000 -0.000024
736.900000 -0.000025
736.950000 -0.000025
737.000000 -0.000026
737.050000 -0.000026
737.100000 -0.000026
737.150000 -0.000026
737.200000 -0.000025
737.250000 -0.000025
737.300000 -0.000024
737.350000 -0.000024
737.400000 -0.000024
737.450000 -0.000024
737.500000 -0.000024
737.550000 -0.000024
737.600000 -0.000024
737.650000 -0.000024
737.700000 -0.000024
737.750000 -0.000024
737.800000 -0.000024
737.850000 -0.000024
737.900000 -0.000023
737.950000 -0.000023
738.000000 -0.000022
738.050000 -0.000022
738.100000 -0.000021
738.150000 -0.000021
738.200000 -0.000021
738.250000 -0.000020
738.300000 -0.000020
738.350000 -0.000020
738.400000 -0.000020
738.450000 -0.000020
738.500000 -0.000019
738.550000 -0.000019
738.600000 -0.000019
738.650000 -0.000019
738.700000 -0.000019
738.750000 -0.000018
738.800000 -0.000018
738.850000 -0.000018
738.900000 -0.000018
738.950000 -0.000018
739.000000 -0.000018
739.050000 -0.000018
739.100000 -0.000018
739.150000 -0.000018
739.200000 -0.000018
739.250000 -0.000018
739.300000 -0.000018
739.350000 -0.000018
739.400000 -0.000017
739.450000 -0.000017
739.500000 -0.000017
739.550000 -0.000017
739.600000 -0.000017
739.650000 -0.000017
739.700000 -0.000017
739.750000 -0.000016
739.800000 -0.000016
739.850000 -0.000016
739.900000 -0.000016
739.950000 -0.000016
740.000000 -0.000016
740.050000 -0.000016
740.100000 -0.000016
740.150000 -0.000016
740.200000 -0.000016
740.250000 -0.000015
740.300000 -0.000015
740.350000 -0.000015
740.400000 -0.000015
740.450000 -0.000015
740.500000 -0.000015
740.550000 -0.000015
740.600000 -0.000015
740.650000 -0.000015
740.700000 -0.000015
740.750000 -0.000015
740.800000 -0.000014
740.850000 -0.000014
740.900000 -0.000014
740.950000 -0.000014
741.000000 -0.000014
741.050000 -0.000014
741.100000 -0.000014
741.150000 -0.000014
741.200000 -0.000014
741.250000 -0.000014
741.300000 -0.000014
741.350000 -0.000014
741.400000 -0.000014
741.450000 -0.000014
741.500000 -0.000013
741.550000 -0.000013
741.600000 -0.000013
741.650000 -0.000013
741.700000 -0.000013
741.750000 -0.000013
741.800000 -0.000013
741.850000 -0.000013
741.900000 -0.000013
741.950000 -0.000013
742.000000 -0.000013
742.050000 -0.000013
742.100000 -0.000013
742.150000 -0.000013
742.200000 -0.000013
742.250000 -0.000012
742.300000 -0.000012
742.350000 -0.000012
742.400000 -0.000012
742.450000 -0.000012
742.500000 -0.000012
742.550000 -0.000012
742.600000 -0.000012
742.650000 -0.000012
742.700000 -0.000012
742.750000 -0.000012
742.800000 -0.000012
742.850000 -0.000012
742.900000 -0.000012
742.950000 -0.000012
743.000000 -0.000012
743.050000 -0.000012
743.100000 -0.000011
743.150000 -0.000011
743.200000 -0.000011
743.250000 -0.000011
743.300000 -0.000011
743.350000 -0.000011
743.400000 -0.000011
743.450000 -0.000011
743.500000 -0.000011
743.550000 -0.000011
743.600000 -0.000011
743.650000 -0.000011
743.700000 -0.000011
743.750000 -0.000011
743.800000 -0.000011
743.850000 -0.000011
743.900000 -0.000011
743.950000 -0.000011
744.000000 -0.000011
744.050000 -0.000011
744.100000 -0.000010
744.150000 -0.000010
744.200000 -0.000010
744.250000 -0.000010
744.300000 -0.000010
744.350000 -0.000010
744.400000 -0.000010
744.450000 -0.000010
744.500000 -0.000010
744.550000 -0.000010
744.600000 -0.000010
744.650000 -0.000010
744.700000 -0.000010
744.750000 -0.000010
744.800000 -0.000010
744.850000 -0.000010
744.900000 -0.000010
744.950000 -0.000010
745.000000 -0.000010
745.050000 -0.000010
745.100000 -0.000010
745.150000 -0.000010
745.200000 -0.000010
745.250000 -0.000009
745.300000 -0.000009
745.350000 -0.000009
745.400000 -0.000009
745.450000 -0.000009
745.500000 -0.000009
745.550000 -0.000009
745.600000 -0.000009
745.650000 -0.000009
745.700000 -0.000009
745.750000 -0.000009
745.800000 -0.000009
745.850000 -0.000009
745.900000 -0.000009
745.950000 -0.000009
746.000000 -0.000009
746.050000 -0.000009
746.100000 -0.000009
746.150000 -0.000009
746.200000 -0.000009
746.250000 -0.000009
746.300000 -0.000009
746.350000 -0.000009
746.400000 -0.000009
746.450000 -0.000009
746.500000 -0.000009
746.550000 -0.000009
746.600000 -0.000008
746.650000 -0.000008
746.700000 -0.000008
746.750000 -0.000008
746.800000 -0.000008
746.850000 -0.000008
746.900000 -0.000008
746.950000 -0.000008
747.000000 -0.000008
747.050000 -0.000008
747.100000 -0.000008
747.150000 -0.000008
747.200000 -0.000008
747.250000 -0.000008
747.300000 -0.000008
747.350000 -0.000008
747.400000 -0.000008
747.450000 -0.000008
747.500000 -0.000008
747.550000 -0.000008
747.600000 -0.000008
747.650000 -0.000008
747.700000 -0.000008
747.750000 -0.000008
747.800000 -0.000008
747.850000 -0.000008
747.900000 -0.000008
747.950000 -0.000008
748.000000 -0.000008
748.050000 -0.000008
748.100000 -0.000008
748.150000 -0.000008
748.200000 -0.000008
748.250000 -0.000008
748.300000 -0.000007
748.350000 -0.000007
748.400000 -0.000007
748.450000 -0.000007
748.500000 -0.000007
748.550000 -0.000007
748.600000 -0.000007
748.650000 -0.000007
748.700000 -0.000007
748.750000 -0.000007
748.800000 -0.000007
748.850000 -0.000007
748.900000 -0.000007
748.950000 -0.000007
749.000000 -0.000007
749.050000 -0.000007
749.100000 -0.000007
749.150000 -0.000007
749.200000 -0.000007
749.250000 -0.000007
749.300000 -0.000007
749.350000 -0.000007
749.400000 -0.000007
749.450000 -0.000007
749.500000 -0.000007
749.550000 -0.000007
749.600000 -0.000007
749.650000 -0.000007
749.700000 -0.000007
749.750000 -0.000007
749.800000 -0.000006
749.850000 -0.000006
749.900000 -0.000005
749.950000 -0.000004

#Sticks
710.250000 -0.056031
710.350000 0.009492
711.000000 0.000069
711.100000 -0.000035
711.150000 0.000633
711.200000 0.000001
711.250000 -0.001881
711.300000 0.000014
711.350000 0.000406
711.400000 0.000025
711.450000 -0.002122
711.550000 -0.001040
711.700000 0.000165
711.800000 -0.001123
711.850000 0.000515
711.950000 0.000085
712.050000 -0.000014
712.100000 0.000001
712.250000 0.000348
712.300000 0.000104
712.350000 0.000052
712.400000 -0.000278
712.450000 -0.001679
712.500000 0.000111
712.550000 0.002507
712.600000 0.009627
712.700000 -0.008671
712.750000 0.000924
712.850000 0.003402
712.900000 0.005505
712.950000 0.008362
713.000000 -0.001291
713.050000 -0.002030
713.100000 0.002077
713.150000 -0.010454
713.250000 0.016222
713.300000 0.000964
713.400000 0.001381
713.500000 -0.004967
713.550000 0.001807
713.650000 -0.004110
713.750000 -0.045557
713.850000 0.004608
713.950000 -0.004888
714.000000 0.008067
714.100000 0.000005
714.150000 -0.019275
714.250000 -0.011661
714.300000 -0.033230
714.350000 0.016207
714.400000 -0.004068
714.450000 0.003792
714.500000 0.009804
714.550000 -0.000799
714.600000 0.000172
714.650000 0.003321
714.700000 0.001194
714.750000 0.003083
714.800000 -0.003543
714.900000 -0.005833
714.950000 -0.002772
715.000000 0.000009
715.050000 -0.011555
715.100000 0.000002
715.150000 -0.000594
715.200000 0.001059
715.250000 0.001863
715.300000 -0.000010
715.350000 0.000009
715.400000 0.000069
715.450000 0.000662
715.500000 0.001160
715.550000 -0.001506
715.600000 0.000098
715.650000 0.000001
715.700000 0.000975
715.750000 -0.000350
715.800000 0.000230
715.850000 0.000546
715.900000 0.000448
716.000000 0.000036
716.050000 0.000469
716.100000 -0.000171
716.150000 0.000148
716.200000 -0.001544
716.250000 0.000975
716.300000 -0.000247
716.350000 0.000018
716.400000 -0.000913
716.450000 0.000046
716.500000 0.001479
716.550000 -0.001342
716.600000 0.001066
716.650000 0.000275
716.700000 0.000669
716.750000 0.000023
716.800000 0.003477
716.850000 -0.002148
716.900000 0.000605
716.950000 0.000420
717.050000 -0.000213
717.100000 0.000191
717.150000 0.000342
717.200000 0.000119
717.250000 -0.001581
717.300000 0.000075
717.350000 -0.000416
717.400000 0.000012
717.450000 0.000016
717.500000 0.000533
717.550000 -0.000073
717.600000 -0.000440
717.650000 0.000005
717.700000 0.000031
717.750000 -0.000389
717.800000 -0.000255
717.850000 0.000175
717.900000 0.000030
717.950000 -0.000103
718.000000 -0.000063
718.050000 0.000091
718.100000 -0.000527
718.150000 0.000005
718.200000 0.000010
718.250000 0.000093
718.300000 -0.000024
718.350000 0.000003
718.400000 0.000027
718.450000 -0.000119
718.550000 -0.000083
718.600000 0.000182
718.650000 0.000013
718.700000 -0.000112
718.750000 -0.000004
718.800000 -0.000006
718.850000 0.000051
718.900000 0.000009
718.950000 0.000001
719.000000 -0.000018
719.050000 0.000029
719.100000 0.000008
719.150000 -0.000003
719.200000 -0.000284
719.300000 -0.000442
719.350000 0.000008
719.400000 0.000019
719.450000 0.000002
719.500000 0.000037
719.550000 0.000033
719.600000 -0.000054
719.650000 0.000001
719.700000 -0.000158
719.800000 0.000011
719.850000 -0.000043
719.900000 0.000012
719.950000 -0.000041
720.000000 -0.000023
720.050000 0.000090
720.100000 0.000004
720.150000 0.000002
720.200000 -0.000062
720.300000 0.000002
720.350000 0.000002
720.400000 -0.000070
720.450000 0.000016
720.500000 -0.000150
720.550000 0.000007
720.600000 -0.000008
720.650000 0.000012
720.700000 -0.000124
720.750000 0.000026
720.800000 0.000001
720.850000 0.000136
720.900000 0.000015
721.000000 -0.000068
721.050000 0.000011
721.150000 -0.000051
721.200000 -0.000059
721.250000 0.000001
721.300000 -0.000019
721.350000 -0.000032
721.400000 0.000015
721.450000 -0.000027
721.550000 0.000025
721.650000 -0.000027
721.700000 0.000009
721.800000 -0.000002
721.850000 0.000001
721.900000 -0.000002
721.950000 0.000001
722.000000 -0.000015
722.150000 -0.000009
722.200000 0.000003
722.250000 -0.000001
722.300000 -0.000007
722.350000 -0.000003
722.450000 0.000005
722.500000 -0.000002
722.600000 0.000001
722.650000 -0.000010
722.700000 0.000030
722.750000 -0.000001
722.800000 0.000060
722.900000 0.000014
722.950000 0.004954
723.000000 0.000010
723.100000 0.000039
723.150000 0.000072
723.200000 -0.000002
723.250000 0.000004
723.400000 -0.000006
723.550000 0.000015
723.600000 -0.000034
723.900000 -0.000036
724.050000 0.000027
724.150000 0.000134
724.200000 0.000001
724.250000 -0.000063
724.300000 0.000026
724.350000 -0.000663
724.400000 0.000209
724.550000 -0.000013
724.600000 0.000041
724.700000 -0.000007
724.800000 -0.000030
724.850000 0.001583
724.900000 0.007244
725.000000 0.000868
725.150000 0.000468
725.250000 0.018143
725.300000 -0.023735
725.350000 0.003361
725.450000 -0.002212
725.500000 0.000135
725.550000 0.003427
725.600000 0.001657
725.650000 -0.001070
725.700000 0.000286
725.750000 0.002186
725.800000 -0.001134
725.850000 0.000549
725.900000 -0.012707
726.050000 -0.029064
726.150000 -0.005922
726.200000 0.004051
726.300000 0.006786
726.350000 0.006630
726.400000 0.000272
726.450000 -0.000599
726.500000 0.003165
726.600000 -0.007830
726.650000 0.002108
726.750000 0.003538
726.850000 0.001061
726.900000 -0.000051
727.000000 -0.001851
727.100000 -0.000663
727.150000 0.000017
727.200000 0.000280
727.300000 0.002067
727.350000 -0.002870
727.500000 0.000052
727.550000 -0.000830
727.750000 0.000139
727.850000 0.000381
727.900000 0.000486
728.050000 -0.002244
728.100000 0.000003
728.200000 -0.001124
728.250000 0.000001
728.300000 0.000313
728.350000 -0.001298
728.400000 0.000141
728.450000 0.000084
728.550000 0.000350
728.600000 -0.001827
728.650000 0.000449
728.700000 0.000484
728.800000 -0.000482
728.900000 0.000374
728.950000 -0.000381
729.000000 -0.000019
729.050000 0.000179
729.100000 0.000108
729.150000 0.000119
729.200000 0.000311
729.250000 0.000340
729.350000 0.000070
729.400000 0.000046
729.450000 0.000082
729.500000 -0.000499
729.550000 0.000017
729.600000 -0.000188
729.650000 0.000046
729.700000 -0.000087
729.750000 0.000005
729.850000 0.000359
729.900000 -0.000032
729.950000 0.000126
730.000000 0.000025
730.050000 -0.000103
730.200000 0.000020
730.350000 0.000029
730.400000 -0.000102
730.450000 0.000035
730.550000 -0.000057
730.650000 -0.000155
730.800000 0.000002
730.850000 -0.000034
730.900000 0.000010
730.950000 0.000019
731.050000 0.000001
731.100000 0.000010
731.150000 0.000002
731.250000 0.000043
731.300000 -0.000005
731.350000 0.000077
731.400000 0.000001
731.450000 -0.000097
731.500000 0.000012
731.600000 -0.000124
731.650000 0.000029
731.700000 -0.000050
731.750000 0.000001
731.800000 0.000003
731.850000 -0.000059
731.900000 0.000008
731.950000 -0.000015
732.000000 0.000012
732.100000 -0.000083
732.200000 0.000033
732.250000 0.000004
732.300000 -0.000269
732.450000 -0.000065
732.600000 0.000010
732.650000 0.000002
732.750000 0.000047
732.800000 0.000045
732.850000 0.000003
732.900000 -0.000016
733.000000 0.000058
733.150000 0.000019
733.250000 -0.000102
733.400000 0.000007
733.450000 0.000005
733.700000 0.000028
733.750000 -0.000003
733.800000 0.000031
733.900000 0.000020
733.950000 0.000004
734.050000 -0.000005
734.100000 0.000009
734.250000 0.000011
734.550000 -0.000002
734.650000 -0.000007
734.750000 0.000001
735.050000 -0.000007
735.200000 0.000001
735.300000 -0.000002
735.350000 0.000001
735.450000 0.000004
735.500000 -0.000004
735.550000 0.000001
735.650000 -0.000002
735.700000 0.000015
735.850000 0.000002
735.950000 -0.000003
736.050000 0.000002
736.100000 -0.000003
736.400000 0.000002
736.500000 -0.000004
736.800000 0.000002
736.900000 0.000001
737.000000 -0.000003
737.800000 -0.000002
739.100000 0.000002
739.150000 -0.000002
