700.000000 -0.000023
700.050000 -0.000030
700.100000 -0.000034
700.150000 -0.000037
700.200000 -0.000038
700.250000 -0.000039
700.300000 -0.000039
700.350000 -0.000040
700.400000 -0.000040
700.450000 -0.000040
700.500000 -0.000041
700.550000 -0.000041
700.600000 -0.000042
700.650000 -0.000042
700.700000 -0.000042
700.750000 -0.000043
700.800000 -0.000043
700.850000 -0.000043
700.900000 -0.000044
700.950000 -0.000044
701.000000 -0.000045
701.050000 -0.000045
701.100000 -0.000046
701.150000 -0.000046
701.200000 -0.000046
701.250000 -0.000047
701.300000 -0.000047
701.350000 -0.000048
701.400000 -0.000048
701.450000 -0.000049
701.500000 -0.000049
701.550000 -0.000050
701.600000 -0.000050
701.650000 -0.000051
701.700000 -0.000051
701.750000 -0.000052
701.800000 -0.000052
701.850000 -0.000053
701.900000 -0.000053
701.950000 -0.000054
702.000000 -0.000054
702.050000 -0.000055
702.100000 -0.000055
702.150000 -0.000056
702.200000 -0.000057
702.250000 -0.000057
702.300000 -0.000058
702.350000 -0.000058
702.400000 -0.000059
702.450000 -0.000060
702.500000 -0.000060
702.550000 -0.000061
702.600000 -0.000062
702.650000 -0.000062
702.700000 -0.000063
702.750000 -0.000064
702.800000 -0.000065
702.850000 -0.000065
702.900000 -0.000066
702.950000 -0.000067
703.000000 -0.000068
703.050000 -0.000068
703.100000 -0.000069
703.150000 -0.000070
703.200000 -0.000071
703.250000 -0.000072
703.300000 -0.000073
703.350000 -0.000073
703.400000 -0.000074
703.450000 -0.000075
703.500000 -0.000076
703.550000 -0.000077
703.600000 -0.000078
703.650000 -0.000079
703.700000 -0.000080
703.750000 -0.000081
703.800000 -0.000082
703.850000 -0.000083
703.900000 -0.000085
703.950000 -0.000086
704.000000 -0.000087
704.050000 -0.000088
704.100000 -0.000089
704.150000 -0.000090
704.200000 -0.000092
704.250000 -0.000093
704.300000 -0.000094
704.350000 -0.000096
704.400000 -0.000097
704.450000 -0.000098
704.500000 -0.000100
704.550000 -0.000101
704.600000 -0.000103
704.650000 -0.000105
704.700000 -0.000106
704.750000 -0.000108
704.800000 -0.000109
704.850000 -0.000111
704.900000 -0.000113
704.950000 -0.000115
705.000000 -0.000117
705.050000 -0.000118
705.100000 -0.000120
705.150000 -0.000122
705.200000 -0.000125
705.250000 -0.000127
705.300000 -0.000129
705.350000 -0.000131
705.400000 -0.000133
705.450000 -0.000136
705.500000 -0.000138
705.550000 -0.000141
705.600000 -0.000143
705.650000 -0.000146
705.700000 -0.000149
705.750000 -0.000151
705.800000 -0.000154
705.850000 -0.000157
705.900000 -0.000160
705.950000 -0.000164
706.000000 -0.000167
706.050000 -0.000170
706.100000 -0.000174
706.150000 -0.000177
706.200000 -0.000181
706.250000 -0.000185
706.300000 -0.000189
706.350000 -0.000193
706.400000 -0.000198
706.450000 -0.000202
706.500000 -0.000207
706.550000 -0.000211
706.600000 -0.000216
706.650000 -0.000222
706.700000 -0.000227
706.750000 -0.000233
706.800000 -0.000239
706.850000 -0.000245
706.900000 -0.000251
706.950000 -0.000258
707.000000 -0.000264
707.050000 -0.000272
707.100000 -0.000279
707.150000 -0.000287
707.200000 -0.000295
707.250000 -0.000304
707.300000 -0.000313
707.350000 -0.000322
707.400000 -0.000332
707.450000 -0.000343
707.500000 -0.000354
707.550000 -0.000365
707.600000 -0.000377
707.650000 -0.000390
707.700000 -0.000404
707.750000 -0.000418
707.800000 -0.000434
707.850000 -0.000450
707.900000 -0.000467
707.950000 -0.000485
708.000000 -0.000504
708.050000 -0.000525
708.100000 -0.000547
708.150000 -0.000571
708.200000 -0.000596
708.250000 -0.000623
708.300000 -0.000652
708.350000 -0.000684
708.400000 -0.000718
708.450000 -0.000754
708.500000 -0.000794
708.550000 -0.000837
708.600000 -0.000884
708.650000 -0.000936
708.700000 -0.000992
708.750000 -0.001054
708.800000 -0.001123
708.850000 -0.001199
708.900000 -0.001283
708.950000 -0.001377
709.000000 -0.001483
709.050000 -0.001601
709.100000 -0.001736
709.150000 -0.001889
709.200000 -0.002064
709.250000 -0.002266
709.300000 -0.002501
709.350000 -0.002775
709.400000 -0.003100
709.450000 -0.003488
709.500000 -0.003956
709.550000 -0.004529
709.600000 -0.005239
709.650000 -0.006136
709.700000 -0.007289
709.750000 -0.008803
709.800000 -0.010837
709.850000 -0.013632
709.900000 -0.017535
709.950000 -0.022997
710.000000 -0.030473
710.050000 -0.040134
710.100000 -0.051398
710.150000 -0.062548
710.200000 -0.070907
710.250000 -0.073876
710.300000 -0.070350
710.350000 -0.061444
710.400000 -0.049853
710.450000 -0.038385
710.500000 -0.028806
710.550000 -0.021620
710.600000 -0.016530
710.650000 -0.012981
710.700000 -0.010477
710.750000 -0.008670
710.800000 -0.007339
710.850000 -0.006346
710.900000 -0.005615
710.950000 -0.005106
711.000000 -0.004810
711.050000 -0.004728
711.100000 -0.004850
711.150000 -0.005135
711.200000 -0.005511
711.250000 -0.005910
711.300000 -0.006294
711.350000 -0.006647
711.400000 -0.006934
711.450000 -0.007079
711.500000 -0.006988
711.550000 -0.006621
711.600000 -0.006023
711.650000 -0.005294
711.700000 -0.004532
711.750000 -0.003794
711.800000 -0.003097
711.850000 -0.002455
711.900000 -0.001883
711.950000 -0.001394
712.000000 -0.000981
712.050000 -0.000617
712.100000 -0.000273
712.150000 0.000075
712.200000 0.000448
712.250000 0.000888
712.300000 0.001490
712.350000 0.002403
712.400000 0.003764
712.450000 0.005577
712.500000 0.007613
712.550000 0.009474
712.600000 0.010853
712.650000 0.011798
712.700000 0.012709
712.750000 0.013982
712.800000 0.015585
712.850000 0.016950
712.900000 0.017303
712.950000 0.016209
713.000000 0.013945
713.050000 0.011434
713.100000 0.009705
713.150000 0.009183
713.200000 0.009294
713.250000 0.008706
713.300000 0.006052
713.350000 0.000591
713.400000 -0.007641
713.450000 -0.018153
713.500000 -0.030360
713.550000 -0.043605
713.600000 -0.056821
713.650000 -0.068258
713.700000 -0.075764
713.750000 -0.077757
713.800000 -0.074291
713.850000 -0.067317
713.900000 -0.059882
713.950000 -0.054801
714.000000 -0.053636
714.050000 -0.056311
714.100000 -0.061313
714.150000 -0.066294
714.200000 -0.068853
714.250000 -0.067258
714.300000 -0.060932
714.350000 -0.050607
714.400000 -0.038105
714.450000 -0.025727
714.500000 -0.015483
714.550000 -0.008543
714.600000 -0.005164
714.650000 -0.005003
714.700000 -0.007457
714.750000 -0.011794
714.800000 -0.017131
714.850000 -0.022450
714.900000 -0.026749
714.950000 -0.029229
715.000000 -0.029442
715.050000 -0.027383
715.100000 -0.023520
715.150000 -0.018684
715.200000 -0.013810
715.250000 -0.009626
715.300000 -0.006478
715.350000 -0.004358
715.400000 -0.003055
715.450000 -0.002296
715.500000 -0.001825
715.550000 -0.001438
715.600000 -0.001009
715.650000 -0.000506
715.700000 0.000025
715.750000 0.000500
715.800000 0.000845
715.850000 0.001015
715.900000 0.000998
715.950000 0.000809
716.000000 0.000481
716.050000 0.000062
716.100000 -0.000385
716.150000 -0.000785
716.200000 -0.001064
716.250000 -0.001152
716.300000 -0.001005
716.350000 -0.000614
716.400000 -0.000015
716.450000 0.000711
716.500000 0.001484
716.550000 0.002248
716.600000 0.002979
716.650000 0.003641
716.700000 0.004152
716.750000 0.004402
716.800000 0.004316
716.850000 0.003904
716.900000 0.003256
716.950000 0.002481
717.000000 0.001660
717.050000 0.000827
717.100000 0.000000
717.150000 -0.000784
717.200000 -0.001447
717.250000 -0.001899
717.300000 -0.002082
717.350000 -0.002023
717.400000 -0.001820
717.450000 -0.001599
717.500000 -0.001459
717.550000 -0.001432
717.600000 -0.001489
717.650000 -0.001573
717.700000 -0.001631
717.750000 -0.001637
717.800000 -0.001595
717.850000 -0.001530
717.900000 -0.001468
717.950000 -0.001418
718.000000 -0.001372
718.050000 -0.001306
718.100000 -0.001202
718.150000 -0.001065
718.200000 -0.000913
718.250000 -0.000776
718.300000 -0.000671
718.350000 -0.000603
718.400000 -0.000561
718.450000 -0.000529
718.500000 -0.000497
718.550000 -0.000462
718.600000 -0.000429
718.650000 -0.000405
718.700000 -0.000391
718.750000 -0.000385
718.800000 -0.000387
718.850000 -0.000403
718.900000 -0.000438
718.950000 -0.000499
719.000000 -0.000592
719.050000 -0.000714
719.100000 -0.000858
719.150000 -0.001003
719.200000 -0.001124
719.250000 -0.001193
719.300000 -0.001194
719.350000 -0.001127
719.400000 -0.001016
719.450000 -0.000893
719.500000 -0.000787
719.550000 -0.000714
719.600000 -0.000669
719.650000 -0.000638
719.700000 -0.000606
719.750000 -0.000565
719.800000 -0.000514
719.850000 -0.000458
719.900000 -0.000403
719.950000 -0.000355
720.000000 -0.000320
720.050000 -0.000303
720.100000 -0.000304
720.150000 -0.000323
720.200000 -0.000352
720.250000 -0.000387
720.300000 -0.000423
720.350000 -0.000457
720.400000 -0.000483
720.450000 -0.000496
720.500000 -0.000491
720.550000 -0.000465
720.600000 -0.000422
720.650000 -0.000366
720.700000 -0.000301
720.750000 -0.000236
720.800000 -0.000181
720.850000 -0.000145
720.900000 -0.000136
720.950000 -0.000150
721.000000 -0.000178
721.050000 -0.000210
721.100000 -0.000235
721.150000 -0.000249
721.200000 -0.000252
721.250000 -0.000243
721.300000 -0.000225
721.350000 -0.000200
721.400000 -0.000171
721.450000 -0.000141
721.500000 -0.000111
721.550000 -0.000083
721.600000 -0.000058
721.650000 -0.000035
721.700000 -0.000014
721.750000 0.000008
721.800000 0.000030
721.850000 0.000054
721.900000 0.000080
721.950000 0.000110
722.000000 0.000143
722.050000 0.000183
722.100000 0.000229
722.150000 0.000284
722.200000 0.000349
722.250000 0.000427
722.300000 0.000522
722.350000 0.000639
722.400000 0.000784
722.450000 0.000969
722.500000 0.001205
722.550000 0.001510
722.600000 0.001904
722.650000 0.002411
722.700000 0.003042
722.750000 0.003791
722.800000 0.004607
722.850000 0.005389
722.900000 0.005996
722.950000 0.006292
723.000000 0.006203
723.050000 0.005753
723.100000 0.005051
723.150000 0.004242
723.200000 0.003451
723.250000 0.002756
723.300000 0.002185
723.350000 0.001734
723.400000 0.001385
723.450000 0.001118
723.500000 0.000912
723.550000 0.000755
723.600000 0.000633
723.650000 0.000540
723.700000 0.000470
723.750000 0.000418
723.800000 0.000383
723.850000 0.000363
723.900000 0.000356
723.950000 0.000359
724.000000 0.000368
724.050000 0.000378
724.100000 0.000387
724.150000 0.000397
724.200000 0.000420
724.250000 0.000478
724.300000 0.000600
724.350000 0.000816
724.400000 0.001154
724.450000 0.001635
724.500000 0.002279
724.550000 0.003111
724.600000 0.004161
724.650000 0.005436
724.700000 0.006896
724.750000 0.008416
724.800000 0.009785
724.850000 0.010753
724.900000 0.011117
724.950000 0.010802
725.000000 0.009873
725.050000 0.008470
725.100000 0.006703
725.150000 0.004610
725.200000 0.002204
725.250000 -0.000414
725.300000 -0.002998
725.350000 -0.005222
725.400000 -0.006863
725.450000 -0.007959
725.500000 -0.008828
725.550000 -0.009957
725.600000 -0.011819
725.650000 -0.014742
725.700000 -0.018834
725.750000 -0.023963
725.800000 -0.029744
725.850000 -0.035524
725.900000 -0.040416
725.950000 -0.043430
726.000000 -0.043731
726.050000 -0.040926
726.100000 -0.035263
726.150000 -0.027605
726.200000 -0.019193
726.250000 -0.011298
726.300000 -0.004914
726.350000 -0.000565
726.400000 0.001730
726.450000 0.002362
726.500000 0.001951
726.550000 0.001139
726.600000 0.000417
726.650000 0.000020
726.700000 -0.000076
726.750000 -0.000062
726.800000 -0.000153
726.850000 -0.000466
726.900000 -0.000982
726.950000 -0.001579
727.000000 -0.002113
727.050000 -0.002480
727.100000 -0.002660
727.150000 -0.002707
727.200000 -0.002706
727.250000 -0.002730
727.300000 -0.002802
727.350000 -0.002896
727.400000 -0.002965
727.450000 -0.002969
727.500000 -0.002893
727.550000 -0.002743
727.600000 -0.002543
727.650000 -0.002328
727.700000 -0.002145
727.750000 -0.002050
727.800000 -0.002094
727.850000 -0.002307
727.900000 -0.002682
727.950000 -0.003170
728.000000 -0.003686
728.050000 -0.004140
728.100000 -0.004464
728.150000 -0.004630
728.200000 -0.004646
728.250000 -0.004542
728.300000 -0.004350
728.350000 -0.004102
728.400000 -0.003820
728.450000 -0.003519
728.500000 -0.003202
728.550000 -0.002862
728.600000 -0.002493
728.650000 -0.002104
728.700000 -0.001719
728.750000 -0.001362
728.800000 -0.001047
728.850000 -0.000770
728.900000 -0.000516
728.950000 -0.000272
729.000000 -0.000036
729.050000 0.000180
729.100000 0.000351
729.150000 0.000451
729.200000 0.000463
729.250000 0.000387
729.300000 0.000242
729.350000 0.000059
729.400000 -0.000130
729.450000 -0.000291
729.500000 -0.000401
729.550000 -0.000448
729.600000 -0.000431
729.650000 -0.000360
729.700000 -0.000254
729.750000 -0.000137
729.800000 -0.000032
729.850000 0.000042
729.900000 0.000076
729.950000 0.000072
730.000000 0.000040
730.050000 -0.000006
730.100000 -0.000056
730.150000 -0.000104
730.200000 -0.000147
730.250000 -0.000187
730.300000 -0.000224
730.350000 -0.000259
730.400000 -0.000293
730.450000 -0.000324
730.500000 -0.000351
730.550000 -0.000373
730.600000 -0.000384
730.650000 -0.000382
730.700000 -0.000365
730.750000 -0.000336
730.800000 -0.000299
730.850000 -0.000258
730.900000 -0.000219
730.950000 -0.000184
731.000000 -0.000155
731.050000 -0.000132
731.100000 -0.000116
731.150000 -0.000106
731.200000 -0.000105
731.250000 -0.000114
731.300000 -0.000135
731.350000 -0.000167
731.400000 -0.000209
731.450000 -0.000253
731.500000 -0.000294
731.550000 -0.000327
731.600000 -0.000348
731.650000 -0.000359
731.700000 -0.000362
731.750000 -0.000360
731.800000 -0.000356
731.850000 -0.000352
731.900000 -0.000350
731.950000 -0.000354
732.000000 -0.000364
732.050000 -0.000381
732.100000 -0.000405
732.150000 -0.000434
732.200000 -0.000462
732.250000 -0.000482
732.300000 -0.000488
732.350000 -0.000475
732.400000 -0.000441
732.450000 -0.000389
732.500000 -0.000325
732.550000 -0.000257
732.600000 -0.000190
732.650000 -0.000129
732.700000 -0.000078
732.750000 -0.000039
732.800000 -0.000012
732.850000 0.000002
732.900000 0.000007
732.950000 0.000002
733.000000 -0.000010
733.050000 -0.000028
733.100000 -0.000049
733.150000 -0.000071
733.200000 -0.000090
733.250000 -0.000101
733.300000 -0.000103
733.350000 -0.000096
733.400000 -0.000082
733.450000 -0.000063
733.500000 -0.000043
733.550000 -0.000024
733.600000 -0.000005
733.650000 0.000012
733.700000 0.000026
733.750000 0.000037
733.800000 0.000042
733.850000 0.000043
733.900000 0.000040
733.950000 0.000034
734.000000 0.000026
734.050000 0.000018
734.100000 0.000011
734.150000 0.000005
734.200000 -0.000000
734.250000 -0.000005
734.300000 -0.000010
734.350000 -0.000016
734.400000 -0.000021
734.450000 -0.000026
734.500000 -0.000030
734.550000 -0.000034
734.600000 -0.000036
734.650000 -0.000038
734.700000 -0.000038
734.750000 -0.000039
734.800000 -0.000038
734.850000 -0.000038
734.900000 -0.000038
734.950000 -0.000039
735.000000 -0.000039
735.050000 -0.000038
735.100000 -0.000037
735.150000 -0.000036
735.200000 -0.000034
735.250000 -0.000032
735.300000 -0.000030
735.350000 -0.000028
735.400000 -0.000026
735.450000 -0.000023
735.500000 -0.000021
735.550000 -0.000018
735.600000 -0.000016
735.650000 -0.000014
735.700000 -0.000013
735.750000 -0.000013
735.800000 -0.000013
735.850000 -0.000015
735.900000 -0.000017
735.950000 -0.000020
736.000000 -0.000022
736.050000 -0.000023
736.100000 -0.000024
736.150000 -0.000025
736.200000 -0.000025
736.250000 -0.000025
736.300000 -0.000025
736.350000 -0.000025
736.400000 -0.000026
736.450000 -0.000026
736.500000 -0.000026
736.550000 -0.000025
736.600000 -0.000025
736.650000 -0.000024
736.700000 -0.000024
736.750000 -0.000023
736.800000 -0.000023
736.850000 -0.000023
736.900000 -0.000023
736.950000 -0.000024
737.000000 -0.000024
737.050000 -0.000024
737.100000 -0.000024
737.150000 -0.000024
737.200000 -0.000024
737.250000 -0.000023
737.300000 -0.000023
737.350000 -0.000023
737.400000 -0.000022
737.450000 -0.000022
737.500000 -0.000022
737.550000 -0.000022
737.600000 -0.000022
737.650000 -0.000022
737.700000 -0.000022
737.750000 -0.000023
737.800000 -0.000022
737.850000 -0.000022
737.900000 -0.000022
737.950000 -0.000021
738.000000 -0.000021
738.050000 -0.000021
738.100000 -0.000020
738.150000 -0.000020
738.200000 -0.000019
738.250000 -0.000019
738.300000 -0.000019
738.350000 -0.000019
738.400000 -0.000019
738.450000 -0.000018
738.500000 -0.000018
738.550000 -0.000018
738.600000 -0.000018
738.650000 -0.000018
738.700000 -0.000018
738.750000 -0.000017
738.800000 -0.000017
738.850000 -0.000017
738.900000 -0.000017
738.950000 -0.000017
739.000000 -0.000017
739.050000 -0.000017
739.100000 -0.000017
739.150000 -0.000017
739.200000 -0.000017
739.250000 -0.000017
739.300000 -0.000017
739.350000 -0.000016
739.400000 -0.000016
739.450000 -0.000016
739.500000 -0.000016
739.550000 -0.000016
739.600000 -0.000016
739.650000 -0.000016
739.700000 -0.000016
739.750000 -0.000015
739.800000 -0.000015
739.850000 -0.000015
739.900000 -0.000015
739.950000 -0.000015
740.000000 -0.000015
740.050000 -0.000015
740.100000 -0.000015
740.150000 -0.000015
740.200000 -0.000015
740.250000 -0.000015
740.300000 -0.000014
740.350000 -0.000014
740.400000 -0.000014
740.450000 -0.000014
740.500000 -0.000014
740.550000 -0.000014
740.600000 -0.000014
740.650000 -0.000014
740.700000 -0.000014
740.750000 -0.000014
740.800000 -0.000014
740.850000 -0.000014
740.900000 -0.000013
740.950000 -0.000013
741.000000 -0.000013
741.050000 -0.000013
741.100000 -0.000013
741.150000 -0.000013
741.200000 -0.000013
741.250000 -0.000013
741.300000 -0.000013
741.350000 -0.000013
741.400000 -0.000013
741.450000 -0.000013
741.500000 -0.000013
741.550000 -0.000013
741.600000 -0.000013
741.650000 -0.000012
741.700000 -0.000012
741.750000 -0.000012
741.800000 -0.000012
741.850000 -0.000012
741.900000 -0.000012
741.950000 -0.000012
742.000000 -0.000012
742.050000 -0.000012
742.100000 -0.000012
742.150000 -0.000012
742.200000 -0.000012
742.250000 -0.000012
742.300000 -0.000012
742.350000 -0.000012
742.400000 -0.000012
742.450000 -0.000011
742.500000 -0.000011
742.550000 -0.000011
742.600000 -0.000011
742.650000 -0.000011
742.700000 -0.000011
742.750000 -0.000011
742.800000 -0.000011
742.850000 -0.000011
742.900000 -0.000011
742.950000 -0.000011
743.000000 -0.000011
743.050000 -0.000011
743.100000 -0.000011
743.150000 -0.000011
743.200000 -0.000011
743.250000 -0.000011
743.300000 -0.000011
743.350000 -0.000011
743.400000 -0.000010
743.450000 -0.000010
743.500000 -0.000010
743.550000 -0.000010
743.600000 -0.000010
743.650000 -0.000010
743.700000 -0.000010
743.750000 -0.000010
743.800000 -0.000010
743.850000 -0.000010
743.900000 -0.000010
743.950000 -0.000010
744.000000 -0.000010
744.050000 -0.000010
744.100000 -0.000010
744.150000 -0.000010
744.200000 -0.000010
744.250000 -0.000010
744.300000 -0.000010
744.350000 -0.000010
744.400000 -0.000010
744.450000 -0.000010
744.500000 -0.000009
744.550000 -0.000009
744.600000 -0.000009
744.650000 -0.000009
744.700000 -0.000009
744.750000 -0.000009
744.800000 -0.000009
744.850000 -0.000009
744.900000 -0.000009
744.950000 -0.000009
745.000000 -0.000009
745.050000 -0.000009
745.100000 -0.000009
745.150000 -0.000009
745.200000 -0.000009
745.250000 -0.000009
745.300000 -0.000009
745.350000 -0.000009
745.400000 -0.000009
745.450000 -0.000009
745.500000 -0.000009
745.550000 -0.000009
745.600000 -0.000009
745.650000 -0.000009
745.700000 -0.000009
745.750000 -0.000009
745.800000 -0.000009
745.850000 -0.000008
745.900000 -0.000008
745.950000 -0.000008
746.000000 -0.000008
746.050000 -0.000008
746.100000 -0.000008
746.150000 -0.000008
746.200000 -0.000008
746.250000 -0.000008
746.300000 -0.000008
746.350000 -0.000008
746.400000 -0.000008
746.450000 -0.000008
746.500000 -0.000008
746.550000 -0.000008
746.600000 -0.000008
746.650000 -0.000008
746.700000 -0.000008
746.750000 -0.000008
746.800000 -0.000008
746.850000 -0.000008
746.900000 -0.000008
746.950000 -0.000008
747.000000 -0.000008
747.050000 -0.000008
747.100000 -0.000008
747.150000 -0.000008
747.200000 -0.000008
747.250000 -0.000008
747.300000 -0.000008
747.350000 -0.000008
747.400000 -0.000008
747.450000 -0.000007
747.500000 -0.000007
747.550000 -0.000007
747.600000 -0.000007
747.650000 -0.000007
747.700000 -0.000007
747.750000 -0.000007
747.800000 -0.000007
747.850000 -0.000007
747.900000 -0.000007
747.950000 -0.000007
748.000000 -0.000007
748.050000 -0.000007
748.100000 -0.000007
748.150000 -0.000007
748.200000 -0.000007
748.250000 -0.000007
748.300000 -0.000007
748.350000 -0.000007
748.400000 -0.000007
748.450000 -0.000007
748.500000 -0.000007
748.550000 -0.000007
748.600000 -0.000007
748.650000 -0.000007
748.700000 -0.000007
748.750000 -0.000007
748.800000 -0.000007
748.850000 -0.000007
748.900000 -0.000007
748.950000 -0.000007
749.000000 -0.000007
749.050000 -0.000007
749.100000 -0.000007
749.150000 -0.000007
749.200000 -0.000007
749.250000 -0.000007
749.300000 -0.000007
749.350000 -0.000007
749.400000 -0.000007
749.450000 -0.000006
749.500000 -0.000006
749.550000 -0.000006
749.600000 -0.000006
749.650000 -0.000006
749.700000 -0.000006
749.750000 -0.000006
749.800000 -0.000006
749.850000 -0.000006
749.900000 -0.000005
749.950000 -0.000004

#Sticks
710.250000 -0.052685
710.350000 0.008925
711.000000 0.000065
711.100000 -0.000032
711.150000 0.000595
711.200000 0.000001
711.250000 -0.001769
711.300000 0.000013
711.350000 0.000382
711.400000 0.000024
711.450000 -0.001995
711.550000 -0.000978
711.700000 0.000155
711.800000 -0.001056
711.850000 0.000484
711.950000 0.000080
712.050000 -0.000013
712.100000 0.000001
712.250000 0.000327
712.300000 0.000098
712.350000 0.000049
712.400000 -0.000261
712.450000 -0.001579
712.500000 0.000104
712.550000 0.002356
712.600000 0.009054
712.700000 -0.008154
712.750000 0.000869
712.850000 0.003199
712.900000 0.005177
712.950000 0.007862
713.000000 -0.001214
713.050000 -0.001908
713.100000 0.001953
713.150000 -0.009830
713.250000 0.015254
713.300000 0.000906
713.400000 0.001298
713.500000 -0.004671
713.550000 0.001699
713.650000 -0.003864
713.750000 -0.042838
713.850000 0.004332
713.950000 -0.004595
714.000000 0.007585
714.100000 0.000005
714.150000 -0.018123
714.250000 -0.010964
714.300000 -0.031244
714.350000 0.015238
714.400000 -0.003830
714.450000 0.003569
714.500000 0.009217
714.550000 -0.000751
714.600000 0.000162
714.650000 0.003124
714.700000 0.001121
714.750000 0.002898
714.800000 -0.003332
714.900000 -0.005484
714.950000 -0.002607
715.000000 0.000008
715.050000 -0.010864
715.100000 0.000002
715.150000 -0.000559
715.200000 0.000996
715.250000 0.001752
715.300000 -0.000010
715.350000 0.000009
715.400000 0.000065
715.450000 0.000623
715.500000 0.001091
715.550000 -0.001416
715.600000 0.000092
715.650000 0.000001
715.700000 0.000917
715.750000 -0.000329
715.800000 0.000216
715.850000 0.000513
715.900000 0.000421
716.000000 0.000034
716.050000 0.000441
716.100000 -0.000161
716.150000 0.000139
716.200000 -0.001452
716.250000 0.000917
716.300000 -0.000232
716.350000 0.000017
716.400000 -0.000858
716.450000 0.000043
716.500000 0.001391
716.550000 -0.001262
716.600000 0.001002
716.650000 0.000259
716.700000 0.000629
716.750000 0.000021
716.800000 0.003270
716.850000 -0.002020
716.900000 0.000569
716.950000 0.000395
717.050000 -0.000200
717.100000 0.000180
717.150000 0.000321
717.200000 0.000112
717.250000 -0.001486
717.300000 0.000070
717.350000 -0.000391
717.400000 0.000011
717.450000 0.000015
717.500000 0.000501
717.550000 -0.000069
717.600000 -0.000414
717.650000 0.000005
717.700000 0.000029
717.750000 -0.000366
717.800000 -0.000240
717.850000 0.000165
717.900000 0.000028
717.950000 -0.000097
718.000000 -0.000059
718.050000 0.000086
718.100000 -0.000496
718.150000 0.000005
718.200000 0.000009
718.250000 0.000087
718.300000 -0.000023
718.350000 0.000003
718.400000 0.000025
718.450000 -0.000112
718.550000 -0.000078
718.600000 0.000171
718.650000 0.000012
718.700000 -0.000105
718.750000 -0.000004
718.800000 -0.000006
718.850000 0.000048
718.900000 0.000008
718.950000 0.000001
719.000000 -0.000017
719.050000 0.000027
719.100000 0.000008
719.150000 -0.000003
719.200000 -0.000267
719.300000 -0.000416
719.350000 0.000008
719.400000 0.000018
719.450000 0.000002
719.500000 0.000035
719.550000 0.000031
719.600000 -0.000051
719.650000 0.000001
719.700000 -0.000149
719.800000 0.000010
719.850000 -0.000040
719.900000 0.000011
719.950000 -0.000039
720.000000 -0.000022
720.050000 0.000085
720.100000 0.000004
720.150000 0.000002
720.200000 -0.000058
720.300000 0.000002
720.350000 0.000002
720.400000 -0.000066
720.450000 0.000015
720.500000 -0.000141
720.550000 0.000007
720.600000 -0.000008
720.650000 0.000011
720.700000 -0.000117
720.750000 0.000024
720.800000 0.000001
720.850000 0.000128
720.900000 0.000014
721.000000 -0.000064
721.050000 0.000010
721.150000 -0.000048
721.200000 -0.000055
721.250000 0.000001
721.300000 -0.000018
721.350000 -0.000030
721.400000 0.000014
721.450000 -0.000025
721.550000 0.000023
721.650000 -0.000025
721.700000 0.000008
721.800000 -0.000002
721.850000 0.000001
721.900000 -0.000002
721.950000 0.000001
722.000000 -0.000014
722.150000 -0.000008
722.200000 0.000003
722.250000 -0.000001
722.300000 -0.000007
722.350000 -0.000003
722.450000 0.000005
722.500000 -0.000002
722.600000 0.000001
722.650000 -0.000009
722.700000 0.000028
722.750000 -0.000001
722.800000 0.000056
722.900000 0.000013
722.950000 0.004658
723.000000 0.000009
723.100000 0.000037
723.150000 0.000068
723.200000 -0.000002
723.250000 0.000004
723.400000 -0.000006
723.550000 0.000014
723.600000 -0.000032
723.900000 -0.000034
724.050000 0.000025
724.150000 0.000126
724.200000 0.000001
724.250000 -0.000059
724.300000 0.000024
724.350000 -0.000623
724.400000 0.000197
724.550000 -0.000012
724.600000 0.000039
724.700000 -0.000007
724.800000 -0.000028
724.850000 0.001489
724.900000 0.006812
725.000000 0.000816
725.150000 0.000441
725.250000 0.017060
725.300000 -0.022320
725.350000 0.003160
725.450000 -0.002080
725.500000 0.000127
725.550000 0.003222
725.600000 0.001558
725.650000 -0.001006
725.700000 0.000269
725.750000 0.002055
725.800000 -0.001066
725.850000 0.000516
725.900000 -0.011949
726.050000 -0.027328
726.150000 -0.005568
726.200000 0.003809
726.300000 0.006378
726.350000 0.006236
726.400000 0.000256
726.450000 -0.000563
726.500000 0.002976
726.600000 -0.007363
726.650000 0.001982
726.750000 0.003327
726.850000 0.000998
726.900000 -0.000048
727.000000 -0.001740
727.100000 -0.000624
727.150000 0.000016
727.200000 0.000263
727.300000 0.001944
727.350000 -0.002699
727.500000 0.000049
727.550000 -0.000780
727.750000 0.000131
727.850000 0.000358
727.900000 0.000457
728.050000 -0.002110
728.100000 0.000003
728.200000 -0.001057
728.250000 0.000001
728.300000 0.000294
728.350000 -0.001220
728.400000 0.000133
728.450000 0.000079
728.550000 0.000329
728.600000 -0.001718
728.650000 0.000422
728.700000 0.000455
728.800000 -0.000453
728.900000 0.000352
728.950000 -0.000358
729.000000 -0.000018
729.050000 0.000168
729.100000 0.000102
729.150000 0.000112
729.200000 0.000292
729.250000 0.000320
729.350000 0.000066
729.400000 0.000043
729.450000 0.000077
729.500000 -0.000469
729.550000 0.000016
729.600000 -0.000177
729.650000 0.000043
729.700000 -0.000082
729.750000 0.000005
729.850000 0.000338
729.900000 -0.000030
729.950000 0.000118
730.000000 0.000023
730.050000 -0.000097
730.200000 0.000019
730.350000 0.000027
730.400000 -0.000096
730.450000 0.000033
730.550000 -0.000054
730.650000 -0.000146
730.800000 0.000002
730.850000 -0.000032
730.900000 0.000009
730.950000 0.000018
731.050000 0.000001
731.100000 0.000009
731.150000 0.000002
731.250000 0.000040
731.300000 -0.000005
731.350000 0.000072
731.400000 0.000001
731.450000 -0.000091
731.500000 0.000011
731.600000 -0.000117
731.650000 0.000027
731.700000 -0.000047
731.750000 0.000001
731.800000 0.000003
731.850000 -0.000055
731.900000 0.000008
731.950000 -0.000014
732.000000 0.000011
732.100000 -0.000078
732.200000 0.000031
732.250000 0.000004
732.300000 -0.000253
732.450000 -0.000061
732.600000 0.000009
732.650000 0.000002
732.750000 0.000044
732.800000 0.000042
732.850000 0.000003
732.900000 -0.000015
733.000000 0.000055
733.150000 0.000018
733.250000 -0.000096
733.400000 0.000007
733.450000 0.000005
733.700000 0.000026
733.750000 -0.000003
733.800000 0.000029
733.900000 0.000019
733.950000 0.000004
734.050000 -0.000005
734.100000 0.000008
734.250000 0.000010
734.550000 -0.000002
734.650000 -0.000007
734.750000 0.000001
735.050000 -0.000007
735.200000 0.000001
735.300000 -0.000002
735.350000 0.000001
735.450000 0.000004
735.500000 -0.000004
735.550000 0.000001
735.650000 -0.000002
735.700000 0.000014
735.850000 0.000002
735.950000 -0.000003
736.050000 0.000002
736.100000 -0.000003
736.400000 0.000002
736.500000 -0.000004
736.800000 0.000002
736.900000 0.000001
737.000000 -0.000003
737.800000 -0.000002
739.100000 0.000002
739.150000 -0.000002
