700.000000 0.000033
700.050000 0.000043
700.100000 0.000050
700.150000 0.000054
700.200000 0.000055
700.250000 0.000056
700.300000 0.000057
700.350000 0.000057
700.400000 0.000058
700.450000 0.000058
700.500000 0.000058
700.550000 0.000059
700.600000 0.000059
700.650000 0.000060
700.700000 0.000060
700.750000 0.000061
700.800000 0.000061
700.850000 0.000062
700.900000 0.000062
700.950000 0.000062
701.000000 0.000063
701.050000 0.000063
701.100000 0.000064
701.150000 0.000064
701.200000 0.000065
701.250000 0.000065
701.300000 0.000066
701.350000 0.000066
701.400000 0.000067
701.450000 0.000067
701.500000 0.000068
701.550000 0.000068
701.600000 0.000069
701.650000 0.000070
701.700000 0.000070
701.750000 0.000071
701.800000 0.000071
701.850000 0.000072
701.900000 0.000072
701.950000 0.000073
702.000000 0.000074
702.050000 0.000074
702.100000 0.000075
702.150000 0.000076
702.200000 0.000076
702.250000 0.000077
702.300000 0.000077
702.350000 0.000078
702.400000 0.000079
702.450000 0.000080
702.500000 0.000080
702.550000 0.000081
702.600000 0.000082
702.650000 0.000082
702.700000 0.000083
702.750000 0.000084
702.800000 0.000085
702.850000 0.000085
702.900000 0.000086
702.950000 0.000087
703.000000 0.000088
703.050000 0.000089
703.100000 0.000089
703.150000 0.000090
703.200000 0.000091
703.250000 0.000092
703.300000 0.000093
703.350000 0.000094
703.400000 0.000095
703.450000 0.000095
703.500000 0.000096
703.550000 0.000097
703.600000 0.000098
703.650000 0.000099
703.700000 0.000100
703.750000 0.000101
703.800000 0.000102
703.850000 0.000103
703.900000 0.000104
703.950000 0.000105
704.000000 0.000107
704.050000 0.000108
704.100000 0.000109
704.150000 0.000110
704.200000 0.000111
704.250000 0.000112
704.300000 0.000114
704.350000 0.000115
704.400000 0.000116
704.450000 0.000117
704.500000 0.000119
704.550000 0.000120
704.600000 0.000121
704.650000 0.000123
704.700000 0.000124
704.750000 0.000125
704.800000 0.000127
704.850000 0.000128
704.900000 0.000130
704.950000 0.000131
705.000000 0.000133
705.050000 0.000135
705.100000 0.000136
705.150000 0.000138
705.200000 0.000140
705.250000 0.000141
705.300000 0.000143
705.350000 0.000145
705.400000 0.000147
705.450000 0.000149
705.500000 0.000150
705.550000 0.000152
705.600000 0.000154
705.650000 0.000156
705.700000 0.000159
705.750000 0.000161
705.800000 0.000163
705.850000 0.000165
705.900000 0.000167
705.950000 0.000170
706.000000 0.000172
706.050000 0.000175
706.100000 0.000177
706.150000 0.000180
706.200000 0.000182
706.250000 0.000185
706.300000 0.000188
706.350000 0.000190
706.400000 0.000193
706.450000 0.000196
706.500000 0.000199
706.550000 0.000203
706.600000 0.000206
706.650000 0.000209
706.700000 0.000212
706.750000 0.000216
706.800000 0.000220
706.850000 0.000223
706.900000 0.000227
706.950000 0.000231
707.000000 0.000235
707.050000 0.000239
707.100000 0.000243
707.150000 0.000248
707.200000 0.000252
707.250000 0.000257
707.300000 0.000262
707.350000 0.000267
707.400000 0.000272
707.450000 0.000278
707.500000 0.000283
707.550000 0.000289
707.600000 0.000295
707.650000 0.000301
707.700000 0.000308
707.750000 0.000314
707.800000 0.000321
707.850000 0.000328
707.900000 0.000336
707.950000 0.000344
708.000000 0.000352
708.050000 0.000361
708.100000 0.000370
708.150000 0.000379
708.200000 0.000389
708.250000 0.000399
708.300000 0.000410
708.350000 0.000422
708.400000 0.000434
708.450000 0.000447
708.500000 0.000460
708.550000 0.000475
708.600000 0.000490
708.650000 0.000506
708.700000 0.000524
708.750000 0.000542
708.800000 0.000562
708.850000 0.000584
708.900000 0.000607
708.950000 0.000632
709.000000 0.000659
709.050000 0.000689
709.100000 0.000722
709.150000 0.000758
709.200000 0.000798
709.250000 0.000842
709.300000 0.000892
709.350000 0.000949
709.400000 0.001013
709.450000 0.001087
709.500000 0.001173
709.550000 0.001273
709.600000 0.001392
709.650000 0.001536
709.700000 0.001712
709.750000 0.001930
709.800000 0.002209
709.850000 0.002571
709.900000 0.003054
709.950000 0.003713
710.000000 0.004625
710.050000 0.005888
710.100000 0.007586
710.150000 0.009727
710.200000 0.012144
710.250000 0.014442
710.300000 0.016073
710.350000 0.016565
710.400000 0.015775
710.450000 0.013976
710.500000 0.011699
710.550000 0.009467
710.600000 0.007604
710.650000 0.006220
710.700000 0.005283
710.750000 0.004716
710.800000 0.004446
710.850000 0.004426
710.900000 0.004626
710.950000 0.005004
711.000000 0.005487
711.050000 0.005961
711.100000 0.006297
711.150000 0.006397
711.200000 0.006247
711.250000 0.005908
711.300000 0.005483
711.350000 0.005063
711.400000 0.004708
711.450000 0.004450
711.500000 0.004305
711.550000 0.004279
711.600000 0.004367
711.650000 0.004557
711.700000 0.004825
711.750000 0.005145
711.800000 0.005485
711.850000 0.005831
711.900000 0.006187
711.950000 0.006591
712.000000 0.007105
712.050000 0.007802
712.100000 0.008759
712.150000 0.010058
712.200000 0.011801
712.250000 0.014137
712.300000 0.017276
712.350000 0.021459
712.400000 0.026842
712.450000 0.033301
712.500000 0.040262
712.550000 0.046753
712.600000 0.051759
712.650000 0.054731
712.700000 0.055865
712.750000 0.055911
712.800000 0.055659
712.850000 0.055495
712.900000 0.055340
712.950000 0.054946
713.000000 0.054253
713.050000 0.053498
713.100000 0.052995
713.150000 0.052763
713.200000 0.052353
713.250000 0.051057
713.300000 0.048389
713.350000 0.044447
713.400000 0.039880
713.450000 0.035512
713.500000 0.031971
713.550000 0.029547
713.600000 0.028282
713.650000 0.028102
713.700000 0.028886
713.750000 0.030463
713.800000 0.032594
713.850000 0.034997
713.900000 0.037404
713.950000 0.039667
714.000000 0.041867
714.050000 0.044359
714.100000 0.047653
714.150000 0.052092
714.200000 0.057515
714.250000 0.063148
714.300000 0.067861
714.350000 0.070641
714.400000 0.070982
714.450000 0.068986
714.500000 0.065199
714.550000 0.060341
714.600000 0.055042
714.650000 0.049670
714.700000 0.044343
714.750000 0.039094
714.800000 0.034053
714.850000 0.029483
714.900000 0.025668
714.950000 0.022774
715.000000 0.020771
715.050000 0.019473
715.100000 0.018620
715.150000 0.017971
715.200000 0.017360
715.250000 0.016708
715.300000 0.016013
715.350000 0.015305
715.400000 0.014603
715.450000 0.013901
715.500000 0.013192
715.550000 0.012505
715.600000 0.011896
715.650000 0.011416
715.700000 0.011068
715.750000 0.010803
715.800000 0.010552
715.850000 0.010258
715.900000 0.009906
715.950000 0.009521
716.000000 0.009157
716.050000 0.008876
716.100000 0.008725
716.150000 0.008722
716.200000 0.008864
716.250000 0.009144
716.300000 0.009560
716.350000 0.010115
716.400000 0.010798
716.450000 0.011582
716.500000 0.012428
716.550000 0.013301
716.600000 0.014153
716.650000 0.014905
716.700000 0.015425
716.750000 0.015557
716.800000 0.015186
716.850000 0.014307
716.900000 0.013049
716.950000 0.011621
717.000000 0.010225
717.050000 0.008984
717.100000 0.007928
717.150000 0.007025
717.200000 0.006232
717.250000 0.005534
717.300000 0.004939
717.350000 0.004457
717.400000 0.004080
717.450000 0.003776
717.500000 0.003508
717.550000 0.003249
717.600000 0.002996
717.650000 0.002764
717.700000 0.002567
717.750000 0.002413
717.800000 0.002294
717.850000 0.002198
717.900000 0.002116
717.950000 0.002042
718.000000 0.001977
718.050000 0.001920
718.100000 0.001867
718.150000 0.001813
718.200000 0.001755
718.250000 0.001692
718.300000 0.001629
718.350000 0.001572
718.400000 0.001526
718.450000 0.001492
718.500000 0.001466
718.550000 0.001442
718.600000 0.001410
718.650000 0.001366
718.700000 0.001312
718.750000 0.001254
718.800000 0.001198
718.850000 0.001150
718.900000 0.001111
718.950000 0.001080
719.000000 0.001059
719.050000 0.001048
719.100000 0.001045
719.150000 0.001049
719.200000 0.001058
719.250000 0.001071
719.300000 0.001083
719.350000 0.001089
719.400000 0.001082
719.450000 0.001057
719.500000 0.001015
719.550000 0.000959
719.600000 0.000900
719.650000 0.000845
719.700000 0.000801
719.750000 0.000773
719.800000 0.000759
719.850000 0.000757
719.900000 0.000764
719.950000 0.000772
720.000000 0.000776
720.050000 0.000772
720.100000 0.000757
720.150000 0.000735
720.200000 0.000711
720.250000 0.000688
720.300000 0.000671
720.350000 0.000662
720.400000 0.000659
720.450000 0.000664
720.500000 0.000675
720.550000 0.000694
720.600000 0.000722
720.650000 0.000757
720.700000 0.000797
720.750000 0.000836
720.800000 0.000864
720.850000 0.000874
720.900000 0.000864
720.950000 0.000837
721.000000 0.000803
721.050000 0.000770
721.100000 0.000743
721.150000 0.000726
721.200000 0.000718
721.250000 0.000718
721.300000 0.000722
721.350000 0.000729
721.400000 0.000737
721.450000 0.000744
721.500000 0.000751
721.550000 0.000757
721.600000 0.000764
721.650000 0.000772
721.700000 0.000783
721.750000 0.000796
721.800000 0.000813
721.850000 0.000835
721.900000 0.000861
721.950000 0.000893
722.000000 0.000932
722.050000 0.000977
722.100000 0.001030
722.150000 0.001093
722.200000 0.001168
722.250000 0.001258
722.300000 0.001366
722.350000 0.001499
722.400000 0.001663
722.450000 0.001871
722.500000 0.002134
722.550000 0.002473
722.600000 0.002909
722.650000 0.003465
722.700000 0.004156
722.750000 0.004973
722.800000 0.005863
722.850000 0.006719
722.900000 0.007391
722.950000 0.007733
723.000000 0.007669
723.050000 0.007222
723.100000 0.006509
723.150000 0.005683
723.200000 0.004880
723.250000 0.004181
723.300000 0.003617
723.350000 0.003186
723.400000 0.002868
723.450000 0.002641
723.500000 0.002485
723.550000 0.002384
723.600000 0.002327
723.650000 0.002305
723.700000 0.002315
723.750000 0.002355
723.800000 0.002422
723.850000 0.002520
723.900000 0.002647
723.950000 0.002806
724.000000 0.002998
724.050000 0.003224
724.100000 0.003484
724.150000 0.003781
724.200000 0.004118
724.250000 0.004504
724.300000 0.004948
724.350000 0.005469
724.400000 0.006090
724.450000 0.006851
724.500000 0.007804
724.550000 0.009012
724.600000 0.010542
724.650000 0.012435
724.700000 0.014677
724.750000 0.017167
724.800000 0.019727
724.850000 0.022151
724.900000 0.024313
724.950000 0.026252
725.000000 0.028176
725.050000 0.030348
725.100000 0.032904
725.150000 0.035704
725.200000 0.038307
725.250000 0.040136
725.300000 0.040740
725.350000 0.040021
725.400000 0.038259
725.450000 0.035955
725.500000 0.033586
725.550000 0.031456
725.600000 0.029669
725.650000 0.028199
725.700000 0.026963
725.750000 0.025878
725.800000 0.024904
725.850000 0.024071
725.900000 0.023488
725.950000 0.023320
726.000000 0.023716
726.050000 0.024747
726.100000 0.026346
726.150000 0.028295
726.200000 0.030245
726.250000 0.031791
726.300000 0.032576
726.350000 0.032418
726.400000 0.031366
726.450000 0.029674
726.500000 0.027678
726.550000 0.025661
726.600000 0.023776
726.650000 0.022036
726.700000 0.020365
726.750000 0.018682
726.800000 0.016958
726.850000 0.015231
726.900000 0.013585
726.950000 0.012109
727.000000 0.010867
727.050000 0.009886
727.100000 0.009154
727.150000 0.008622
727.200000 0.008212
727.250000 0.007835
727.300000 0.007416
727.350000 0.006920
727.400000 0.006362
727.450000 0.005789
727.500000 0.005263
727.550000 0.004828
727.600000 0.004506
727.650000 0.004296
727.700000 0.004179
727.750000 0.004121
727.800000 0.004084
727.850000 0.004033
727.900000 0.003947
727.950000 0.003825
728.000000 0.003682
728.050000 0.003549
728.100000 0.003452
728.150000 0.003407
728.200000 0.003421
728.250000 0.003486
728.300000 0.003595
728.350000 0.003733
728.400000 0.003891
728.450000 0.004058
728.500000 0.004223
728.550000 0.004372
728.600000 0.004490
728.650000 0.004561
728.700000 0.004575
728.750000 0.004535
728.800000 0.004458
728.850000 0.004371
728.900000 0.004305
728.950000 0.004279
729.000000 0.004298
729.050000 0.004348
729.100000 0.004396
729.150000 0.004400
729.200000 0.004318
729.250000 0.004129
729.300000 0.003841
729.350000 0.003486
729.400000 0.003111
729.450000 0.002756
729.500000 0.002449
729.550000 0.002204
729.600000 0.002022
729.650000 0.001895
729.700000 0.001812
729.750000 0.001755
729.800000 0.001708
729.850000 0.001652
729.900000 0.001577
729.950000 0.001481
730.000000 0.001371
730.050000 0.001257
730.100000 0.001149
730.150000 0.001056
730.200000 0.000980
730.250000 0.000920
730.300000 0.000872
730.350000 0.000832
730.400000 0.000795
730.450000 0.000758
730.500000 0.000721
730.550000 0.000684
730.600000 0.000649
730.650000 0.000619
730.700000 0.000595
730.750000 0.000577
730.800000 0.000565
730.850000 0.000558
730.900000 0.000555
730.950000 0.000554
731.000000 0.000554
731.050000 0.000555
731.100000 0.000557
731.150000 0.000560
731.200000 0.000563
731.250000 0.000565
731.300000 0.000563
731.350000 0.000556
731.400000 0.000545
731.450000 0.000530
731.500000 0.000515
731.550000 0.000499
731.600000 0.000483
731.650000 0.000467
731.700000 0.000450
731.750000 0.000431
731.800000 0.000412
731.850000 0.000394
731.900000 0.000379
731.950000 0.000367
732.000000 0.000358
732.050000 0.000352
732.100000 0.000346
732.150000 0.000342
732.200000 0.000338
732.250000 0.000333
732.300000 0.000329
732.350000 0.000326
732.400000 0.000326
732.450000 0.000329
732.500000 0.000336
732.550000 0.000346
732.600000 0.000358
732.650000 0.000372
732.700000 0.000384
732.750000 0.000393
732.800000 0.000396
732.850000 0.000393
732.900000 0.000385
732.950000 0.000373
733.000000 0.000357
733.050000 0.000339
733.100000 0.000320
733.150000 0.000302
733.200000 0.000285
733.250000 0.000271
733.300000 0.000259
733.350000 0.000250
733.400000 0.000244
733.450000 0.000241
733.500000 0.000242
733.550000 0.000244
733.600000 0.000249
733.650000 0.000255
733.700000 0.000260
733.750000 0.000263
733.800000 0.000263
733.850000 0.000258
733.900000 0.000249
733.950000 0.000238
734.000000 0.000225
734.050000 0.000213
734.100000 0.000201
734.150000 0.000190
734.200000 0.000181
734.250000 0.000172
734.300000 0.000163
734.350000 0.000155
734.400000 0.000148
734.450000 0.000141
734.500000 0.000136
734.550000 0.000131
734.600000 0.000127
734.650000 0.000123
734.700000 0.000120
734.750000 0.000118
734.800000 0.000115
734.850000 0.000113
734.900000 0.000112
734.950000 0.000110
735.000000 0.000109
735.050000 0.000108
735.100000 0.000107
735.150000 0.000107
735.200000 0.000107
735.250000 0.000108
735.300000 0.000108
735.350000 0.000109
735.400000 0.000110
735.450000 0.000111
735.500000 0.000112
735.550000 0.000113
735.600000 0.000114
735.650000 0.000114
735.700000 0.000114
735.750000 0.000113
735.800000 0.000111
735.850000 0.000108
735.900000 0.000105
735.950000 0.000102
736.000000 0.000099
736.050000 0.000096
736.100000 0.000094
736.150000 0.000091
736.200000 0.000089
736.250000 0.000087
736.300000 0.000086
736.350000 0.000084
736.400000 0.000083
736.450000 0.000081
736.500000 0.000080
736.550000 0.000079
736.600000 0.000078
736.650000 0.000077
736.700000 0.000077
736.750000 0.000076
736.800000 0.000075
736.850000 0.000074
736.900000 0.000073
736.950000 0.000072
737.000000 0.000071
737.050000 0.000069
737.100000 0.000068
737.150000 0.000067
737.200000 0.000066
737.250000 0.000065
737.300000 0.000065
737.350000 0.000064
737.400000 0.000063
737.450000 0.000063
737.500000 0.000062
737.550000 0.000061
737.600000 0.000061
737.650000 0.000060
737.700000 0.000060
737.750000 0.000059
737.800000 0.000059
737.850000 0.000058
737.900000 0.000058
737.950000 0.000057
738.000000 0.000057
738.050000 0.000056
738.100000 0.000056
738.150000 0.000056
738.200000 0.000055
738.250000 0.000055
738.300000 0.000054
738.350000 0.000054
738.400000 0.000054
738.450000 0.000053
738.500000 0.000053
738.550000 0.000053
738.600000 0.000052
738.650000 0.000052
738.700000 0.000052
738.750000 0.000052
738.800000 0.000051
738.850000 0.000051
738.900000 0.000051
738.950000 0.000051
739.000000 0.000051
739.050000 0.000051
739.100000 0.000051
739.150000 0.000050
739.200000 0.000050
739.250000 0.000049
739.300000 0.000048
739.350000 0.000048
739.400000 0.000047
739.450000 0.000047
739.500000 0.000046
739.550000 0.000046
739.600000 0.000045
739.650000 0.000045
739.700000 0.000045
739.750000 0.000044
739.800000 0.000044
739.850000 0.000044
739.900000 0.000043
739.950000 0.000043
740.000000 0.000043
740.050000 0.000043
740.100000 0.000042
740.150000 0.000042
740.200000 0.000042
740.250000 0.000041
740.300000 0.000041
740.350000 0.000041
740.400000 0.000041
740.450000 0.000040
740.500000 0.000040
740.550000 0.000040
740.600000 0.000040
740.650000 0.000039
740.700000 0.000039
740.750000 0.000039
740.800000 0.000039
740.850000 0.000038
740.900000 0.000038
740.950000 0.000038
741.000000 0.000038
741.050000 0.000038
741.100000 0.000037
741.150000 0.000037
741.200000 0.000037
741.250000 0.000037
741.300000 0.000036
741.350000 0.000036
741.400000 0.000036
741.450000 0.000036
741.500000 0.000036
741.550000 0.000035
741.600000 0.000035
741.650000 0.000035
741.700000 0.000035
741.750000 0.000035
741.800000 0.000034
741.850000 0.000034
741.900000 0.000034
741.950000 0.000034
742.000000 0.000034
742.050000 0.000033
742.100000 0.000033
742.150000 0.000033
742.200000 0.000033
742.250000 0.000033
742.300000 0.000033
742.350000 0.000032
742.400000 0.000032
742.450000 0.000032
742.500000 0.000032
742.550000 0.000032
742.600000 0.000032
742.650000 0.000031
742.700000 0.000031
742.750000 0.000031
742.800000 0.000031
742.850000 0.000031
742.900000 0.000031
742.950000 0.000030
743.000000 0.000030
743.050000 0.000030
743.100000 0.000030
743.150000 0.000030
743.200000 0.000030
743.250000 0.000029
743.300000 0.000029
743.350000 0.000029
743.400000 0.000029
743.450000 0.000029
743.500000 0.000029
743.550000 0.000029
743.600000 0.000028
743.650000 0.000028
743.700000 0.000028
743.750000 0.000028
743.800000 0.000028
743.850000 0.000028
743.900000 0.000028
743.950000 0.000027
744.000000 0.000027
744.050000 0.000027
744.100000 0.000027
744.150000 0.000027
744.200000 0.000027
744.250000 0.000027
744.300000 0.000027
744.350000 0.000026
744.400000 0.000026
744.450000 0.000026
744.500000 0.000026
744.550000 0.000026
744.600000 0.000026
744.650000 0.000026
744.700000 0.000026
744.750000 0.000025
744.800000 0.000025
744.850000 0.000025
744.900000 0.000025
744.950000 0.000025
745.000000 0.000025
745.050000 0.000025
745.100000 0.000025
745.150000 0.000025
745.200000 0.000024
745.250000 0.000024
745.300000 0.000024
745.350000 0.000024
745.400000 0.000024
745.450000 0.000024
745.500000 0.000024
745.550000 0.000024
745.600000 0.000024
745.650000 0.000023
745.700000 0.000023
745.750000 0.000023
745.800000 0.000023
745.850000 0.000023
745.900000 0.000023
745.950000 0.000023
746.000000 0.000023
746.050000 0.000023
746.100000 0.000023
746.150000 0.000022
746.200000 0.000022
746.250000 0.000022
746.300000 0.000022
746.350000 0.000022
746.400000 0.000022
746.450000 0.000022
746.500000 0.000022
746.550000 0.000022
746.600000 0.000022
746.650000 0.000021
746.700000 0.000021
746.750000 0.000021
746.800000 0.000021
746.850000 0.000021
746.900000 0.000021
746.950000 0.000021
747.000000 0.000021
747.050000 0.000021
747.100000 0.000021
747.150000 0.000021
747.200000 0.000021
747.250000 0.000020
747.300000 0.000020
747.350000 0.000020
747.400000 0.000020
747.450000 0.000020
747.500000 0.000020
747.550000 0.000020
747.600000 0.000020
747.650000 0.000020
747.700000 0.000020
747.750000 0.000020
747.800000 0.000020
747.850000 0.000019
747.900000 0.000019
747.950000 0.000019
748.000000 0.000019
748.050000 0.000019
748.100000 0.000019
748.150000 0.000019
748.200000 0.000019
748.250000 0.000019
748.300000 0.000019
748.350000 0.000019
748.400000 0.000019
748.450000 0.000019
748.500000 0.000018
748.550000 0.000018
748.600000 0.000018
748.650000 0.000018
748.700000 0.000018
748.750000 0.000018
748.800000 0.000018
748.850000 0.000018
748.900000 0.000018
748.950000 0.000018
749.000000 0.000018
749.050000 0.000018
749.100000 0.000018
749.150000 0.000018
749.200000 0.000018
749.250000 0.000017
749.300000 0.000017
749.350000 0.000017
749.400000 0.000017
749.450000 0.000017
749.500000 0.000017
749.550000 0.000017
749.600000 0.000017
749.650000 0.000017
749.700000 0.000017
749.750000 0.000017
749.800000 0.000016
749.850000 0.000015
749.900000 0.000013
749.950000 0.000010

#Sticks
710.350000 0.009492
711.000000 0.000069
711.100000 0.001570
711.150000 0.000633
711.200000 0.000001
711.300000 0.000014
711.350000 0.000406
711.400000 0.000025
711.550000 0.000030
711.700000 0.000165
711.850000 0.000515
711.950000 0.000085
712.100000 0.000001
712.250000 0.000362
712.300000 0.000104
712.350000 0.000052
712.500000 0.000111
712.550000 0.002507
712.600000 0.017030
712.700000 0.003320
712.750000 0.001632
712.850000 0.003402
712.900000 0.005505
712.950000 0.008362
713.050000 0.001711
713.100000 0.002077
713.150000 0.000350
713.250000 0.016222
713.300000 0.001318
713.400000 0.001381
713.500000 0.000194
713.550000 0.001807
713.650000 0.000653
713.750000 0.001902
713.850000 0.004608
714.000000 0.008067
714.100000 0.000005
714.250000 0.006517
714.350000 0.016207
714.400000 0.004507
714.450000 0.003792
714.500000 0.009804
714.600000 0.000172
714.650000 0.003321
714.700000 0.004275
714.750000 0.003083
714.800000 0.000773
714.900000 0.000420
715.000000 0.000009
715.050000 0.002051
715.100000 0.000002
715.150000 0.000036
715.200000 0.001059
715.250000 0.001938
715.300000 0.000239
715.350000 0.000322
715.400000 0.000088
715.450000 0.000926
715.500000 0.001351
715.550000 0.000356
715.600000 0.000098
715.650000 0.000004
715.700000 0.000975
715.750000 0.000313
715.800000 0.000230
715.850000 0.000889
715.900000 0.000767
716.000000 0.000111
716.050000 0.000469
716.150000 0.000261
716.250000 0.000975
716.300000 0.000036
716.350000 0.000018
716.400000 0.000835
716.450000 0.000046
716.500000 0.001479
716.550000 0.000082
716.600000 0.001263
716.650000 0.000275
716.700000 0.001956
716.750000 0.000023
716.800000 0.003545
716.850000 0.000181
716.900000 0.000605
716.950000 0.000639
717.050000 0.000024
717.100000 0.000191
717.150000 0.000924
717.200000 0.000119
717.250000 0.000043
717.300000 0.000075
717.350000 0.000022
717.400000 0.000017
717.450000 0.000016
717.500000 0.000533
717.550000 0.000031
717.650000 0.000005
717.700000 0.000052
717.750000 0.000008
717.800000 0.000046
717.850000 0.000175
717.900000 0.000030
718.000000 0.000048
718.050000 0.000091
718.100000 0.000059
718.150000 0.000005
718.200000 0.000074
718.250000 0.000110
718.300000 0.000005
718.350000 0.000003
718.400000 0.000052
718.450000 0.000040
718.550000 0.000010
718.600000 0.000191
718.650000 0.000024
718.750000 0.000029
718.800000 0.000006
718.850000 0.000051
718.900000 0.000021
718.950000 0.000012
719.050000 0.000029
719.100000 0.000008
719.150000 0.000063
719.300000 0.000068
719.350000 0.000008
719.400000 0.000114
719.450000 0.000025
719.500000 0.000037
719.550000 0.000033
719.600000 0.000005
719.650000 0.000001
719.700000 0.000001
719.800000 0.000011
719.900000 0.000012
719.950000 0.000003
720.050000 0.000090
720.100000 0.000010
720.150000 0.000002
720.200000 0.000020
720.300000 0.000004
720.350000 0.000002
720.450000 0.000016
720.550000 0.000007
720.650000 0.000012
720.750000 0.000026
720.800000 0.000001
720.850000 0.000142
720.900000 0.000015
721.000000 0.000014
721.050000 0.000011
721.150000 0.000003
721.250000 0.000001
721.350000 0.000033
721.400000 0.000015
721.550000 0.000025
721.650000 0.000001
721.700000 0.000009
721.850000 0.000001
721.900000 0.000003
721.950000 0.000001
722.000000 0.000001
722.150000 0.000004
722.200000 0.000003
722.250000 0.000001
722.450000 0.000005
722.600000 0.000001
722.650000 0.000002
722.700000 0.000030
722.800000 0.000060
722.900000 0.000015
722.950000 0.004965
723.000000 0.000010
723.100000 0.000039
723.150000 0.000090
723.250000 0.000004
723.400000 0.000004
723.550000 0.000015
724.050000 0.000027
724.150000 0.000134
724.200000 0.000001
724.250000 0.000021
724.300000 0.000026
724.350000 0.000088
724.400000 0.000209
724.600000 0.000041
724.700000 0.000002
724.850000 0.001583
724.900000 0.007415
725.000000 0.000894
725.150000 0.000468
725.250000 0.018143
725.350000 0.003361
725.450000 0.001331
725.500000 0.000135
725.550000 0.003427
725.600000 0.001657
725.700000 0.000286
725.750000 0.002186
725.800000 0.003392
725.850000 0.000549
725.900000 0.000045
726.050000 0.000723
726.200000 0.004051
726.300000 0.006786
726.350000 0.006630
726.400000 0.000272
726.500000 0.003165
726.650000 0.002108
726.750000 0.003538
726.850000 0.001061
727.000000 0.000478
727.150000 0.000017
727.200000 0.000280
727.300000 0.002067
727.500000 0.000052
727.750000 0.000139
727.850000 0.000381
727.900000 0.000667
728.100000 0.000003
728.200000 0.000151
728.250000 0.000001
728.300000 0.000313
728.400000 0.000141
728.450000 0.000295
728.550000 0.000350
728.600000 0.000023
728.650000 0.000449
728.700000 0.000952
728.800000 0.000042
728.900000 0.000374
729.000000 0.000134
729.050000 0.000179
729.100000 0.000108
729.150000 0.000119
729.200000 0.000684
729.250000 0.001002
729.350000 0.000070
729.400000 0.000046
729.450000 0.000082
729.550000 0.000017
729.650000 0.000046
729.750000 0.000005
729.850000 0.000359
729.950000 0.000126
730.000000 0.000025
730.200000 0.000020
730.350000 0.000029
730.400000 0.000048
730.450000 0.000035
730.550000 0.000007
730.650000 0.000008
730.800000 0.000002
730.850000 0.000005
730.900000 0.000014
730.950000 0.000019
731.050000 0.000026
731.100000 0.000010
731.150000 0.000002
731.250000 0.000049
731.350000 0.000077
731.400000 0.000001
731.450000 0.000003
731.500000 0.000012
731.650000 0.000029
731.700000 0.000042
731.750000 0.000001
731.800000 0.000003
731.900000 0.000008
732.000000 0.000012
732.200000 0.000033
732.250000 0.000004
732.450000 0.000014
732.600000 0.000010
732.650000 0.000006
732.750000 0.000047
732.800000 0.000045
732.850000 0.000003
733.000000 0.000058
733.150000 0.000019
733.400000 0.000007
733.450000 0.000005
733.700000 0.000028
733.750000 0.000001
733.800000 0.000031
733.900000 0.000020
733.950000 0.000006
734.100000 0.000009
734.250000 0.000011
734.750000 0.000001
735.200000 0.000001
735.350000 0.000001
735.450000 0.000004
735.550000 0.000001
735.700000 0.000015
735.850000 0.000002
736.050000 0.000002
736.100000 0.000002
736.400000 0.000002
736.800000 0.000002
736.900000 0.000001
739.100000 0.000002
