700.000000 0.000037
700.050000 0.000048
700.100000 0.000056
700.150000 0.000060
700.200000 0.000063
700.250000 0.000063
700.300000 0.000064
700.350000 0.000065
700.400000 0.000065
700.450000 0.000065
700.500000 0.000066
700.550000 0.000066
700.600000 0.000067
700.650000 0.000067
700.700000 0.000068
700.750000 0.000068
700.800000 0.000069
700.850000 0.000069
700.900000 0.000070
700.950000 0.000070
701.000000 0.000071
701.050000 0.000071
701.100000 0.000072
701.150000 0.000072
701.200000 0.000073
701.250000 0.000073
701.300000 0.000074
701.350000 0.000074
701.400000 0.000075
701.450000 0.000076
701.500000 0.000076
701.550000 0.000077
701.600000 0.000077
701.650000 0.000078
701.700000 0.000078
701.750000 0.000079
701.800000 0.000080
701.850000 0.000080
701.900000 0.000081
701.950000 0.000082
702.000000 0.000082
702.050000 0.000083
702.100000 0.000084
702.150000 0.000084
702.200000 0.000085
702.250000 0.000086
702.300000 0.000086
702.350000 0.000087
702.400000 0.000088
702.450000 0.000088
702.500000 0.000089
702.550000 0.000090
702.600000 0.000091
702.650000 0.000091
702.700000 0.000092
702.750000 0.000093
702.800000 0.000094
702.850000 0.000095
702.900000 0.000095
702.950000 0.000096
703.000000 0.000097
703.050000 0.000098
703.100000 0.000099
703.150000 0.000100
703.200000 0.000101
703.250000 0.000102
703.300000 0.000102
703.350000 0.000103
703.400000 0.000104
703.450000 0.000105
703.500000 0.000106
703.550000 0.000107
703.600000 0.000108
703.650000 0.000109
703.700000 0.000110
703.750000 0.000111
703.800000 0.000112
703.850000 0.000114
703.900000 0.000115
703.950000 0.000116
704.000000 0.000117
704.050000 0.000118
704.100000 0.000119
704.150000 0.000120
704.200000 0.000122
704.250000 0.000123
704.300000 0.000124
704.350000 0.000125
704.400000 0.000127
704.450000 0.000128
704.500000 0.000129
704.550000 0.000131
704.600000 0.000132
704.650000 0.000134
704.700000 0.000135
704.750000 0.000136
704.800000 0.000138
704.850000 0.000139
704.900000 0.000141
704.950000 0.000143
705.000000 0.000144
705.050000 0.000146
705.100000 0.000147
705.150000 0.000149
705.200000 0.000151
705.250000 0.000153
705.300000 0.000154
705.350000 0.000156
705.400000 0.000158
705.450000 0.000160
705.500000 0.000162
705.550000 0.000164
705.600000 0.000166
705.650000 0.000168
705.700000 0.000170
705.750000 0.000172
705.800000 0.000174
705.850000 0.000177
705.900000 0.000179
705.950000 0.000181
706.000000 0.000184
706.050000 0.000186
706.100000 0.000188
706.150000 0.000191
706.200000 0.000194
706.250000 0.000196
706.300000 0.000199
706.350000 0.000202
706.400000 0.000205
706.450000 0.000208
706.500000 0.000211
706.550000 0.000214
706.600000 0.000217
706.650000 0.000220
706.700000 0.000223
706.750000 0.000227
706.800000 0.000230
706.850000 0.000234
706.900000 0.000237
706.950000 0.000241
707.000000 0.000245
707.050000 0.000249
707.100000 0.000253
707.150000 0.000257
707.200000 0.000262
707.250000 0.000266
707.300000 0.000271
707.350000 0.000275
707.400000 0.000280
707.450000 0.000285
707.500000 0.000291
707.550000 0.000296
707.600000 0.000302
707.650000 0.000307
707.700000 0.000313
707.750000 0.000319
707.800000 0.000326
707.850000 0.000332
707.900000 0.000339
707.950000 0.000346
708.000000 0.000354
708.050000 0.000362
708.100000 0.000370
708.150000 0.000378
708.200000 0.000387
708.250000 0.000396
708.300000 0.000405
708.350000 0.000416
708.400000 0.000426
708.450000 0.000437
708.500000 0.000449
708.550000 0.000461
708.600000 0.000474
708.650000 0.000488
708.700000 0.000502
708.750000 0.000518
708.800000 0.000535
708.850000 0.000552
708.900000 0.000571
708.950000 0.000592
709.000000 0.000614
709.050000 0.000638
709.100000 0.000664
709.150000 0.000692
709.200000 0.000723
709.250000 0.000758
709.300000 0.000797
709.350000 0.000840
709.400000 0.000889
709.450000 0.000944
709.500000 0.001008
709.550000 0.001083
709.600000 0.001171
709.650000 0.001276
709.700000 0.001404
709.750000 0.001563
709.800000 0.001763
709.850000 0.002023
709.900000 0.002368
709.950000 0.002837
710.000000 0.003484
710.050000 0.004379
710.100000 0.005579
710.150000 0.007091
710.200000 0.008798
710.250000 0.010422
710.300000 0.011576
710.350000 0.011929
710.400000 0.011379
710.450000 0.010121
710.500000 0.008526
710.550000 0.006964
710.600000 0.005663
710.650000 0.004701
710.700000 0.004055
710.750000 0.003667
710.800000 0.003479
710.850000 0.003437
710.900000 0.003492
710.950000 0.003594
711.000000 0.003705
711.050000 0.003801
711.100000 0.003885
711.150000 0.003964
711.200000 0.004039
711.250000 0.004097
711.300000 0.004119
711.350000 0.004102
711.400000 0.004067
711.450000 0.004043
711.500000 0.004058
711.550000 0.004130
711.600000 0.004267
711.650000 0.004476
711.700000 0.004754
711.750000 0.005089
711.800000 0.005461
711.850000 0.005848
711.900000 0.006243
711.950000 0.006667
712.000000 0.007174
712.050000 0.007834
712.100000 0.008713
712.150000 0.009854
712.200000 0.011278
712.250000 0.013015
712.300000 0.015149
712.350000 0.017837
712.400000 0.021260
712.450000 0.025484
712.500000 0.030326
712.550000 0.035320
712.600000 0.039886
712.650000 0.043600
712.700000 0.046349
712.750000 0.048266
712.800000 0.049515
712.850000 0.050164
712.900000 0.050210
712.950000 0.049685
713.000000 0.048714
713.050000 0.047530
713.100000 0.046471
713.150000 0.046007
713.200000 0.046721
713.250000 0.049212
713.300000 0.053899
713.350000 0.060799
713.400000 0.069337
713.450000 0.078339
713.500000 0.086320
713.550000 0.092006
713.600000 0.094769
713.650000 0.094616
713.700000 0.091804
713.750000 0.086568
713.800000 0.079234
713.850000 0.070470
713.900000 0.061279
713.950000 0.052653
714.000000 0.045251
714.050000 0.039340
714.100000 0.034931
714.150000 0.031918
714.200000 0.030134
714.250000 0.029363
714.300000 0.029370
714.350000 0.029944
714.400000 0.030916
714.450000 0.032149
714.500000 0.033512
714.550000 0.034886
714.600000 0.036183
714.650000 0.037366
714.700000 0.038441
714.750000 0.039407
714.800000 0.040212
714.850000 0.040775
714.900000 0.041062
714.950000 0.041125
715.000000 0.041043
715.050000 0.040804
715.100000 0.040247
715.150000 0.039170
715.200000 0.037511
715.250000 0.035445
715.300000 0.033289
715.350000 0.031274
715.400000 0.029413
715.450000 0.027546
715.500000 0.025528
715.550000 0.023387
715.600000 0.021343
715.650000 0.019680
715.700000 0.018585
715.750000 0.018054
715.800000 0.017884
715.850000 0.017751
715.900000 0.017336
715.950000 0.016473
716.000000 0.015212
716.050000 0.013774
716.100000 0.012417
716.150000 0.011308
716.200000 0.010475
716.250000 0.009845
716.300000 0.009326
716.350000 0.008864
716.400000 0.008463
716.450000 0.008165
716.500000 0.008004
716.550000 0.007980
716.600000 0.008045
716.650000 0.008126
716.700000 0.008165
716.750000 0.008150
716.800000 0.008120
716.850000 0.008128
716.900000 0.008202
716.950000 0.008328
717.000000 0.008464
717.050000 0.008577
717.100000 0.008665
717.150000 0.008742
717.200000 0.008796
717.250000 0.008769
717.300000 0.008582
717.350000 0.008196
717.400000 0.007642
717.450000 0.007013
717.500000 0.006414
717.550000 0.005921
717.600000 0.005568
717.650000 0.005344
717.700000 0.005202
717.750000 0.005064
717.800000 0.004859
717.850000 0.004555
717.900000 0.004170
717.950000 0.003762
718.000000 0.003391
718.050000 0.003096
718.100000 0.002883
718.150000 0.002736
718.200000 0.002632
718.250000 0.002553
718.300000 0.002490
718.350000 0.002439
718.400000 0.002394
718.450000 0.002348
718.500000 0.002293
718.550000 0.002229
718.600000 0.002160
718.650000 0.002091
718.700000 0.002027
718.750000 0.001968
718.800000 0.001914
718.850000 0.001869
718.900000 0.001834
718.950000 0.001813
719.000000 0.001802
719.050000 0.001798
719.100000 0.001789
719.150000 0.001766
719.200000 0.001722
719.250000 0.001658
719.300000 0.001576
719.350000 0.001486
719.400000 0.001395
719.450000 0.001310
719.500000 0.001237
719.550000 0.001175
719.600000 0.001126
719.650000 0.001090
719.700000 0.001068
719.750000 0.001057
719.800000 0.001057
719.850000 0.001064
719.900000 0.001075
719.950000 0.001087
720.000000 0.001096
720.050000 0.001099
720.100000 0.001097
720.150000 0.001090
720.200000 0.001084
720.250000 0.001081
720.300000 0.001087
720.350000 0.001104
720.400000 0.001134
720.450000 0.001178
720.500000 0.001232
720.550000 0.001293
720.600000 0.001355
720.650000 0.001411
720.700000 0.001454
720.750000 0.001476
720.800000 0.001474
720.850000 0.001445
720.900000 0.001393
720.950000 0.001330
721.000000 0.001265
721.050000 0.001212
721.100000 0.001173
721.150000 0.001151
721.200000 0.001142
721.250000 0.001142
721.300000 0.001147
721.350000 0.001154
721.400000 0.001164
721.450000 0.001175
721.500000 0.001189
721.550000 0.001205
721.600000 0.001223
721.650000 0.001241
721.700000 0.001262
721.750000 0.001284
721.800000 0.001309
721.850000 0.001339
721.900000 0.001374
721.950000 0.001415
722.000000 0.001465
722.050000 0.001526
722.100000 0.001603
722.150000 0.001698
722.200000 0.001818
722.250000 0.001967
722.300000 0.002150
722.350000 0.002378
722.400000 0.002660
722.450000 0.003015
722.500000 0.003466
722.550000 0.004046
722.600000 0.004796
722.650000 0.005758
722.700000 0.006959
722.750000 0.008384
722.800000 0.009939
722.850000 0.011432
722.900000 0.012598
722.950000 0.013180
723.000000 0.013039
723.050000 0.012223
723.100000 0.010939
723.150000 0.009461
723.200000 0.008027
723.250000 0.006784
723.300000 0.005784
723.350000 0.005021
723.400000 0.004460
723.450000 0.004057
723.500000 0.003776
723.550000 0.003586
723.600000 0.003464
723.650000 0.003398
723.700000 0.003380
723.750000 0.003410
723.800000 0.003491
723.850000 0.003630
723.900000 0.003835
723.950000 0.004107
724.000000 0.004445
724.050000 0.004838
724.100000 0.005262
724.150000 0.005690
724.200000 0.006093
724.250000 0.006451
724.300000 0.006755
724.350000 0.007012
724.400000 0.007246
724.450000 0.007497
724.500000 0.007819
724.550000 0.008273
724.600000 0.008915
724.650000 0.009790
724.700000 0.010930
724.750000 0.012348
724.800000 0.014052
724.850000 0.016050
724.900000 0.018358
724.950000 0.020981
725.000000 0.023868
725.050000 0.026853
725.100000 0.029659
725.150000 0.031963
725.200000 0.033539
725.250000 0.034373
725.300000 0.034680
725.350000 0.034827
725.400000 0.035212
725.450000 0.036176
725.500000 0.037971
725.550000 0.040757
725.600000 0.044594
725.650000 0.049381
725.700000 0.054774
725.750000 0.060143
725.800000 0.064640
725.850000 0.067418
725.900000 0.067934
725.950000 0.066174
726.000000 0.062643
726.050000 0.058108
726.100000 0.053260
726.150000 0.048504
726.200000 0.043972
726.250000 0.039670
726.300000 0.035619
726.350000 0.031914
726.400000 0.028693
726.450000 0.026078
726.500000 0.024114
726.550000 0.022746
726.600000 0.021834
726.650000 0.021203
726.700000 0.020728
726.750000 0.020375
726.800000 0.020208
726.850000 0.020335
726.900000 0.020839
726.950000 0.021733
727.000000 0.022919
727.050000 0.024192
727.100000 0.025251
727.150000 0.025771
727.200000 0.025512
727.250000 0.024423
727.300000 0.022682
727.350000 0.020616
727.400000 0.018582
727.450000 0.016843
727.500000 0.015535
727.550000 0.014685
727.600000 0.014251
727.650000 0.014145
727.700000 0.014245
727.750000 0.014403
727.800000 0.014479
727.850000 0.014376
727.900000 0.014079
727.950000 0.013647
728.000000 0.013175
728.050000 0.012736
728.100000 0.012348
728.150000 0.011972
728.200000 0.011546
728.250000 0.011018
728.300000 0.010374
728.350000 0.009629
728.400000 0.008825
728.450000 0.008007
728.500000 0.007221
728.550000 0.006508
728.600000 0.005898
728.650000 0.005409
728.700000 0.005045
728.750000 0.004796
728.800000 0.004642
728.850000 0.004555
728.900000 0.004502
728.950000 0.004451
729.000000 0.004371
729.050000 0.004242
729.100000 0.004059
729.150000 0.003834
729.200000 0.003591
729.250000 0.003357
729.300000 0.003151
729.350000 0.002976
729.400000 0.002823
729.450000 0.002676
729.500000 0.002521
729.550000 0.002348
729.600000 0.002162
729.650000 0.001973
729.700000 0.001792
729.750000 0.001629
729.800000 0.001490
729.850000 0.001374
729.900000 0.001277
729.950000 0.001196
730.000000 0.001124
730.050000 0.001060
730.100000 0.001001
730.150000 0.000949
730.200000 0.000902
730.250000 0.000861
730.300000 0.000826
730.350000 0.000795
730.400000 0.000768
730.450000 0.000743
730.500000 0.000721
730.550000 0.000699
730.600000 0.000678
730.650000 0.000658
730.700000 0.000640
730.750000 0.000623
730.800000 0.000608
730.850000 0.000594
730.900000 0.000581
730.950000 0.000569
731.000000 0.000557
731.050000 0.000546
731.100000 0.000536
731.150000 0.000528
731.200000 0.000522
731.250000 0.000518
731.300000 0.000514
731.350000 0.000511
731.400000 0.000508
731.450000 0.000505
731.500000 0.000501
731.550000 0.000496
731.600000 0.000492
731.650000 0.000487
731.700000 0.000482
731.750000 0.000478
731.800000 0.000474
731.850000 0.000473
731.900000 0.000474
731.950000 0.000476
732.000000 0.000479
732.050000 0.000483
732.100000 0.000486
732.150000 0.000488
732.200000 0.000489
732.250000 0.000491
732.300000 0.000494
732.350000 0.000498
732.400000 0.000502
732.450000 0.000503
732.500000 0.000499
732.550000 0.000490
732.600000 0.000475
732.650000 0.000456
732.700000 0.000437
732.750000 0.000417
732.800000 0.000400
732.850000 0.000383
732.900000 0.000368
732.950000 0.000353
733.000000 0.000337
733.050000 0.000322
733.100000 0.000307
733.150000 0.000293
733.200000 0.000280
733.250000 0.000269
733.300000 0.000260
733.350000 0.000252
733.400000 0.000247
733.450000 0.000242
733.500000 0.000240
733.550000 0.000239
733.600000 0.000239
733.650000 0.000240
733.700000 0.000241
733.750000 0.000242
733.800000 0.000242
733.850000 0.000240
733.900000 0.000238
733.950000 0.000234
734.000000 0.000229
734.050000 0.000223
734.100000 0.000218
734.150000 0.000212
734.200000 0.000206
734.250000 0.000200
734.300000 0.000195
734.350000 0.000190
734.400000 0.000186
734.450000 0.000182
734.500000 0.000180
734.550000 0.000177
734.600000 0.000175
734.650000 0.000173
734.700000 0.000170
734.750000 0.000167
734.800000 0.000164
734.850000 0.000161
734.900000 0.000158
734.950000 0.000156
735.000000 0.000154
735.050000 0.000154
735.100000 0.000154
735.150000 0.000154
735.200000 0.000154
735.250000 0.000153
735.300000 0.000152
735.350000 0.000150
735.400000 0.000148
735.450000 0.000146
735.500000 0.000143
735.550000 0.000140
735.600000 0.000137
735.650000 0.000134
735.700000 0.000132
735.750000 0.000129
735.800000 0.000127
735.850000 0.000126
735.900000 0.000125
735.950000 0.000124
736.000000 0.000123
736.050000 0.000122
736.100000 0.000121
736.150000 0.000120
736.200000 0.000119
736.250000 0.000117
736.300000 0.000115
736.350000 0.000113
736.400000 0.000112
736.450000 0.000111
736.500000 0.000111
736.550000 0.000110
736.600000 0.000110
736.650000 0.000110
736.700000 0.000110
736.750000 0.000109
736.800000 0.000108
736.850000 0.000107
736.900000 0.000105
736.950000 0.000102
737.000000 0.000100
737.050000 0.000098
737.100000 0.000096
737.150000 0.000094
737.200000 0.000092
737.250000 0.000091
737.300000 0.000090
737.350000 0.000089
737.400000 0.000088
737.450000 0.000087
737.500000 0.000086
737.550000 0.000086
737.600000 0.000085
737.650000 0.000084
737.700000 0.000084
737.750000 0.000083
737.800000 0.000082
737.850000 0.000081
737.900000 0.000081
737.950000 0.000080
738.000000 0.000079
738.050000 0.000078
738.100000 0.000078
738.150000 0.000077
738.200000 0.000077
738.250000 0.000076
738.300000 0.000076
738.350000 0.000076
738.400000 0.000075
738.450000 0.000075
738.500000 0.000075
738.550000 0.000074
738.600000 0.000074
738.650000 0.000073
738.700000 0.000072
738.750000 0.000071
738.800000 0.000070
738.850000 0.000069
738.900000 0.000069
738.950000 0.000068
739.000000 0.000067
739.050000 0.000067
739.100000 0.000066
739.150000 0.000066
739.200000 0.000065
739.250000 0.000065
739.300000 0.000064
739.350000 0.000064
739.400000 0.000063
739.450000 0.000063
739.500000 0.000062
739.550000 0.000062
739.600000 0.000062
739.650000 0.000061
739.700000 0.000061
739.750000 0.000060
739.800000 0.000060
739.850000 0.000059
739.900000 0.000059
739.950000 0.000059
740.000000 0.000058
740.050000 0.000058
740.100000 0.000057
740.150000 0.000057
740.200000 0.000057
740.250000 0.000056
740.300000 0.000056
740.350000 0.000056
740.400000 0.000055
740.450000 0.000055
740.500000 0.000055
740.550000 0.000054
740.600000 0.000054
740.650000 0.000054
740.700000 0.000053
740.750000 0.000053
740.800000 0.000053
740.850000 0.000052
740.900000 0.000052
740.950000 0.000052
741.000000 0.000051
741.050000 0.000051
741.100000 0.000051
741.150000 0.000050
741.200000 0.000050
741.250000 0.000050
741.300000 0.000049
741.350000 0.000049
741.400000 0.000049
741.450000 0.000049
741.500000 0.000048
741.550000 0.000048
741.600000 0.000048
741.650000 0.000047
741.700000 0.000047
741.750000 0.000047
741.800000 0.000047
741.850000 0.000046
741.900000 0.000046
741.950000 0.000046
742.000000 0.000046
742.050000 0.000045
742.100000 0.000045
742.150000 0.000045
742.200000 0.000045
742.250000 0.000044
742.300000 0.000044
742.350000 0.000044
742.400000 0.000044
742.450000 0.000043
742.500000 0.000043
742.550000 0.000043
742.600000 0.000043
742.650000 0.000042
742.700000 0.000042
742.750000 0.000042
742.800000 0.000042
742.850000 0.000041
742.900000 0.000041
742.950000 0.000041
743.000000 0.000041
743.050000 0.000041
743.100000 0.000040
743.150000 0.000040
743.200000 0.000040
743.250000 0.000040
743.300000 0.000040
743.350000 0.000039
743.400000 0.000039
743.450000 0.000039
743.500000 0.000039
743.550000 0.000038
743.600000 0.000038
743.650000 0.000038
743.700000 0.000038
743.750000 0.000038
743.800000 0.000038
743.850000 0.000037
743.900000 0.000037
743.950000 0.000037
744.000000 0.000037
744.050000 0.000037
744.100000 0.000036
744.150000 0.000036
744.200000 0.000036
744.250000 0.000036
744.300000 0.000036
744.350000 0.000036
744.400000 0.000035
744.450000 0.000035
744.500000 0.000035
744.550000 0.000035
744.600000 0.000035
744.650000 0.000034
744.700000 0.000034
744.750000 0.000034
744.800000 0.000034
744.850000 0.000034
744.900000 0.000034
744.950000 0.000034
745.000000 0.000033
745.050000 0.000033
745.100000 0.000033
745.150000 0.000033
745.200000 0.000033
745.250000 0.000033
745.300000 0.000032
745.350000 0.000032
745.400000 0.000032
745.450000 0.000032
745.500000 0.000032
745.550000 0.000032
745.600000 0.000032
745.650000 0.000031
745.700000 0.000031
745.750000 0.000031
745.800000 0.000031
745.850000 0.000031
745.900000 0.000031
745.950000 0.000031
746.000000 0.000030
746.050000 0.000030
746.100000 0.000030
746.150000 0.000030
746.200000 0.000030
746.250000 0.000030
746.300000 0.000030
746.350000 0.000029
746.400000 0.000029
746.450000 0.000029
746.500000 0.000029
746.550000 0.000029
746.600000 0.000029
746.650000 0.000029
746.700000 0.000029
746.750000 0.000028
746.800000 0.000028
746.850000 0.000028
746.900000 0.000028
746.950000 0.000028
747.000000 0.000028
747.050000 0.000028
747.100000 0.000028
747.150000 0.000027
747.200000 0.000027
747.250000 0.000027
747.300000 0.000027
747.350000 0.000027
747.400000 0.000027
747.450000 0.000027
747.500000 0.000027
747.550000 0.000027
747.600000 0.000026
747.650000 0.000026
747.700000 0.000026
747.750000 0.000026
747.800000 0.000026
747.850000 0.000026
747.900000 0.000026
747.950000 0.000026
748.000000 0.000026
748.050000 0.000026
748.100000 0.000025
748.150000 0.000025
748.200000 0.000025
748.250000 0.000025
748.300000 0.000025
748.350000 0.000025
748.400000 0.000025
748.450000 0.000025
748.500000 0.000025
748.550000 0.000025
748.600000 0.000024
748.650000 0.000024
748.700000 0.000024
748.750000 0.000024
748.800000 0.000024
748.850000 0.000024
748.900000 0.000024
748.950000 0.000024
749.000000 0.000024
749.050000 0.000024
749.100000 0.000023
749.150000 0.000023
749.200000 0.000023
749.250000 0.000023
749.300000 0.000023
749.350000 0.000023
749.400000 0.000023
749.450000 0.000023
749.500000 0.000023
749.550000 0.000023
749.600000 0.000023
749.650000 0.000022
749.700000 0.000022
749.750000 0.000022
749.800000 0.000021
749.850000 0.000020
749.900000 0.000017
749.950000 0.000013

#Sticks
710.350000 0.006680
711.000000 0.000599
711.100000 0.000046
711.150000 0.000006
711.200000 0.000097
711.300000 0.000500
711.350000 0.000191
711.550000 0.000215
711.700000 0.000143
711.850000 0.000382
711.950000 0.000385
712.100000 0.000023
712.250000 0.000895
712.300000 0.000477
712.350000 0.000176
712.500000 0.000001
712.550000 0.000297
712.600000 0.011389
712.700000 0.001773
712.750000 0.002081
712.850000 0.008744
712.900000 0.000880
712.950000 0.006742
713.050000 0.000155
713.100000 0.006232
713.150000 0.000638
713.250000 0.001257
713.300000 0.000135
713.400000 0.003632
713.500000 0.004643
713.550000 0.024837
713.650000 0.005879
713.750000 0.024920
713.850000 0.003108
714.000000 0.004112
714.100000 0.000278
714.250000 0.001863
714.350000 0.002070
714.400000 0.000692
714.450000 0.001900
714.500000 0.001939
714.600000 0.004272
714.650000 0.000824
714.700000 0.002502
714.750000 0.000658
714.800000 0.005516
714.900000 0.004369
715.000000 0.003632
715.050000 0.000869
715.100000 0.000248
715.150000 0.009449
715.200000 0.000668
715.250000 0.000066
715.300000 0.002223
715.350000 0.000203
715.400000 0.001159
715.450000 0.001708
715.500000 0.004129
715.550000 0.000002
715.600000 0.000512
715.650000 0.000017
715.700000 0.000425
715.750000 0.000484
715.800000 0.000325
715.850000 0.000105
715.900000 0.004871
716.000000 0.000742
716.050000 0.000014
716.150000 0.000384
716.250000 0.000537
716.300000 0.000723
716.350000 0.000258
716.400000 0.000318
716.450000 0.000001
716.500000 0.000289
716.550000 0.000096
716.600000 0.000088
716.650000 0.001369
716.700000 0.000006
716.750000 0.000277
716.800000 0.000361
716.850000 0.000094
716.900000 0.000232
716.950000 0.000086
717.000000 0.001423
717.050000 0.000046
717.100000 0.000614
717.150000 0.000021
717.200000 0.000088
717.250000 0.000343
717.300000 0.002045
717.350000 0.000293
717.400000 0.000010
717.450000 0.000034
717.500000 0.000519
717.550000 0.000109
717.650000 0.000072
717.700000 0.000042
717.750000 0.000500
717.800000 0.000666
717.850000 0.000309
717.900000 0.000009
718.000000 0.000044
718.050000 0.000026
718.100000 0.000004
718.150000 0.000116
718.200000 0.000135
718.250000 0.000053
718.300000 0.000082
718.350000 0.000005
718.400000 0.000012
718.450000 0.000325
718.550000 0.000037
718.600000 0.000036
718.650000 0.000152
718.750000 0.000053
718.800000 0.000125
718.850000 0.000040
718.900000 0.000009
718.950000 0.000091
719.050000 0.000056
719.100000 0.000119
719.150000 0.000101
719.200000 0.000046
719.300000 0.000143
719.350000 0.000047
719.450000 0.000005
719.500000 0.000025
719.550000 0.000056
719.600000 0.000004
719.650000 0.000003
719.700000 0.000001
719.750000 0.000019
719.800000 0.000033
719.900000 0.000034
719.950000 0.000002
720.050000 0.000101
720.100000 0.000006
720.150000 0.000005
720.200000 0.000057
720.300000 0.000026
720.350000 0.000009
720.450000 0.000032
720.500000 0.000008
720.550000 0.000074
720.650000 0.000024
720.700000 0.000141
720.750000 0.000052
720.850000 0.000175
720.900000 0.000042
721.000000 0.000014
721.050000 0.000035
721.150000 0.000003
721.250000 0.000040
721.300000 0.000019
721.350000 0.000051
721.400000 0.000007
721.450000 0.000013
721.550000 0.000035
721.650000 0.000057
721.700000 0.000007
721.800000 0.000020
721.850000 0.000028
721.900000 0.000001
721.950000 0.000025
722.000000 0.000005
722.100000 0.000001
722.200000 0.000001
722.300000 0.000002
722.400000 0.000001
722.450000 0.000042
722.650000 0.000011
722.700000 0.000003
722.800000 0.000139
722.900000 0.000018
722.950000 0.008758
723.000000 0.000059
723.100000 0.000029
723.150000 0.000106
723.250000 0.000009
723.550000 0.000085
723.650000 0.000019
723.700000 0.000027
723.750000 0.000012
724.050000 0.000052
724.150000 0.000632
724.200000 0.000099
724.250000 0.000286
724.300000 0.000167
724.350000 0.000533
724.400000 0.000427
724.450000 0.000070
724.600000 0.000001
724.700000 0.000186
724.850000 0.000634
724.900000 0.001638
725.000000 0.000234
725.150000 0.011683
725.250000 0.003597
725.350000 0.001488
725.450000 0.000516
725.500000 0.001572
725.550000 0.002396
725.600000 0.000087
725.700000 0.003611
725.750000 0.001769
725.800000 0.010768
725.850000 0.000010
725.900000 0.025834
726.050000 0.003158
726.200000 0.009089
726.300000 0.000665
726.350000 0.002604
726.500000 0.000023
726.650000 0.004124
726.750000 0.000751
726.850000 0.000541
727.000000 0.002210
727.150000 0.002846
727.200000 0.009985
727.300000 0.000394
727.500000 0.001104
727.750000 0.001428
727.850000 0.003340
727.900000 0.001351
728.100000 0.000972
728.200000 0.002084
728.250000 0.000255
728.300000 0.001352
728.400000 0.000347
728.450000 0.000520
728.550000 0.000167
728.600000 0.000061
728.650000 0.000006
728.700000 0.000068
728.800000 0.000169
728.900000 0.000384
729.000000 0.000021
729.050000 0.000676
729.100000 0.000437
729.150000 0.000018
729.200000 0.000001
729.250000 0.000157
729.350000 0.000007
729.400000 0.000057
729.450000 0.000402
729.550000 0.000214
729.650000 0.000002
729.750000 0.000016
729.850000 0.000002
729.950000 0.000009
730.000000 0.000054
730.350000 0.000015
730.400000 0.000001
730.450000 0.000002
730.550000 0.000026
730.650000 0.000001
730.800000 0.000005
730.850000 0.000001
730.900000 0.000007
730.950000 0.000016
731.100000 0.000002
731.150000 0.000001
731.250000 0.000012
731.350000 0.000013
731.400000 0.000003
731.450000 0.000022
731.500000 0.000001
731.650000 0.000021
731.700000 0.000007
731.750000 0.000010
731.800000 0.000002
731.900000 0.000013
732.000000 0.000026
732.150000 0.000038
732.200000 0.000017
732.400000 0.000020
732.450000 0.000055
732.500000 0.000004
732.550000 0.000029
732.600000 0.000032
732.650000 0.000004
732.750000 0.000003
732.850000 0.000023
733.000000 0.000028
733.150000 0.000005
733.400000 0.000001
733.450000 0.000002
733.700000 0.000005
733.750000 0.000001
733.800000 0.000017
733.900000 0.000006
733.950000 0.000005
734.100000 0.000012
734.250000 0.000005
734.350000 0.000001
734.450000 0.000001
734.600000 0.000001
734.650000 0.000007
734.750000 0.000003
735.200000 0.000010
735.450000 0.000007
735.550000 0.000001
735.700000 0.000002
736.050000 0.000001
736.100000 0.000005
736.250000 0.000001
736.600000 0.000002
736.800000 0.000006
736.900000 0.000002
737.750000 0.000001
738.550000 0.000002
