-10.000000 0.000078
-9.991248 0.000083
-9.982496 0.000088
-9.973743 0.000093
-9.964991 0.000098
-9.956239 0.000103
-9.947487 0.000108
-9.938735 0.000112
-9.929982 0.000117
-9.921230 0.000121
-9.912478 0.000125
-9.903726 0.000128
-9.894974 0.000132
-9.886222 0.000135
-9.877469 0.000137
-9.868717 0.000140
-9.859965 0.000142
-9.851213 0.000144
-9.842461 0.000146
-9.833708 0.000148
-9.824956 0.000149
-9.816204 0.000151
-9.807452 0.000152
-9.798700 0.000153
-9.789947 0.000154
-9.781195 0.000155
-9.772443 0.000156
-9.763691 0.000157
-9.754939 0.000157
-9.746187 0.000158
-9.737434 0.000159
-9.728682 0.000159
-9.719930 0.000160
-9.711178 0.000160
-9.702426 0.000161
-9.693673 0.000161
-9.684921 0.000162
-9.676169 0.000162
-9.667417 0.000163
-9.658665 0.000163
-9.649912 0.000164
-9.641160 0.000164
-9.632408 0.000165
-9.623656 0.000165
-9.614904 0.000166
-9.606152 0.000166
-9.597399 0.000167
-9.588647 0.000167
-9.579895 0.000168
-9.571143 0.000168
-9.562391 0.000169
-9.553638 0.000169
-9.544886 0.000170
-9.536134 0.000170
-9.527382 0.000171
-9.518630 0.000171
-9.509877 0.000172
-9.501125 0.000172
-9.492373 0.000173
-9.483621 0.000173
-9.474869 0.000174
-9.466117 0.000174
-9.457364 0.000175
-9.448612 0.000175
-9.439860 0.000176
-9.431108 0.000176
-9.422356 0.000177
-9.413603 0.000177
-9.404851 0.000178
-9.396099 0.000178
-9.387347 0.000179
-9.378595 0.000179
-9.369842 0.000180
-9.361090 0.000181
-9.352338 0.000181
-9.343586 0.000182
-9.334834 0.000182
-9.326082 0.000183
-9.317329 0.000183
-9.308577 0.000184
-9.299825 0.000184
-9.291073 0.000185
-9.282321 0.000186
-9.273568 0.000186
-9.264816 0.000187
-9.256064 0.000187
-9.247312 0.000188
-9.238560 0.000189
-9.229807 0.000189
-9.221055 0.000190
-9.212303 0.000190
-9.203551 0.000191
-9.194799 0.000192
-9.186047 0.000192
-9.177294 0.000193
-9.168542 0.000193
-9.159790 0.000194
-9.151038 0.000195
-9.142286 0.000195
-9.133533 0.000196
-9.124781 0.000196
-9.116029 0.000197
-9.107277 0.000198
-9.098525 0.000198
-9.089772 0.000199
-9.081020 0.000200
-9.072268 0.000200
-9.063516 0.000201
-9.054764 0.000202
-9.046012 0.000202
-9.037259 0.000203
-9.028507 0.000204
-9.019755 0.000204
-9.011003 0.000205
-9.002251 0.000206
-8.993498 0.000206
-8.984746 0.000207
-8.975994 0.000208
-8.967242 0.000208
-8.958490 0.000209
-8.949737 0.000210
-8.940985 0.000210
-8.932233 0.000211
-8.923481 0.000212
-8.914729 0.000212
-8.905976 0.000213
-8.897224 0.000214
-8.888472 0.000215
-8.879720 0.000215
-8.870968 0.000216
-8.862216 0.000217
-8.853463 0.000217
-8.844711 0.000218
-8.835959 0.000219
-8.827207 0.000220
-8.818455 0.000220
-8.809702 0.000221
-8.800950 0.000222
-8.792198 0.000223
-8.783446 0.000223
-8.774694 0.000224
-8.765941 0.000225
-8.757189 0.000226
-8.748437 0.000227
-8.739685 0.000227
-8.730933 0.000228
-8.722181 0.000229
-8.713428 0.000230
-8.704676 0.000230
-8.695924 0.000231
-8.687172 0.000232
-8.678420 0.000233
-8.669667 0.000234
-8.660915 0.000235
-8.652163 0.000235
-8.643411 0.000236
-8.634659 0.000237
-8.625906 0.000238
-8.617154 0.000239
-8.608402 0.000240
-8.599650 0.000240
-8.590898 0.000241
-8.582146 0.000242
-8.573393 0.000243
-8.564641 0.000244
-8.555889 0.000245
-8.547137 0.000246
-8.538385 0.000246
-8.529632 0.000247
-8.520880 0.000248
-8.512128 0.000249
-8.503376 0.000250
-8.494624 0.000251
-8.485871 0.000252
-8.477119 0.000253
-8.468367 0.000254
-8.459615 0.000255
-8.450863 0.000256
-8.442111 0.000257
-8.433358 0.000257
-8.424606 0.000258
-8.415854 0.000259
-8.407102 0.000260
-8.398350 0.000261
-8.389597 0.000262
-8.380845 0.000263
-8.372093 0.000264
-8.363341 0.000265
-8.354589 0.000266
-8.345836 0.000267
-8.337084 0.000268
-8.328332 0.000269
-8.319580 0.000270
-8.310828 0.000271
-8.302076 0.000272
-8.293323 0.000273
-8.284571 0.000274
-8.275819 0.000275
-8.267067 0.000277
-8.258315 0.000278
-8.249562 0.000279
-8.240810 0.000280
-8.232058 0.000281
-8.223306 0.000282
-8.214554 0.000283
-8.205801 0.000284
-8.197049 0.000285
-8.188297 0.000286
-8.179545 0.000287
-8.170793 0.000289
-8.162041 0.000290
-8.153288 0.000291
-8.144536 0.000292
-8.135784 0.000293
-8.127032 0.000294
-8.118280 0.000295
-8.109527 0.000297
-8.100775 0.000298
-8.092023 0.000299
-8.083271 0.000300
-8.074519 0.000301
-8.065766 0.000303
-8.057014 0.000304
-8.048262 0.000305
-8.039510 0.000306
-8.030758 0.000308
-8.022006 0.000309
-8.013253 0.000310
-8.004501 0.000311
-7.995749 0.000313
-7.986997 0.000314
-7.978245 0.000315
-7.969492 0.000316
-7.960740 0.000318
-7.951988 0.000319
-7.943236 0.000320
-7.934484 0.000322
-7.925731 0.000323
-7.916979 0.000324
-7.908227 0.000326
-7.899475 0.000327
-7.890723 0.000328
-7.881970 0.000330
-7.873218 0.000331
-7.864466 0.000333
-7.855714 0.000334
-7.846962 0.000335
-7.838210 0.000337
-7.829457 0.000338
-7.820705 0.000340
-7.811953 0.000341
-7.803201 0.000343
-7.794449 0.000344
-7.785696 0.000346
-7.776944 0.000347
-7.768192 0.000349
-7.759440 0.000350
-7.750688 0.000352
-7.741935 0.000353
-7.733183 0.000355
-7.724431 0.000356
-7.715679 0.000358
-7.706927 0.000359
-7.698175 0.000361
-7.689422 0.000363
-7.680670 0.000364
-7.671918 0.000366
-7.663166 0.000368
-7.654414 0.000369
-7.645661 0.000371
-7.636909 0.000372
-7.628157 0.000374
-7.619405 0.000376
-7.610653 0.000378
-7.601900 0.000379
-7.593148 0.000381
-7.584396 0.000383
-7.575644 0.000384
-7.566892 0.000386
-7.558140 0.000388
-7.549387 0.000390
-7.540635 0.000392
-7.531883 0.000393
-7.523131 0.000395
-7.514379 0.000397
-7.505626 0.000399
-7.496874 0.000401
-7.488122 0.000403
-7.479370 0.000404
-7.470618 0.000406
-7.461865 0.000408
-7.453113 0.000410
-7.444361 0.000412
-7.435609 0.000414
-7.426857 0.000416
-7.418105 0.000418
-7.409352 0.000420
-7.400600 0.000422
-7.391848 0.000424
-7.383096 0.000426
-7.374344 0.000428
-7.365591 0.000430
-7.356839 0.000432
-7.348087 0.000434
-7.339335 0.000437
-7.330583 0.000439
-7.321830 0.000441
-7.313078 0.000443
-7.304326 0.000445
-7.295574 0.000447
-7.286822 0.000450
-7.278070 0.000452
-7.269317 0.000454
-7.260565 0.000456
-7.251813 0.000459
-7.243061 0.000461
-7.234309 0.000463
-7.225556 0.000466
-7.216804 0.000468
-7.208052 0.000470
-7.199300 0.000473
-7.190548 0.000475
-7.181795 0.000478
-7.173043 0.000480
-7.164291 0.000483
-7.155539 0.000485
-7.146787 0.000488
-7.138035 0.000490
-7.129282 0.000493
-7.120530 0.000495
-7.111778 0.000498
-7.103026 0.000500
-7.094274 0.000503
-7.085521 0.000506
-7.076769 0.000508
-7.068017 0.000511
-7.059265 0.000514
-7.050513 0.000517
-7.041760 0.000519
-7.033008 0.000522
-7.024256 0.000525
-7.015504 0.000528
-7.006752 0.000531
-6.997999 0.000533
-6.989247 0.000536
-6.980495 0.000539
-6.971743 0.000542
-6.962991 0.000545
-6.954239 0.000548
-6.945486 0.000551
-6.936734 0.000554
-6.927982 0.000557
-6.919230 0.000560
-6.910478 0.000564
-6.901725 0.000567
-6.892973 0.000570
-6.884221 0.000573
-6.875469 0.000576
-6.866717 0.000580
-6.857964 0.000583
-6.849212 0.000586
-6.840460 0.000590
-6.831708 0.000593
-6.822956 0.000596
-6.814204 0.000600
-6.805451 0.000603
-6.796699 0.000607
-6.787947 0.000610
-6.779195 0.000614
-6.770443 0.000618
-6.761690 0.000621
-6.752938 0.000625
-6.744186 0.000629
-6.735434 0.000632
-6.726682 0.000636
-6.717929 0.000640
-6.709177 0.000644
-6.700425 0.000648
-6.691673 0.000652
-6.682921 0.000655
-6.674169 0.000659
-6.665416 0.000663
-6.656664 0.000668
-6.647912 0.000672
-6.639160 0.000676
-6.630408 0.000680
-6.621655 0.000684
-6.612903 0.000688
-6.604151 0.000693
-6.595399 0.000697
-6.586647 0.000701
-6.577894 0.000706
-6.569142 0.000710
-6.560390 0.000715
-6.551638 0.000719
-6.542886 0.000724
-6.534134 0.000728
-6.525381 0.000733
-6.516629 0.000738
-6.507877 0.000743
-6.499125 0.000747
-6.490373 0.000752
-6.481620 0.000757
-6.472868 0.000762
-6.464116 0.000767
-6.455364 0.000772
-6.446612 0.000777
-6.437859 0.000783
-6.429107 0.000788
-6.420355 0.000793
-6.411603 0.000798
-6.402851 0.000804
-6.394099 0.000809
-6.385346 0.000815
-6.376594 0.000820
-6.367842 0.000826
-6.359090 0.000832
-6.350338 0.000837
-6.341585 0.000843
-6.332833 0.000849
-6.324081 0.000855
-6.315329 0.000861
-6.306577 0.000867
-6.297824 0.000873
-6.289072 0.000879
-6.280320 0.000885
-6.271568 0.000892
-6.262816 0.000898
-6.254064 0.000904
-6.245311 0.000911
-6.236559 0.000918
-6.227807 0.000924
-6.219055 0.000931
-6.210303 0.000938
-6.201550 0.000945
-6.192798 0.000952
-6.184046 0.000959
-6.175294 0.000966
-6.166542 0.000973
-6.157789 0.000980
-6.149037 0.000988
-6.140285 0.000995
-6.131533 0.001003
-6.122781 0.001010
-6.114029 0.001018
-6.105276 0.001026
-6.096524 0.001034
-6.087772 0.001042
-6.079020 0.001050
-6.070268 0.001058
-6.061515 0.001066
-6.052763 0.001075
-6.044011 0.001083
-6.035259 0.001092
-6.026507 0.001100
-6.017754 0.001109
-6.009002 0.001118
-6.000250 0.001127
-5.991498 0.001136
-5.982746 0.001146
-5.973993 0.001155
-5.965241 0.001164
-5.956489 0.001174
-5.947737 0.001184
-5.938985 0.001194
-5.930233 0.001203
-5.921480 0.001214
-5.912728 0.001224
-5.903976 0.001234
-5.895224 0.001245
-5.886472 0.001255
-5.877719 0.001266
-5.868967 0.001277
-5.860215 0.001288
-5.851463 0.001299
-5.842711 0.001310
-5.833958 0.001322
-5.825206 0.001334
-5.816454 0.001345
-5.807702 0.001357
-5.798950 0.001370
-5.790198 0.001382
-5.781445 0.001394
-5.772693 0.001407
-5.763941 0.001420
-5.755189 0.001433
-5.746437 0.001446
-5.737684 0.001459
-5.728932 0.001473
-5.720180 0.001487
-5.711428 0.001501
-5.702676 0.001515
-5.693923 0.001529
-5.685171 0.001544
-5.676419 0.001558
-5.667667 0.001573
-5.658915 0.001589
-5.650163 0.001604
-5.641410 0.001620
-5.632658 0.001636
-5.623906 0.001652
-5.615154 0.001668
-5.606402 0.001685
-5.597649 0.001702
-5.588897 0.001719
-5.580145 0.001736
-5.571393 0.001754
-5.562641 0.001772
-5.553888 0.001790
-5.545136 0.001809
-5.536384 0.001827
-5.527632 0.001846
-5.518880 0.001866
-5.510128 0.001886
-5.501375 0.001906
-5.492623 0.001926
-5.483871 0.001947
-5.475119 0.001968
-5.466367 0.001989
-5.457614 0.002011
-5.448862 0.002033
-5.440110 0.002056
-5.431358 0.002079
-5.422606 0.002102
-5.413853 0.002126
-5.405101 0.002150
-5.396349 0.002174
-5.387597 0.002199
-5.378845 0.002225
-5.370093 0.002250
-5.361340 0.002277
-5.352588 0.002303
-5.343836 0.002331
-5.335084 0.002358
-5.326332 0.002387
-5.317579 0.002415
-5.308827 0.002445
-5.300075 0.002475
-5.291323 0.002505
-5.282571 0.002536
-5.273818 0.002568
-5.265066 0.002600
-5.256314 0.002633
-5.247562 0.002666
-5.238810 0.002700
-5.230058 0.002735
-5.221305 0.002770
-5.212553 0.002806
-5.203801 0.002843
-5.195049 0.002881
-5.186297 0.002919
-5.177544 0.002958
-5.168792 0.002998
-5.160040 0.003039
-5.151288 0.003081
-5.142536 0.003123
-5.133783 0.003167
-5.125031 0.003211
-5.116279 0.003256
-5.107527 0.003303
-5.098775 0.003350
-5.090023 0.003398
-5.081270 0.003448
-5.072518 0.003498
-5.063766 0.003550
-5.055014 0.003603
-5.046262 0.003657
-5.037509 0.003712
-5.028757 0.003768
-5.020005 0.003826
-5.011253 0.003885
-5.002501 0.003946
-4.993748 0.004008
-4.984996 0.004072
-4.976244 0.004137
-4.967492 0.004203
-4.958740 0.004272
-4.949987 0.004342
-4.941235 0.004414
-4.932483 0.004487
-4.923731 0.004563
-4.914979 0.004640
-4.906227 0.004720
-4.897474 0.004802
-4.888722 0.004885
-4.879970 0.004971
-4.871218 0.005060
-4.862466 0.005150
-4.853713 0.005243
-4.844961 0.005339
-4.836209 0.005438
-4.827457 0.005539
-4.818705 0.005643
-4.809952 0.005750
-4.801200 0.005861
-4.792448 0.005974
-4.783696 0.006091
-4.774944 0.006211
-4.766192 0.006335
-4.757439 0.006463
-4.748687 0.006595
-4.739935 0.006731
-4.731183 0.006871
-4.722431 0.007015
-4.713678 0.007165
-4.704926 0.007319
-4.696174 0.007478
-4.687422 0.007642
-4.678670 0.007812
-4.669917 0.007988
-4.661165 0.008170
-4.652413 0.008358
-4.643661 0.008552
-4.634909 0.008754
-4.626157 0.008962
-4.617404 0.009179
-4.608652 0.009403
-4.599900 0.009635
-4.591148 0.009876
-4.582396 0.010126
-4.573643 0.010386
-4.564891 0.010656
-4.556139 0.010937
-4.547387 0.011228
-4.538635 0.011531
-4.529882 0.011846
-4.521130 0.012175
-4.512378 0.012516
-4.503626 0.012872
-4.494874 0.013243
-4.486122 0.013630
-4.477369 0.014033
-4.468617 0.014454
-4.459865 0.014893
-4.451113 0.015352
-4.442361 0.015830
-4.433608 0.016330
-4.424856 0.016853
-4.416104 0.017399
-4.407352 0.017970
-4.398600 0.018567
-4.389847 0.019192
-4.381095 0.019845
-4.372343 0.020528
-4.363591 0.021242
-4.354839 0.021990
-4.346087 0.022771
-4.337334 0.023589
-4.328582 0.024443
-4.319830 0.025336
-4.311078 0.026269
-4.302326 0.027243
-4.293573 0.028260
-4.284821 0.029320
-4.276069 0.030425
-4.267317 0.031576
-4.258565 0.032774
-4.249812 0.034018
-4.241060 0.035310
-4.232308 0.036650
-4.223556 0.038038
-4.214804 0.039473
-4.206052 0.040954
-4.197299 0.042482
-4.188547 0.044054
-4.179795 0.045668
-4.171043 0.047323
-4.162291 0.049016
-4.153538 0.050743
-4.144786 0.052503
-4.136034 0.054290
-4.127282 0.056101
-4.118530 0.057930
-4.109777 0.059773
-4.101025 0.061623
-4.092273 0.063476
-4.083521 0.065325
-4.074769 0.067163
-4.066017 0.068984
-4.057264 0.070779
-4.048512 0.072543
-4.039760 0.074267
-4.031008 0.075945
-4.022256 0.077568
-4.013503 0.079129
-4.004751 0.080621
-3.995999 0.082036
-3.987247 0.083368
-3.978495 0.084609
-3.969742 0.085754
-3.960990 0.086797
-3.952238 0.087732
-3.943486 0.088554
-3.934734 0.089258
-3.925981 0.089841
-3.917229 0.090300
-3.908477 0.090632
-3.899725 0.090835
-3.890973 0.090908
-3.882221 0.090851
-3.873468 0.090663
-3.864716 0.090347
-3.855964 0.089903
-3.847212 0.089334
-3.838460 0.088643
-3.829707 0.087834
-3.820955 0.086911
-3.812203 0.085879
-3.803451 0.084744
-3.794699 0.083512
-3.785946 0.082188
-3.777194 0.080781
-3.768442 0.079295
-3.759690 0.077740
-3.750938 0.076122
-3.742186 0.074450
-3.733433 0.072729
-3.724681 0.070969
-3.715929 0.069177
-3.707177 0.067359
-3.698425 0.065524
-3.689672 0.063678
-3.680920 0.061828
-3.672168 0.059980
-3.663416 0.058140
-3.654664 0.056314
-3.645911 0.054506
-3.637159 0.052722
-3.628407 0.050967
-3.619655 0.049243
-3.610903 0.047554
-3.602151 0.045903
-3.593398 0.044293
-3.584646 0.042726
-3.575894 0.041204
-3.567142 0.039727
-3.558390 0.038297
-3.549637 0.036915
-3.540885 0.035581
-3.532133 0.034295
-3.523381 0.033056
-3.514629 0.031865
-3.505876 0.030721
-3.497124 0.029622
-3.488372 0.028568
-3.479620 0.027558
-3.470868 0.026591
-3.462116 0.025665
-3.453363 0.024779
-3.444611 0.023932
-3.435859 0.023122
-3.427107 0.022348
-3.418355 0.021608
-3.409602 0.020901
-3.400850 0.020226
-3.392098 0.019581
-3.383346 0.018965
-3.374594 0.018376
-3.365841 0.017813
-3.357089 0.017276
-3.348337 0.016762
-3.339585 0.016271
-3.330833 0.015802
-3.322081 0.015353
-3.313328 0.014923
-3.304576 0.014512
-3.295824 0.014119
-3.287072 0.013743
-3.278320 0.013382
-3.269567 0.013037
-3.260815 0.012706
-3.252063 0.012389
-3.243311 0.012085
-3.234559 0.011793
-3.225806 0.011513
-3.217054 0.011245
-3.208302 0.010988
-3.199550 0.010740
-3.190798 0.010503
-3.182046 0.010275
-3.173293 0.010056
-3.164541 0.009846
-3.155789 0.009644
-3.147037 0.009449
-3.138285 0.009263
-3.129532 0.009083
-3.120780 0.008911
-3.112028 0.008745
-3.103276 0.008585
-3.094524 0.008432
-3.085771 0.008285
-3.077019 0.008143
-3.068267 0.008007
-3.059515 0.007876
-3.050763 0.007751
-3.042011 0.007630
-3.033258 0.007514
-3.024506 0.007403
-3.015754 0.007296
-3.007002 0.007194
-2.998250 0.007095
-2.989497 0.007001
-2.980745 0.006912
-2.971993 0.006826
-2.963241 0.006743
-2.954489 0.006665
-2.945736 0.006590
-2.936984 0.006519
-2.928232 0.006451
-2.919480 0.006387
-2.910728 0.006326
-2.901975 0.006269
-2.893223 0.006215
-2.884471 0.006164
-2.875719 0.006117
-2.866967 0.006072
-2.858215 0.006031
-2.849462 0.005993
-2.840710 0.005959
-2.831958 0.005927
-2.823206 0.005899
-2.814454 0.005874
-2.805701 0.005852
-2.796949 0.005834
-2.788197 0.005819
-2.779445 0.005807
-2.770693 0.005798
-2.761940 0.005793
-2.753188 0.005791
-2.744436 0.005793
-2.735684 0.005799
-2.726932 0.005808
-2.718180 0.005821
-2.709427 0.005837
-2.700675 0.005858
-2.691923 0.005883
-2.683171 0.005911
-2.674419 0.005944
-2.665666 0.005982
-2.656914 0.006023
-2.648162 0.006070
-2.639410 0.006121
-2.630658 0.006177
-2.621905 0.006238
-2.613153 0.006304
-2.604401 0.006375
-2.595649 0.006452
-2.586897 0.006535
-2.578145 0.006623
-2.569392 0.006717
-2.560640 0.006817
-2.551888 0.006923
-2.543136 0.007036
-2.534384 0.007154
-2.525631 0.007280
-2.516879 0.007412
-2.508127 0.007551
-2.499375 0.007697
-2.490623 0.007850
-2.481870 0.008009
-2.473118 0.008176
-2.464366 0.008350
-2.455614 0.008531
-2.446862 0.008719
-2.438110 0.008915
-2.429357 0.009117
-2.420605 0.009326
-2.411853 0.009542
-2.403101 0.009765
-2.394349 0.009994
-2.385596 0.010229
-2.376844 0.010470
-2.368092 0.010717
-2.359340 0.010969
-2.350588 0.011226
-2.341835 0.011487
-2.333083 0.011751
-2.324331 0.012019
-2.315579 0.012289
-2.306827 0.012561
-2.298075 0.012834
-2.289322 0.013107
-2.280570 0.013380
-2.271818 0.013651
-2.263066 0.013919
-2.254314 0.014184
-2.245561 0.014445
-2.236809 0.014700
-2.228057 0.014949
-2.219305 0.015190
-2.210553 0.015423
-2.201800 0.015647
-2.193048 0.015861
-2.184296 0.016064
-2.175544 0.016256
-2.166792 0.016435
-2.158040 0.016602
-2.149287 0.016755
-2.140535 0.016895
-2.131783 0.017021
-2.123031 0.017132
-2.114279 0.017230
-2.105526 0.017313
-2.096774 0.017382
-2.088022 0.017436
-2.079270 0.017477
-2.070518 0.017505
-2.061765 0.017518
-2.053013 0.017519
-2.044261 0.017507
-2.035509 0.017482
-2.026757 0.017445
-2.018005 0.017396
-2.009252 0.017335
-2.000500 0.017264
-1.991748 0.017180
-1.982996 0.017086
-1.974244 0.016982
-1.965491 0.016866
-1.956739 0.016740
-1.947987 0.016604
-1.939235 0.016457
-1.930483 0.016300
-1.921730 0.016132
-1.912978 0.015955
-1.904226 0.015768
-1.895474 0.015571
-1.886722 0.015365
-1.877969 0.015150
-1.869217 0.014926
-1.860465 0.014693
-1.851713 0.014452
-1.842961 0.014203
-1.834209 0.013948
-1.825456 0.013686
-1.816704 0.013418
-1.807952 0.013145
-1.799200 0.012868
-1.790448 0.012587
-1.781695 0.012303
-1.772943 0.012017
-1.764191 0.011730
-1.755439 0.011443
-1.746687 0.011155
-1.737934 0.010869
-1.729182 0.010585
-1.720430 0.010304
-1.711678 0.010026
-1.702926 0.009752
-1.694174 0.009482
-1.685421 0.009217
-1.676669 0.008958
-1.667917 0.008705
-1.659165 0.008458
-1.650413 0.008217
-1.641660 0.007984
-1.632908 0.007757
-1.624156 0.007538
-1.615404 0.007326
-1.606652 0.007121
-1.597899 0.006924
-1.589147 0.006734
-1.580395 0.006551
-1.571643 0.006375
-1.562891 0.006206
-1.554139 0.006044
-1.545386 0.005888
-1.536634 0.005739
-1.527882 0.005596
-1.519130 0.005459
-1.510378 0.005327
-1.501625 0.005200
-1.492873 0.005079
-1.484121 0.004963
-1.475369 0.004851
-1.466617 0.004743
-1.457864 0.004639
-1.449112 0.004540
-1.440360 0.004444
-1.431608 0.004351
-1.422856 0.004261
-1.414104 0.004175
-1.405351 0.004091
-1.396599 0.004010
-1.387847 0.003931
-1.379095 0.003855
-1.370343 0.003781
-1.361590 0.003709
-1.352838 0.003639
-1.344086 0.003571
-1.335334 0.003504
-1.326582 0.003440
-1.317829 0.003377
-1.309077 0.003316
-1.300325 0.003257
-1.291573 0.003199
-1.282821 0.003143
-1.274069 0.003088
-1.265316 0.003035
-1.256564 0.002983
-1.247812 0.002933
-1.239060 0.002884
-1.230308 0.002837
-1.221555 0.002791
-1.212803 0.002746
-1.204051 0.002703
-1.195299 0.002661
-1.186547 0.002621
-1.177794 0.002582
-1.169042 0.002545
-1.160290 0.002508
-1.151538 0.002474
-1.142786 0.002440
-1.134034 0.002408
-1.125281 0.002377
-1.116529 0.002348
-1.107777 0.002320
-1.099025 0.002293
-1.090273 0.002267
-1.081520 0.002243
-1.072768 0.002220
-1.064016 0.002199
-1.055264 0.002179
-1.046512 0.002160
-1.037759 0.002142
-1.029007 0.002126
-1.020255 0.002111
-1.011503 0.002098
-1.002751 0.002086
-0.993998 0.002075
-0.985246 0.002066
-0.976494 0.002058
-0.967742 0.002051
-0.958990 0.002046
-0.950238 0.002042
-0.941485 0.002040
-0.932733 0.002039
-0.923981 0.002040
-0.915229 0.002042
-0.906477 0.002046
-0.897724 0.002052
-0.888972 0.002059
-0.880220 0.002067
-0.871468 0.002078
-0.862716 0.002089
-0.853963 0.002103
-0.845211 0.002118
-0.836459 0.002135
-0.827707 0.002153
-0.818955 0.002173
-0.810203 0.002195
-0.801450 0.002218
-0.792698 0.002243
-0.783946 0.002269
-0.775194 0.002296
-0.766442 0.002325
-0.757689 0.002355
-0.748937 0.002386
-0.740185 0.002418
-0.731433 0.002450
-0.722681 0.002483
-0.713928 0.002517
-0.705176 0.002551
-0.696424 0.002584
-0.687672 0.002618
-0.678920 0.002651
-0.670168 0.002683
-0.661415 0.002714
-0.652663 0.002744
-0.643911 0.002772
-0.635159 0.002798
-0.626407 0.002823
-0.617654 0.002845
-0.608902 0.002864
-0.600150 0.002881
-0.591398 0.002894
-0.582646 0.002905
-0.573893 0.002912
-0.565141 0.002916
-0.556389 0.002916
-0.547637 0.002913
-0.538885 0.002906
-0.530133 0.002895
-0.521380 0.002881
-0.512628 0.002864
-0.503876 0.002842
-0.495124 0.002818
-0.486372 0.002790
-0.477619 0.002760
-0.468867 0.002726
-0.460115 0.002691
-0.451363 0.002652
-0.442611 0.002612
-0.433858 0.002570
-0.425106 0.002526
-0.416354 0.002481
-0.407602 0.002435
-0.398850 0.002387
-0.390098 0.002340
-0.381345 0.002292
-0.372593 0.002244
-0.363841 0.002196
-0.355089 0.002148
-0.346337 0.002101
-0.337584 0.002054
-0.328832 0.002008
-0.320080 0.001963
-0.311328 0.001919
-0.302576 0.001876
-0.293823 0.001834
-0.285071 0.001794
-0.276319 0.001754
-0.267567 0.001716
-0.258815 0.001679
-0.250063 0.001643
-0.241310 0.001608
-0.232558 0.001575
-0.223806 0.001543
-0.215054 0.001512
-0.206302 0.001482
-0.197549 0.001453
-0.188797 0.001425
-0.180045 0.001398
-0.171293 0.001372
-0.162541 0.001346
-0.153788 0.001322
-0.145036 0.001298
-0.136284 0.001275
-0.127532 0.001253
-0.118780 0.001231
-0.110028 0.001210
-0.101275 0.001190
-0.092523 0.001170
-0.083771 0.001151
-0.075019 0.001132
-0.066267 0.001113
-0.057514 0.001095
-0.048762 0.001077
-0.040010 0.001060
-0.031258 0.001043
-0.022506 0.001027
-0.013753 0.001010
-0.005001 0.000995
0.003751 0.000979
0.012503 0.000964
0.021255 0.000949
0.030008 0.000935
0.038760 0.000921
0.047512 0.000907
0.056264 0.000894
0.065016 0.000881
0.073768 0.000868
0.082521 0.000856
0.091273 0.000843
0.100025 0.000832
0.108777 0.000820
0.117529 0.000809
0.126282 0.000798
0.135034 0.000787
0.143786 0.000777
0.152538 0.000767
0.161290 0.000757
0.170043 0.000748
0.178795 0.000739
0.187547 0.000730
0.196299 0.000721
0.205051 0.000713
0.213803 0.000704
0.222556 0.000696
0.231308 0.000688
0.240060 0.000681
0.248812 0.000673
0.257564 0.000666
0.266317 0.000659
0.275069 0.000652
0.283821 0.000646
0.292573 0.000639
0.301325 0.000633
0.310078 0.000627
0.318830 0.000621
0.327582 0.000615
0.336334 0.000609
0.345086 0.000603
0.353838 0.000598
0.362591 0.000593
0.371343 0.000587
0.380095 0.000582
0.388847 0.000577
0.397599 0.000572
0.406352 0.000568
0.415104 0.000563
0.423856 0.000558
0.432608 0.000554
0.441360 0.000549
0.450113 0.000545
0.458865 0.000541
0.467617 0.000537
0.476369 0.000533
0.485121 0.000529
0.493873 0.000525
0.502626 0.000521
0.511378 0.000517
0.520130 0.000513
0.528882 0.000510
0.537634 0.000506
0.546387 0.000503
0.555139 0.000499
0.563891 0.000496
0.572643 0.000492
0.581395 0.000489
0.590148 0.000486
0.598900 0.000483
0.607652 0.000479
0.616404 0.000476
0.625156 0.000473
0.633908 0.000470
0.642661 0.000467
0.651413 0.000464
0.660165 0.000462
0.668917 0.000459
0.677669 0.000456
0.686422 0.000453
0.695174 0.000451
0.703926 0.000448
0.712678 0.000445
0.721430 0.000443
0.730183 0.000440
0.738935 0.000438
0.747687 0.000435
0.756439 0.000433
0.765191 0.000430
0.773943 0.000428
0.782696 0.000426
0.791448 0.000423
0.800200 0.000421
0.808952 0.000419
0.817704 0.000416
0.826457 0.000414
0.835209 0.000412
0.843961 0.000410
0.852713 0.000408
0.861465 0.000406
0.870218 0.000404
0.878970 0.000402
0.887722 0.000400
0.896474 0.000398
0.905226 0.000396
0.913978 0.000394
0.922731 0.000392
0.931483 0.000390
0.940235 0.000388
0.948987 0.000386
0.957739 0.000384
0.966492 0.000382
0.975244 0.000381
0.983996 0.000379
0.992748 0.000377
1.001500 0.000375
1.010253 0.000374
1.019005 0.000372
1.027757 0.000370
1.036509 0.000369
1.045261 0.000367
1.054014 0.000365
1.062766 0.000364
1.071518 0.000362
1.080270 0.000361
1.089022 0.000359
1.097774 0.000357
1.106527 0.000356
1.115279 0.000354
1.124031 0.000353
1.132783 0.000352
1.141535 0.000350
1.150288 0.000349
1.159040 0.000347
1.167792 0.000346
1.176544 0.000344
1.185296 0.000343
1.194049 0.000342
1.202801 0.000340
1.211553 0.000339
1.220305 0.000338
1.229057 0.000336
1.237809 0.000335
1.246562 0.000334
1.255314 0.000333
1.264066 0.000331
1.272818 0.000330
1.281570 0.000329
1.290323 0.000328
1.299075 0.000327
1.307827 0.000325
1.316579 0.000324
1.325331 0.000323
1.334084 0.000322
1.342836 0.000321
1.351588 0.000320
1.360340 0.000319
1.369092 0.000318
1.377844 0.000317
1.386597 0.000316
1.395349 0.000315
1.404101 0.000314
1.412853 0.000313
1.421605 0.000312
1.430358 0.000311
1.439110 0.000310
1.447862 0.000309
1.456614 0.000308
1.465366 0.000307
1.474119 0.000306
1.482871 0.000305
1.491623 0.000304
1.500375 0.000303
1.509127 0.000302
1.517879 0.000301
1.526632 0.000300
1.535384 0.000300
1.544136 0.000299
1.552888 0.000298
1.561640 0.000297
1.570393 0.000296
1.579145 0.000296
1.587897 0.000295
1.596649 0.000294
1.605401 0.000293
1.614154 0.000293
1.622906 0.000292
1.631658 0.000291
1.640410 0.000290
1.649162 0.000290
1.657914 0.000289
1.666667 0.000288
1.675419 0.000288
1.684171 0.000287
1.692923 0.000287
1.701675 0.000286
1.710428 0.000285
1.719180 0.000285
1.727932 0.000284
1.736684 0.000284
1.745436 0.000283
1.754189 0.000283
1.762941 0.000282
1.771693 0.000282
1.780445 0.000281
1.789197 0.000281
1.797949 0.000280
1.806702 0.000280
1.815454 0.000279
1.824206 0.000279
1.832958 0.000278
1.841710 0.000278
1.850463 0.000278
1.859215 0.000277
1.867967 0.000277
1.876719 0.000276
1.885471 0.000276
1.894224 0.000276
1.902976 0.000276
1.911728 0.000275
1.920480 0.000275
1.929232 0.000275
1.937984 0.000275
1.946737 0.000274
1.955489 0.000274
1.964241 0.000274
1.972993 0.000274
1.981745 0.000274
1.990498 0.000273
1.999250 0.000273
2.008002 0.000273
2.016754 0.000273
2.025506 0.000273
2.034259 0.000273
2.043011 0.000273
2.051763 0.000273
2.060515 0.000273
2.069267 0.000273
2.078020 0.000273
2.086772 0.000273
2.095524 0.000274
2.104276 0.000274
2.113028 0.000274
2.121780 0.000274
2.130533 0.000274
2.139285 0.000275
2.148037 0.000275
2.156789 0.000275
2.165541 0.000276
2.174294 0.000276
2.183046 0.000276
2.191798 0.000277
2.200550 0.000277
2.209302 0.000278
2.218055 0.000278
2.226807 0.000279
2.235559 0.000279
2.244311 0.000280
2.253063 0.000281
2.261815 0.000282
2.270568 0.000282
2.279320 0.000283
2.288072 0.000284
2.296824 0.000285
2.305576 0.000286
2.314329 0.000287
2.323081 0.000288
2.331833 0.000289
2.340585 0.000290
2.349337 0.000292
2.358090 0.000293
2.366842 0.000294
2.375594 0.000296
2.384346 0.000297
2.393098 0.000299
2.401850 0.000301
2.410603 0.000302
2.419355 0.000304
2.428107 0.000306
2.436859 0.000308
2.445611 0.000310
2.454364 0.000313
2.463116 0.000315
2.471868 0.000317
2.480620 0.000320
2.489372 0.000322
2.498125 0.000325
2.506877 0.000328
2.515629 0.000331
2.524381 0.000334
2.533133 0.000337
2.541885 0.000341
2.550638 0.000344
2.559390 0.000348
2.568142 0.000352
2.576894 0.000356
2.585646 0.000360
2.594399 0.000364
2.603151 0.000369
2.611903 0.000373
2.620655 0.000378
2.629407 0.000383
2.638160 0.000388
2.646912 0.000393
2.655664 0.000399
2.664416 0.000405
2.673168 0.000411
2.681920 0.000417
2.690673 0.000423
2.699425 0.000430
2.708177 0.000436
2.716929 0.000443
2.725681 0.000451
2.734434 0.000458
2.743186 0.000466
2.751938 0.000474
2.760690 0.000483
2.769442 0.000491
2.778195 0.000500
2.786947 0.000510
2.795699 0.000519
2.804451 0.000529
2.813203 0.000540
2.821955 0.000551
2.830708 0.000562
2.839460 0.000574
2.848212 0.000586
2.856964 0.000599
2.865716 0.000612
2.874469 0.000626
2.883221 0.000640
2.891973 0.000655
2.900725 0.000671
2.909477 0.000687
2.918230 0.000704
2.926982 0.000721
2.935734 0.000739
2.944486 0.000758
2.953238 0.000777
2.961990 0.000797
2.970743 0.000818
2.979495 0.000839
2.988247 0.000861
2.996999 0.000883
3.005751 0.000905
3.014504 0.000928
3.023256 0.000952
3.032008 0.000975
3.040760 0.000999
3.049512 0.001024
3.058265 0.001048
3.067017 0.001072
3.075769 0.001097
3.084521 0.001121
3.093273 0.001145
3.102026 0.001168
3.110778 0.001192
3.119530 0.001214
3.128282 0.001237
3.137034 0.001258
3.145786 0.001279
3.154539 0.001299
3.163291 0.001319
3.172043 0.001337
3.180795 0.001355
3.189547 0.001371
3.198300 0.001386
3.207052 0.001400
3.215804 0.001413
3.224556 0.001425
3.233308 0.001435
3.242061 0.001444
3.250813 0.001452
3.259565 0.001458
3.268317 0.001463
3.277069 0.001466
3.285821 0.001468
3.294574 0.001469
3.303326 0.001468
3.312078 0.001466
3.320830 0.001462
3.329582 0.001456
3.338335 0.001450
3.347087 0.001442
3.355839 0.001432
3.364591 0.001421
3.373343 0.001408
3.382096 0.001395
3.390848 0.001379
3.399600 0.001363
3.408352 0.001345
3.417104 0.001327
3.425856 0.001307
3.434609 0.001286
3.443361 0.001264
3.452113 0.001241
3.460865 0.001217
3.469617 0.001193
3.478370 0.001168
3.487122 0.001143
3.495874 0.001117
3.504626 0.001090
3.513378 0.001064
3.522131 0.001037
3.530883 0.001011
3.539635 0.000984
3.548387 0.000958
3.557139 0.000931
3.565891 0.000905
3.574644 0.000880
3.583396 0.000854
3.592148 0.000830
3.600900 0.000805
3.609652 0.000782
3.618405 0.000759
3.627157 0.000736
3.635909 0.000714
3.644661 0.000693
3.653413 0.000673
3.662166 0.000653
3.670918 0.000634
3.679670 0.000615
3.688422 0.000598
3.697174 0.000581
3.705926 0.000564
3.714679 0.000549
3.723431 0.000533
3.732183 0.000519
3.740935 0.000505
3.749687 0.000492
3.758440 0.000479
3.767192 0.000467
3.775944 0.000455
3.784696 0.000444
3.793448 0.000434
3.802201 0.000424
3.810953 0.000414
3.819705 0.000404
3.828457 0.000396
3.837209 0.000387
3.845961 0.000379
3.854714 0.000371
3.863466 0.000363
3.872218 0.000356
3.880970 0.000349
3.889722 0.000343
3.898475 0.000336
3.907227 0.000330
3.915979 0.000324
3.924731 0.000319
3.933483 0.000313
3.942236 0.000308
3.950988 0.000303
3.959740 0.000298
3.968492 0.000294
3.977244 0.000289
3.985996 0.000285
3.994749 0.000281
4.003501 0.000277
4.012253 0.000273
4.021005 0.000269
4.029757 0.000266
4.038510 0.000262
4.047262 0.000259
4.056014 0.000255
4.064766 0.000252
4.073518 0.000249
4.082271 0.000246
4.091023 0.000243
4.099775 0.000241
4.108527 0.000238
4.117279 0.000235
4.126032 0.000233
4.134784 0.000230
4.143536 0.000228
4.152288 0.000226
4.161040 0.000223
4.169792 0.000221
4.178545 0.000219
4.187297 0.000217
4.196049 0.000215
4.204801 0.000213
4.213553 0.000211
4.222306 0.000209
4.231058 0.000207
4.239810 0.000206
4.248562 0.000204
4.257314 0.000202
4.266067 0.000201
4.274819 0.000199
4.283571 0.000198
4.292323 0.000196
4.301075 0.000195
4.309827 0.000193
4.318580 0.000192
4.327332 0.000190
4.336084 0.000189
4.344836 0.000188
4.353588 0.000186
4.362341 0.000185
4.371093 0.000184
4.379845 0.000183
4.388597 0.000181
4.397349 0.000180
4.406102 0.000179
4.414854 0.000178
4.423606 0.000177
4.432358 0.000176
4.441110 0.000175
4.449862 0.000174
4.458615 0.000173
4.467367 0.000172
4.476119 0.000171
4.484871 0.000170
4.493623 0.000169
4.502376 0.000168
4.511128 0.000167
4.519880 0.000166
4.528632 0.000165
4.537384 0.000165
4.546137 0.000164
4.554889 0.000163
4.563641 0.000162
4.572393 0.000161
4.581145 0.000161
4.589897 0.000160
4.598650 0.000159
4.607402 0.000158
4.616154 0.000158
4.624906 0.000157
4.633658 0.000156
4.642411 0.000156
4.651163 0.000155
4.659915 0.000154
4.668667 0.000154
4.677419 0.000153
4.686172 0.000152
4.694924 0.000152
4.703676 0.000151
4.712428 0.000150
4.721180 0.000150
4.729932 0.000149
4.738685 0.000149
4.747437 0.000148
4.756189 0.000148
4.764941 0.000147
4.773693 0.000146
4.782446 0.000146
4.791198 0.000145
4.799950 0.000145
4.808702 0.000144
4.817454 0.000144
4.826207 0.000143
4.834959 0.000143
4.843711 0.000142
4.852463 0.000142
4.861215 0.000141
4.869967 0.000141
4.878720 0.000140
4.887472 0.000140
4.896224 0.000140
4.904976 0.000139
4.913728 0.000139
4.922481 0.000138
4.931233 0.000138
4.939985 0.000137
4.948737 0.000137
4.957489 0.000137
4.966242 0.000136
4.974994 0.000136
4.983746 0.000135
4.992498 0.000135
5.001250 0.000135
5.010003 0.000134
5.018755 0.000134
5.027507 0.000134
5.036259 0.000133
5.045011 0.000133
5.053763 0.000132
5.062516 0.000132
5.071268 0.000132
5.080020 0.000131
5.088772 0.000131
5.097524 0.000131
5.106277 0.000130
5.115029 0.000130
5.123781 0.000130
5.132533 0.000129
5.141285 0.000129
5.150038 0.000129
5.158790 0.000128
5.167542 0.000128
5.176294 0.000128
5.185046 0.000128
5.193798 0.000127
5.202551 0.000127
5.211303 0.000127
5.220055 0.000126
5.228807 0.000126
5.237559 0.000126
5.246312 0.000126
5.255064 0.000125
5.263816 0.000125
5.272568 0.000125
5.281320 0.000124
5.290073 0.000124
5.298825 0.000124
5.307577 0.000124
5.316329 0.000123
5.325081 0.000123
5.333833 0.000123
5.342586 0.000123
5.351338 0.000122
5.360090 0.000122
5.368842 0.000122
5.377594 0.000122
5.386347 0.000122
5.395099 0.000121
5.403851 0.000121
5.412603 0.000121
5.421355 0.000121
5.430108 0.000120
5.438860 0.000120
5.447612 0.000120
5.456364 0.000120
5.465116 0.000120
5.473868 0.000119
5.482621 0.000119
5.491373 0.000119
5.500125 0.000119
5.508877 0.000119
5.517629 0.000118
5.526382 0.000118
5.535134 0.000118
5.543886 0.000118
5.552638 0.000118
5.561390 0.000117
5.570143 0.000117
5.578895 0.000117
5.587647 0.000117
5.596399 0.000117
5.605151 0.000116
5.613903 0.000116
5.622656 0.000116
5.631408 0.000116
5.640160 0.000116
5.648912 0.000116
5.657664 0.000115
5.666417 0.000115
5.675169 0.000115
5.683921 0.000115
5.692673 0.000115
5.701425 0.000115
5.710178 0.000114
5.718930 0.000114
5.727682 0.000114
5.736434 0.000114
5.745186 0.000114
5.753938 0.000114
5.762691 0.000113
5.771443 0.000113
5.780195 0.000113
5.788947 0.000113
5.797699 0.000113
5.806452 0.000113
5.815204 0.000113
5.823956 0.000112
5.832708 0.000112
5.841460 0.000112
5.850213 0.000112
5.858965 0.000112
5.867717 0.000112
5.876469 0.000112
5.885221 0.000111
5.893973 0.000111
5.902726 0.000111
5.911478 0.000111
5.920230 0.000111
5.928982 0.000111
5.937734 0.000111
5.946487 0.000111
5.955239 0.000111
5.963991 0.000110
5.972743 0.000110
5.981495 0.000110
5.990248 0.000110
5.999000 0.000110
6.007752 0.000110
6.016504 0.000110
6.025256 0.000110
6.034009 0.000109
6.042761 0.000109
6.051513 0.000109
6.060265 0.000109
6.069017 0.000109
6.077769 0.000109
6.086522 0.000109
6.095274 0.000109
6.104026 0.000109
6.112778 0.000109
6.121530 0.000108
6.130283 0.000108
6.139035 0.000108
6.147787 0.000108
6.156539 0.000108
6.165291 0.000108
6.174044 0.000108
6.182796 0.000108
6.191548 0.000108
6.200300 0.000108
6.209052 0.000108
6.217804 0.000107
6.226557 0.000107
6.235309 0.000107
6.244061 0.000107
6.252813 0.000107
6.261565 0.000107
6.270318 0.000107
6.279070 0.000107
6.287822 0.000107
6.296574 0.000107
6.305326 0.000107
6.314079 0.000107
6.322831 0.000107
6.331583 0.000106
6.340335 0.000106
6.349087 0.000106
6.357839 0.000106
6.366592 0.000106
6.375344 0.000106
6.384096 0.000106
6.392848 0.000106
6.401600 0.000106
6.410353 0.000106
6.419105 0.000106
6.427857 0.000106
6.436609 0.000106
6.445361 0.000106
6.454114 0.000106
6.462866 0.000106
6.471618 0.000105
6.480370 0.000105
6.489122 0.000105
6.497874 0.000105
6.506627 0.000105
6.515379 0.000105
6.524131 0.000105
6.532883 0.000105
6.541635 0.000105
6.550388 0.000105
6.559140 0.000105
6.567892 0.000105
6.576644 0.000105
6.585396 0.000105
6.594149 0.000105
6.602901 0.000105
6.611653 0.000105
6.620405 0.000105
6.629157 0.000105
6.637909 0.000105
6.646662 0.000105
6.655414 0.000105
6.664166 0.000104
6.672918 0.000104
6.681670 0.000104
6.690423 0.000104
6.699175 0.000104
6.707927 0.000104
6.716679 0.000104
6.725431 0.000104
6.734184 0.000104
6.742936 0.000104
6.751688 0.000104
6.760440 0.000104
6.769192 0.000104
6.777944 0.000104
6.786697 0.000104
6.795449 0.000104
6.804201 0.000104
6.812953 0.000104
6.821705 0.000104
6.830458 0.000104
6.839210 0.000104
6.847962 0.000104
6.856714 0.000104
6.865466 0.000104
6.874219 0.000104
6.882971 0.000104
6.891723 0.000104
6.900475 0.000104
6.909227 0.000104
6.917979 0.000104
6.926732 0.000104
6.935484 0.000104
6.944236 0.000104
6.952988 0.000104
6.961740 0.000104
6.970493 0.000104
6.979245 0.000104
6.987997 0.000104
6.996749 0.000104
7.005501 0.000104
7.014254 0.000104
7.023006 0.000104
7.031758 0.000104
7.040510 0.000104
7.049262 0.000104
7.058015 0.000104
7.066767 0.000104
7.075519 0.000104
7.084271 0.000104
7.093023 0.000104
7.101775 0.000104
7.110528 0.000104
7.119280 0.000104
7.128032 0.000104
7.136784 0.000104
7.145536 0.000104
7.154289 0.000104
7.163041 0.000104
7.171793 0.000104
7.180545 0.000104
7.189297 0.000104
7.198050 0.000104
7.206802 0.000104
7.215554 0.000104
7.224306 0.000104
7.233058 0.000104
7.241810 0.000104
7.250563 0.000104
7.259315 0.000104
7.268067 0.000104
7.276819 0.000104
7.285571 0.000104
7.294324 0.000104
7.303076 0.000104
7.311828 0.000104
7.320580 0.000104
7.329332 0.000104
7.338085 0.000104
7.346837 0.000104
7.355589 0.000104
7.364341 0.000104
7.373093 0.000104
7.381845 0.000105
7.390598 0.000105
7.399350 0.000105
7.408102 0.000105
7.416854 0.000105
7.425606 0.000105
7.434359 0.000105
7.443111 0.000105
7.451863 0.000105
7.460615 0.000105
7.469367 0.000105
7.478120 0.000105
7.486872 0.000105
7.495624 0.000105
7.504376 0.000105
7.513128 0.000105
7.521880 0.000105
7.530633 0.000105
7.539385 0.000105
7.548137 0.000105
7.556889 0.000105
7.565641 0.000105
7.574394 0.000106
7.583146 0.000106
7.591898 0.000106
7.600650 0.000106
7.609402 0.000106
7.618155 0.000106
7.626907 0.000106
7.635659 0.000106
7.644411 0.000106
7.653163 0.000106
7.661915 0.000106
7.670668 0.000106
7.679420 0.000106
7.688172 0.000106
7.696924 0.000106
7.705676 0.000106
7.714429 0.000107
7.723181 0.000107
7.731933 0.000107
7.740685 0.000107
7.749437 0.000107
7.758190 0.000107
7.766942 0.000107
7.775694 0.000107
7.784446 0.000107
7.793198 0.000107
7.801950 0.000107
7.810703 0.000107
7.819455 0.000107
7.828207 0.000108
7.836959 0.000108
7.845711 0.000108
7.854464 0.000108
7.863216 0.000108
7.871968 0.000108
7.880720 0.000108
7.889472 0.000108
7.898225 0.000108
7.906977 0.000108
7.915729 0.000108
7.924481 0.000108
7.933233 0.000109
7.941985 0.000109
7.950738 0.000109
7.959490 0.000109
7.968242 0.000109
7.976994 0.000109
7.985746 0.000109
7.994499 0.000109
8.003251 0.000109
8.012003 0.000109
8.020755 0.000110
8.029507 0.000110
8.038260 0.000110
8.047012 0.000110
8.055764 0.000110
8.064516 0.000110
8.073268 0.000110
8.082021 0.000110
8.090773 0.000110
8.099525 0.000111
8.108277 0.000111
8.117029 0.000111
8.125781 0.000111
8.134534 0.000111
8.143286 0.000111
8.152038 0.000111
8.160790 0.000111
8.169542 0.000112
8.178295 0.000112
8.187047 0.000112
8.195799 0.000112
8.204551 0.000112
8.213303 0.000112
8.222056 0.000112
8.230808 0.000112
8.239560 0.000113
8.248312 0.000113
8.257064 0.000113
8.265816 0.000113
8.274569 0.000113
8.283321 0.000113
8.292073 0.000113
8.300825 0.000113
8.309577 0.000114
8.318330 0.000114
8.327082 0.000114
8.335834 0.000114
8.344586 0.000114
8.353338 0.000114
8.362091 0.000115
8.370843 0.000115
8.379595 0.000115
8.388347 0.000115
8.397099 0.000115
8.405851 0.000115
8.414604 0.000115
8.423356 0.000116
8.432108 0.000116
8.440860 0.000116
8.449612 0.000116
8.458365 0.000116
8.467117 0.000116
8.475869 0.000117
8.484621 0.000117
8.493373 0.000117
8.502126 0.000117
8.510878 0.000117
8.519630 0.000117
8.528382 0.000118
8.537134 0.000118
8.545886 0.000118
8.554639 0.000118
8.563391 0.000118
8.572143 0.000118
8.580895 0.000119
8.589647 0.000119
8.598400 0.000119
8.607152 0.000119
8.615904 0.000119
8.624656 0.000120
8.633408 0.000120
8.642161 0.000120
8.650913 0.000120
8.659665 0.000120
8.668417 0.000121
8.677169 0.000121
8.685921 0.000121
8.694674 0.000121
8.703426 0.000121
8.712178 0.000122
8.720930 0.000122
8.729682 0.000122
8.738435 0.000122
8.747187 0.000122
8.755939 0.000123
8.764691 0.000123
8.773443 0.000123
8.782196 0.000123
8.790948 0.000124
8.799700 0.000124
8.808452 0.000124
8.817204 0.000124
8.825956 0.000124
8.834709 0.000125
8.843461 0.000125
8.852213 0.000125
8.860965 0.000125
8.869717 0.000126
8.878470 0.000126
8.887222 0.000126
8.895974 0.000126
8.904726 0.000127
8.913478 0.000127
8.922231 0.000127
8.930983 0.000127
8.939735 0.000128
8.948487 0.000128
8.957239 0.000128
8.965991 0.000128
8.974744 0.000129
8.983496 0.000129
8.992248 0.000129
9.001000 0.000129
9.009752 0.000130
9.018505 0.000130
9.027257 0.000130
9.036009 0.000130
9.044761 0.000131
9.053513 0.000131
9.062266 0.000131
9.071018 0.000131
9.079770 0.000132
9.088522 0.000132
9.097274 0.000132
9.106027 0.000133
9.114779 0.000133
9.123531 0.000133
9.132283 0.000133
9.141035 0.000134
9.149787 0.000134
9.158540 0.000134
9.167292 0.000135
9.176044 0.000135
9.184796 0.000135
9.193548 0.000136
9.202301 0.000136
9.211053 0.000136
9.219805 0.000137
9.228557 0.000137
9.237309 0.000137
9.246062 0.000137
9.254814 0.000138
9.263566 0.000138
9.272318 0.000138
9.281070 0.000139
9.289822 0.000139
9.298575 0.000139
9.307327 0.000140
9.316079 0.000140
9.324831 0.000140
9.333583 0.000141
9.342336 0.000141
9.351088 0.000142
9.359840 0.000142
9.368592 0.000142
9.377344 0.000143
9.386097 0.000143
9.394849 0.000143
9.403601 0.000144
9.412353 0.000144
9.421105 0.000144
9.429857 0.000145
9.438610 0.000145
9.447362 0.000146
9.456114 0.000146
9.464866 0.000146
9.473618 0.000147
9.482371 0.000147
9.491123 0.000147
9.499875 0.000148
9.508627 0.000148
9.517379 0.000149
9.526132 0.000149
9.534884 0.000149
9.543636 0.000150
9.552388 0.000150
9.561140 0.000151
9.569892 0.000151
9.578645 0.000152
9.587397 0.000152
9.596149 0.000152
9.604901 0.000153
9.613653 0.000153
9.622406 0.000154
9.631158 0.000154
9.639910 0.000155
9.648662 0.000155
9.657414 0.000155
9.666167 0.000156
9.674919 0.000156
9.683671 0.000157
9.692423 0.000157
9.701175 0.000158
9.709927 0.000158
9.718680 0.000159
9.727432 0.000159
9.736184 0.000160
9.744936 0.000160
9.753688 0.000161
9.762441 0.000161
9.771193 0.000162
9.779945 0.000162
9.788697 0.000163
9.797449 0.000163
9.806202 0.000164
9.814954 0.000164
9.823706 0.000165
9.832458 0.000165
9.841210 0.000166
9.849962 0.000166
9.858715 0.000167
9.867467 0.000167
9.876219 0.000168
9.884971 0.000168
9.893723 0.000169
9.902476 0.000170
9.911228 0.000170
9.919980 0.000171
9.928732 0.000171
9.937484 0.000172
9.946237 0.000172
9.954989 0.000173
9.963741 0.000174
9.972493 0.000174
9.981245 0.000175
9.989997 0.000175
9.998750 0.000176
10.007502 0.000177
10.016254 0.000177
10.025006 0.000178
10.033758 0.000178
10.042511 0.000179
10.051263 0.000180
10.060015 0.000180
10.068767 0.000181
10.077519 0.000182
10.086272 0.000182
10.095024 0.000183
10.103776 0.000184
10.112528 0.000184
10.121280 0.000185
10.130033 0.000186
10.138785 0.000186
10.147537 0.000187
10.156289 0.000188
10.165041 0.000188
10.173793 0.000189
10.182546 0.000190
10.191298 0.000191
10.200050 0.000191
10.208802 0.000192
10.217554 0.000193
10.226307 0.000193
10.235059 0.000194
10.243811 0.000195
10.252563 0.000196
10.261315 0.000196
10.270068 0.000197
10.278820 0.000198
10.287572 0.000199
10.296324 0.000200
10.305076 0.000200
10.313828 0.000201
10.322581 0.000202
10.331333 0.000203
10.340085 0.000204
10.348837 0.000204
10.357589 0.000205
10.366342 0.000206
10.375094 0.000207
10.383846 0.000208
10.392598 0.000209
10.401350 0.000210
10.410103 0.000210
10.418855 0.000211
10.427607 0.000212
10.436359 0.000213
10.445111 0.000214
10.453863 0.000215
10.462616 0.000216
10.471368 0.000217
10.480120 0.000218
10.488872 0.000219
10.497624 0.000220
10.506377 0.000221
10.515129 0.000222
10.523881 0.000223
10.532633 0.000224
10.541385 0.000225
10.550138 0.000226
10.558890 0.000227
10.567642 0.000228
10.576394 0.000229
10.585146 0.000230
10.593898 0.000231
10.602651 0.000232
10.611403 0.000233
10.620155 0.000234
10.628907 0.000235
10.637659 0.000236
10.646412 0.000237
10.655164 0.000238
10.663916 0.000240
10.672668 0.000241
10.681420 0.000242
10.690173 0.000243
10.698925 0.000244
10.707677 0.000245
10.716429 0.000247
10.725181 0.000248
10.733933 0.000249
10.742686 0.000250
10.751438 0.000251
10.760190 0.000253
10.768942 0.000254
10.777694 0.000255
10.786447 0.000257
10.795199 0.000258
10.803951 0.000259
10.812703 0.000260
10.821455 0.000262
10.830208 0.000263
10.838960 0.000265
10.847712 0.000266
10.856464 0.000267
10.865216 0.000269
10.873968 0.000270
10.882721 0.000272
10.891473 0.000273
10.900225 0.000274
10.908977 0.000276
10.917729 0.000277
10.926482 0.000279
10.935234 0.000280
10.943986 0.000282
10.952738 0.000283
10.961490 0.000285
10.970243 0.000287
10.978995 0.000288
10.987747 0.000290
10.996499 0.000291
11.005251 0.000293
11.014004 0.000295
11.022756 0.000296
11.031508 0.000298
11.040260 0.000300
11.049012 0.000301
11.057764 0.000303
11.066517 0.000305
11.075269 0.000307
11.084021 0.000309
11.092773 0.000310
11.101525 0.000312
11.110278 0.000314
11.119030 0.000316
11.127782 0.000318
11.136534 0.000320
11.145286 0.000322
11.154039 0.000324
11.162791 0.000326
11.171543 0.000328
11.180295 0.000330
11.189047 0.000332
11.197799 0.000334
11.206552 0.000336
11.215304 0.000338
11.224056 0.000340
11.232808 0.000342
11.241560 0.000344
11.250313 0.000347
11.259065 0.000349
11.267817 0.000351
11.276569 0.000353
11.285321 0.000356
11.294074 0.000358
11.302826 0.000360
11.311578 0.000363
11.320330 0.000365
11.329082 0.000367
11.337834 0.000370
11.346587 0.000372
11.355339 0.000375
11.364091 0.000378
11.372843 0.000380
11.381595 0.000383
11.390348 0.000385
11.399100 0.000388
11.407852 0.000391
11.416604 0.000393
11.425356 0.000396
11.434109 0.000399
11.442861 0.000402
11.451613 0.000405
11.460365 0.000408
11.469117 0.000411
11.477869 0.000414
11.486622 0.000417
11.495374 0.000420
11.504126 0.000423
11.512878 0.000426
11.521630 0.000429
11.530383 0.000432
11.539135 0.000436
11.547887 0.000439
11.556639 0.000442
11.565391 0.000446
11.574144 0.000449
11.582896 0.000452
11.591648 0.000456
11.600400 0.000459
11.609152 0.000463
11.617904 0.000467
11.626657 0.000470
11.635409 0.000474
11.644161 0.000478
11.652913 0.000482
11.661665 0.000486
11.670418 0.000490
11.679170 0.000494
11.687922 0.000498
11.696674 0.000502
11.705426 0.000506
11.714179 0.000510
11.722931 0.000515
11.731683 0.000519
11.740435 0.000523
11.749187 0.000528
11.757939 0.000532
11.766692 0.000537
11.775444 0.000542
11.784196 0.000546
11.792948 0.000551
11.801700 0.000556
11.810453 0.000561
11.819205 0.000566
11.827957 0.000571
11.836709 0.000576
11.845461 0.000582
11.854214 0.000587
11.862966 0.000592
11.871718 0.000598
11.880470 0.000604
11.889222 0.000609
11.897974 0.000615
11.906727 0.000621
11.915479 0.000627
11.924231 0.000633
11.932983 0.000639
11.941735 0.000645
11.950488 0.000652
11.959240 0.000658
11.967992 0.000665
11.976744 0.000671
11.985496 0.000678
11.994249 0.000685
12.003001 0.000692
12.011753 0.000699
12.020505 0.000706
12.029257 0.000714
12.038010 0.000721
12.046762 0.000729
12.055514 0.000736
12.064266 0.000744
12.073018 0.000752
12.081770 0.000760
12.090523 0.000769
12.099275 0.000777
12.108027 0.000786
12.116779 0.000795
12.125531 0.000803
12.134284 0.000813
12.143036 0.000822
12.151788 0.000831
12.160540 0.000841
12.169292 0.000851
12.178045 0.000861
12.186797 0.000871
12.195549 0.000881
12.204301 0.000892
12.213053 0.000902
12.221805 0.000913
12.230558 0.000925
12.239310 0.000936
12.248062 0.000948
12.256814 0.000959
12.265566 0.000972
12.274319 0.000984
12.283071 0.000997
12.291823 0.001009
12.300575 0.001023
12.309327 0.001036
12.318080 0.001050
12.326832 0.001064
12.335584 0.001078
12.344336 0.001093
12.353088 0.001108
12.361840 0.001123
12.370593 0.001139
12.379345 0.001155
12.388097 0.001171
12.396849 0.001188
12.405601 0.001205
12.414354 0.001223
12.423106 0.001241
12.431858 0.001259
12.440610 0.001278
12.449362 0.001297
12.458115 0.001317
12.466867 0.001337
12.475619 0.001358
12.484371 0.001379
12.493123 0.001401
12.501875 0.001423
12.510628 0.001446
12.519380 0.001470
12.528132 0.001494
12.536884 0.001519
12.545636 0.001544
12.554389 0.001570
12.563141 0.001597
12.571893 0.001625
12.580645 0.001653
12.589397 0.001682
12.598150 0.001712
12.606902 0.001743
12.615654 0.001775
12.624406 0.001807
12.633158 0.001841
12.641910 0.001876
12.650663 0.001911
12.659415 0.001948
12.668167 0.001986
12.676919 0.002025
12.685671 0.002065
12.694424 0.002107
12.703176 0.002150
12.711928 0.002194
12.720680 0.002240
12.729432 0.002287
12.738185 0.002336
12.746937 0.002387
12.755689 0.002439
12.764441 0.002493
12.773193 0.002549
12.781945 0.002607
12.790698 0.002668
12.799450 0.002730
12.808202 0.002794
12.816954 0.002862
12.825706 0.002931
12.834459 0.003003
12.843211 0.003078
12.851963 0.003156
12.860715 0.003237
12.869467 0.003322
12.878220 0.003409
12.886972 0.003501
12.895724 0.003596
12.904476 0.003695
12.913228 0.003798
12.921980 0.003906
12.930733 0.004018
12.939485 0.004135
12.948237 0.004257
12.956989 0.004385
12.965741 0.004518
12.974494 0.004658
12.983246 0.004803
12.991998 0.004956
13.000750 0.005115
13.009502 0.005282
13.018255 0.005457
13.027007 0.005639
13.035759 0.005830
13.044511 0.006031
13.053263 0.006240
13.062016 0.006459
13.070768 0.006689
13.079520 0.006929
13.088272 0.007180
13.097024 0.007442
13.105776 0.007716
13.114529 0.008003
13.123281 0.008302
13.132033 0.008614
13.140785 0.008938
13.149537 0.009276
13.158290 0.009628
13.167042 0.009993
13.175794 0.010371
13.184546 0.010763
13.193298 0.011167
13.202051 0.011585
13.210803 0.012014
13.219555 0.012455
13.228307 0.012908
13.237059 0.013370
13.245811 0.013841
13.254564 0.014320
13.263316 0.014805
13.272068 0.015295
13.280820 0.015788
13.289572 0.016283
13.298325 0.016777
13.307077 0.017267
13.315829 0.017753
13.324581 0.018231
13.333333 0.018700
13.342086 0.019155
13.350838 0.019596
13.359590 0.020020
13.368342 0.020423
13.377094 0.020804
13.385846 0.021160
13.394599 0.021489
13.403351 0.021788
13.412103 0.022057
13.420855 0.022292
13.429607 0.022493
13.438360 0.022658
13.447112 0.022786
13.455864 0.022876
13.464616 0.022928
13.473368 0.022942
13.482121 0.022917
13.490873 0.022855
13.499625 0.022755
13.508377 0.022619
13.517129 0.022447
13.525881 0.022242
13.534634 0.022005
13.543386 0.021737
13.552138 0.021442
13.560890 0.021120
13.569642 0.020774
13.578395 0.020407
13.587147 0.020021
13.595899 0.019619
13.604651 0.019202
13.613403 0.018774
13.622156 0.018336
13.630908 0.017892
13.639660 0.017444
13.648412 0.016993
13.657164 0.016541
13.665916 0.016092
13.674669 0.015646
13.683421 0.015204
13.692173 0.014770
13.700925 0.014344
13.709677 0.013927
13.718430 0.013520
13.727182 0.013124
13.735934 0.012741
13.744686 0.012370
13.753438 0.012012
13.762191 0.011668
13.770943 0.011338
13.779695 0.011023
13.788447 0.010721
13.797199 0.010434
13.805951 0.010161
13.814704 0.009903
13.823456 0.009659
13.832208 0.009428
13.840960 0.009212
13.849712 0.009009
13.858465 0.008820
13.867217 0.008643
13.875969 0.008479
13.884721 0.008328
13.893473 0.008189
13.902226 0.008062
13.910978 0.007946
13.919730 0.007842
13.928482 0.007750
13.937234 0.007668
13.945986 0.007597
13.954739 0.007537
13.963491 0.007487
13.972243 0.007448
13.980995 0.007419
13.989747 0.007400
13.998500 0.007391
14.007252 0.007393
14.016004 0.007405
14.024756 0.007427
14.033508 0.007459
14.042261 0.007501
14.051013 0.007554
14.059765 0.007618
14.068517 0.007693
14.077269 0.007778
14.086022 0.007875
14.094774 0.007983
14.103526 0.008103
14.112278 0.008235
14.121030 0.008380
14.129782 0.008537
14.138535 0.008706
14.147287 0.008890
14.156039 0.009086
14.164791 0.009297
14.173543 0.009522
14.182296 0.009761
14.191048 0.010015
14.199800 0.010284
14.208552 0.010567
14.217304 0.010867
14.226057 0.011181
14.234809 0.011510
14.243561 0.011854
14.252313 0.012213
14.261065 0.012586
14.269817 0.012974
14.278570 0.013374
14.287322 0.013786
14.296074 0.014210
14.304826 0.014644
14.313578 0.015086
14.322331 0.015536
14.331083 0.015992
14.339835 0.016451
14.348587 0.016912
14.357339 0.017372
14.366092 0.017830
14.374844 0.018281
14.383596 0.018725
14.392348 0.019157
14.401100 0.019576
14.409852 0.019978
14.418605 0.020361
14.427357 0.020722
14.436109 0.021057
14.444861 0.021365
14.453613 0.021642
14.462366 0.021887
14.471118 0.022097
14.479870 0.022271
14.488622 0.022407
14.497374 0.022503
14.506127 0.022559
14.514879 0.022574
14.523631 0.022548
14.532383 0.022481
14.541135 0.022373
14.549887 0.022225
14.558640 0.022039
14.567392 0.021815
14.576144 0.021555
14.584896 0.021262
14.593648 0.020938
14.602401 0.020584
14.611153 0.020204
14.619905 0.019801
14.628657 0.019376
14.637409 0.018934
14.646162 0.018475
14.654914 0.018005
14.663666 0.017525
14.672418 0.017037
14.681170 0.016546
14.689922 0.016052
14.698675 0.015558
14.707427 0.015067
14.716179 0.014579
14.724931 0.014098
14.733683 0.013624
14.742436 0.013160
14.751188 0.012705
14.759940 0.012261
14.768692 0.011830
14.777444 0.011411
14.786197 0.011005
14.794949 0.010613
14.803701 0.010235
14.812453 0.009871
14.821205 0.009521
14.829957 0.009184
14.838710 0.008862
14.847462 0.008554
14.856214 0.008258
14.864966 0.007976
14.873718 0.007707
14.882471 0.007450
14.891223 0.007206
14.899975 0.006973
14.908727 0.006751
14.917479 0.006540
14.926232 0.006339
14.934984 0.006148
14.943736 0.005967
14.952488 0.005795
14.961240 0.005632
14.969992 0.005478
14.978745 0.005331
14.987497 0.005192
14.996249 0.005061
15.005001 0.004936
15.013753 0.004819
15.022506 0.004708
15.031258 0.004603
15.040010 0.004505
15.048762 0.004412
15.057514 0.004325
15.066267 0.004243
15.075019 0.004166
15.083771 0.004094
15.092523 0.004027
15.101275 0.003965
15.110028 0.003907
15.118780 0.003854
15.127532 0.003804
15.136284 0.003759
15.145036 0.003717
15.153788 0.003679
15.162541 0.003645
15.171293 0.003614
15.180045 0.003586
15.188797 0.003562
15.197549 0.003540
15.206302 0.003521
15.215054 0.003504
15.223806 0.003490
15.232558 0.003477
15.241310 0.003467
15.250063 0.003458
15.258815 0.003451
15.267567 0.003445
15.276319 0.003440
15.285071 0.003435
15.293823 0.003431
15.302576 0.003427
15.311328 0.003423
15.320080 0.003419
15.328832 0.003414
15.337584 0.003408
15.346337 0.003401
15.355089 0.003393
15.363841 0.003383
15.372593 0.003372
15.381345 0.003359
15.390098 0.003344
15.398850 0.003326
15.407602 0.003307
15.416354 0.003285
15.425106 0.003261
15.433858 0.003234
15.442611 0.003205
15.451363 0.003173
15.460115 0.003140
15.468867 0.003103
15.477619 0.003065
15.486372 0.003025
15.495124 0.002982
15.503876 0.002938
15.512628 0.002892
15.521380 0.002844
15.530133 0.002796
15.538885 0.002746
15.547637 0.002695
15.556389 0.002643
15.565141 0.002591
15.573893 0.002539
15.582646 0.002486
15.591398 0.002434
15.600150 0.002381
15.608902 0.002329
15.617654 0.002278
15.626407 0.002227
15.635159 0.002177
15.643911 0.002127
15.652663 0.002079
15.661415 0.002032
15.670168 0.001986
15.678920 0.001941
15.687672 0.001897
15.696424 0.001855
15.705176 0.001814
15.713928 0.001774
15.722681 0.001736
15.731433 0.001699
15.740185 0.001664
15.748937 0.001630
15.757689 0.001597
15.766442 0.001566
15.775194 0.001536
15.783946 0.001507
15.792698 0.001480
15.801450 0.001454
15.810203 0.001429
15.818955 0.001405
15.827707 0.001382
15.836459 0.001361
15.845211 0.001340
15.853963 0.001320
15.862716 0.001302
15.871468 0.001284
15.880220 0.001267
15.888972 0.001251
15.897724 0.001236
15.906477 0.001221
15.915229 0.001207
15.923981 0.001193
15.932733 0.001180
15.941485 0.001168
15.950238 0.001156
15.958990 0.001144
15.967742 0.001133
15.976494 0.001122
15.985246 0.001111
15.993998 0.001101
16.002751 0.001091
16.011503 0.001080
16.020255 0.001070
16.029007 0.001060
16.037759 0.001050
16.046512 0.001041
16.055264 0.001031
16.064016 0.001021
16.072768 0.001011
16.081520 0.001001
16.090273 0.000991
16.099025 0.000980
16.107777 0.000970
16.116529 0.000960
16.125281 0.000950
16.134034 0.000939
16.142786 0.000929
16.151538 0.000918
16.160290 0.000908
16.169042 0.000897
16.177794 0.000887
16.186547 0.000877
16.195299 0.000866
16.204051 0.000856
16.212803 0.000846
16.221555 0.000836
16.230308 0.000826
16.239060 0.000817
16.247812 0.000807
16.256564 0.000798
16.265316 0.000789
16.274069 0.000780
16.282821 0.000771
16.291573 0.000763
16.300325 0.000755
16.309077 0.000747
16.317829 0.000740
16.326582 0.000733
16.335334 0.000726
16.344086 0.000719
16.352838 0.000713
16.361590 0.000707
16.370343 0.000702
16.379095 0.000697
16.387847 0.000692
16.396599 0.000687
16.405351 0.000683
16.414104 0.000679
16.422856 0.000676
16.431608 0.000672
16.440360 0.000670
16.449112 0.000667
16.457864 0.000665
16.466617 0.000663
16.475369 0.000661
16.484121 0.000660
16.492873 0.000658
16.501625 0.000657
16.510378 0.000657
16.519130 0.000656
16.527882 0.000655
16.536634 0.000655
16.545386 0.000655
16.554139 0.000655
16.562891 0.000655
16.571643 0.000654
16.580395 0.000654
16.589147 0.000654
16.597899 0.000654
16.606652 0.000653
16.615404 0.000653
16.624156 0.000652
16.632908 0.000651
16.641660 0.000650
16.650413 0.000648
16.659165 0.000646
16.667917 0.000644
16.676669 0.000642
16.685421 0.000639
16.694174 0.000635
16.702926 0.000632
16.711678 0.000628
16.720430 0.000624
16.729182 0.000619
16.737934 0.000614
16.746687 0.000608
16.755439 0.000603
16.764191 0.000597
16.772943 0.000590
16.781695 0.000584
16.790448 0.000577
16.799200 0.000570
16.807952 0.000563
16.816704 0.000555
16.825456 0.000548
16.834209 0.000540
16.842961 0.000532
16.851713 0.000525
16.860465 0.000517
16.869217 0.000509
16.877969 0.000501
16.886722 0.000494
16.895474 0.000486
16.904226 0.000478
16.912978 0.000471
16.921730 0.000464
16.930483 0.000456
16.939235 0.000449
16.947987 0.000442
16.956739 0.000436
16.965491 0.000429
16.974244 0.000423
16.982996 0.000416
16.991748 0.000410
17.000500 0.000404
17.009252 0.000399
17.018005 0.000393
17.026757 0.000388
17.035509 0.000382
17.044261 0.000377
17.053013 0.000372
17.061765 0.000368
17.070518 0.000363
17.079270 0.000359
17.088022 0.000354
17.096774 0.000350
17.105526 0.000346
17.114279 0.000342
17.123031 0.000338
17.131783 0.000334
17.140535 0.000331
17.149287 0.000327
17.158040 0.000324
17.166792 0.000320
17.175544 0.000317
17.184296 0.000314
17.193048 0.000311
17.201800 0.000308
17.210553 0.000305
17.219305 0.000302
17.228057 0.000300
17.236809 0.000297
17.245561 0.000294
17.254314 0.000292
17.263066 0.000289
17.271818 0.000287
17.280570 0.000284
17.289322 0.000282
17.298075 0.000280
17.306827 0.000277
17.315579 0.000275
17.324331 0.000273
17.333083 0.000271
17.341835 0.000269
17.350588 0.000267
17.359340 0.000265
17.368092 0.000263
17.376844 0.000261
17.385596 0.000259
17.394349 0.000257
17.403101 0.000255
17.411853 0.000253
17.420605 0.000252
17.429357 0.000250
17.438110 0.000248
17.446862 0.000247
17.455614 0.000245
17.464366 0.000243
17.473118 0.000242
17.481870 0.000240
17.490623 0.000238
17.499375 0.000237
17.508127 0.000235
17.516879 0.000234
17.525631 0.000232
17.534384 0.000231
17.543136 0.000230
17.551888 0.000228
17.560640 0.000227
17.569392 0.000225
17.578145 0.000224
17.586897 0.000223
17.595649 0.000221
17.604401 0.000220
17.613153 0.000219
17.621905 0.000218
17.630658 0.000216
17.639410 0.000215
17.648162 0.000214
17.656914 0.000213
17.665666 0.000211
17.674419 0.000210
17.683171 0.000209
17.691923 0.000208
17.700675 0.000207
17.709427 0.000206
17.718180 0.000204
17.726932 0.000203
17.735684 0.000202
17.744436 0.000201
17.753188 0.000200
17.761940 0.000199
17.770693 0.000198
17.779445 0.000197
17.788197 0.000196
17.796949 0.000195
17.805701 0.000194
17.814454 0.000193
17.823206 0.000192
17.831958 0.000191
17.840710 0.000190
17.849462 0.000189
17.858215 0.000188
17.866967 0.000187
17.875719 0.000186
17.884471 0.000185
17.893223 0.000184
17.901975 0.000184
17.910728 0.000183
17.919480 0.000182
17.928232 0.000181
17.936984 0.000180
17.945736 0.000179
17.954489 0.000178
17.963241 0.000178
17.971993 0.000177
17.980745 0.000176
17.989497 0.000175
17.998250 0.000174
18.007002 0.000173
18.015754 0.000173
18.024506 0.000172
18.033258 0.000171
18.042011 0.000170
18.050763 0.000170
18.059515 0.000169
18.068267 0.000168
18.077019 0.000167
18.085771 0.000167
18.094524 0.000166
18.103276 0.000165
18.112028 0.000164
18.120780 0.000164
18.129532 0.000163
18.138285 0.000162
18.147037 0.000162
18.155789 0.000161
18.164541 0.000160
18.173293 0.000160
18.182046 0.000159
18.190798 0.000158
18.199550 0.000158
18.208302 0.000157
18.217054 0.000156
18.225806 0.000156
18.234559 0.000155
18.243311 0.000154
18.252063 0.000154
18.260815 0.000153
18.269567 0.000153
18.278320 0.000152
18.287072 0.000151
18.295824 0.000151
18.304576 0.000150
18.313328 0.000150
18.322081 0.000149
18.330833 0.000148
18.339585 0.000148
18.348337 0.000147
18.357089 0.000147
18.365841 0.000146
18.374594 0.000146
18.383346 0.000145
18.392098 0.000145
18.400850 0.000144
18.409602 0.000144
18.418355 0.000143
18.427107 0.000143
18.435859 0.000142
18.444611 0.000141
18.453363 0.000141
18.462116 0.000140
18.470868 0.000140
18.479620 0.000139
18.488372 0.000139
18.497124 0.000138
18.505876 0.000138
18.514629 0.000138
18.523381 0.000137
18.532133 0.000137
18.540885 0.000136
18.549637 0.000136
18.558390 0.000135
18.567142 0.000135
18.575894 0.000134
18.584646 0.000134
18.593398 0.000133
18.602151 0.000133
18.610903 0.000133
18.619655 0.000132
18.628407 0.000132
18.637159 0.000131
18.645911 0.000131
18.654664 0.000130
18.663416 0.000130
18.672168 0.000130
18.680920 0.000129
18.689672 0.000129
18.698425 0.000128
18.707177 0.000128
18.715929 0.000128
18.724681 0.000127
18.733433 0.000127
18.742186 0.000127
18.750938 0.000126
18.759690 0.000126
18.768442 0.000125
18.777194 0.000125
18.785946 0.000125
18.794699 0.000124
18.803451 0.000124
18.812203 0.000124
18.820955 0.000123
18.829707 0.000123
18.838460 0.000123
18.847212 0.000122
18.855964 0.000122
18.864716 0.000122
18.873468 0.000121
18.882221 0.000121
18.890973 0.000121
18.899725 0.000121
18.908477 0.000120
18.917229 0.000120
18.925981 0.000120
18.934734 0.000119
18.943486 0.000119
18.952238 0.000119
18.960990 0.000119
18.969742 0.000118
18.978495 0.000118
18.987247 0.000118
18.995999 0.000118
19.004751 0.000117
19.013503 0.000117
19.022256 0.000117
19.031008 0.000117
19.039760 0.000116
19.048512 0.000116
19.057264 0.000116
19.066017 0.000116
19.074769 0.000115
19.083521 0.000115
19.092273 0.000115
19.101025 0.000115
19.109777 0.000115
19.118530 0.000114
19.127282 0.000114
19.136034 0.000114
19.144786 0.000114
19.153538 0.000114
19.162291 0.000114
19.171043 0.000113
19.179795 0.000113
19.188547 0.000113
19.197299 0.000113
19.206052 0.000113
19.214804 0.000113
19.223556 0.000112
19.232308 0.000112
19.241060 0.000112
19.249812 0.000112
19.258565 0.000112
19.267317 0.000112
19.276069 0.000112
19.284821 0.000112
19.293573 0.000112
19.302326 0.000112
19.311078 0.000112
19.319830 0.000111
19.328582 0.000111
19.337334 0.000111
19.346087 0.000111
19.354839 0.000111
19.363591 0.000111
19.372343 0.000111
19.381095 0.000111
19.389847 0.000111
19.398600 0.000111
19.407352 0.000111
19.416104 0.000111
19.424856 0.000111
19.433608 0.000111
19.442361 0.000111
19.451113 0.000112
19.459865 0.000112
19.468617 0.000112
19.477369 0.000112
19.486122 0.000112
19.494874 0.000112
19.503626 0.000112
19.512378 0.000112
19.521130 0.000113
19.529882 0.000113
19.538635 0.000113
19.547387 0.000113
19.556139 0.000113
19.564891 0.000114
19.573643 0.000114
19.582396 0.000114
19.591148 0.000114
19.599900 0.000115
19.608652 0.000115
19.617404 0.000115
19.626157 0.000116
19.634909 0.000116
19.643661 0.000116
19.652413 0.000117
19.661165 0.000117
19.669917 0.000118
19.678670 0.000118
19.687422 0.000119
19.696174 0.000119
19.704926 0.000120
19.713678 0.000120
19.722431 0.000121
19.731183 0.000122
19.739935 0.000122
19.748687 0.000123
19.757439 0.000124
19.766192 0.000125
19.774944 0.000126
19.783696 0.000126
19.792448 0.000127
19.801200 0.000128
19.809952 0.000129
19.818705 0.000130
19.827457 0.000131
19.836209 0.000132
19.844961 0.000134
19.853713 0.000135
19.862466 0.000136
19.871218 0.000137
19.879970 0.000139
19.888722 0.000140
19.897474 0.000142
19.906227 0.000143
19.914979 0.000145
19.923731 0.000147
19.932483 0.000148
19.941235 0.000150
19.949987 0.000152
19.958740 0.000154
19.967492 0.000156
19.976244 0.000158
19.984996 0.000161
19.993748 0.000163
20.002501 0.000166
20.011253 0.000168
20.020005 0.000171
20.028757 0.000174
20.037509 0.000177
20.046262 0.000180
20.055014 0.000183
20.063766 0.000187
20.072518 0.000190
20.081270 0.000194
20.090023 0.000198
20.098775 0.000202
20.107527 0.000206
20.116279 0.000211
20.125031 0.000216
20.133783 0.000221
20.142536 0.000226
20.151288 0.000231
20.160040 0.000237
20.168792 0.000243
20.177544 0.000249
20.186297 0.000256
20.195049 0.000263
20.203801 0.000270
20.212553 0.000277
20.221305 0.000284
20.230058 0.000292
20.238810 0.000300
20.247562 0.000309
20.256314 0.000317
20.265066 0.000326
20.273818 0.000335
20.282571 0.000344
20.291323 0.000354
20.300075 0.000363
20.308827 0.000373
20.317579 0.000383
20.326332 0.000393
20.335084 0.000403
20.343836 0.000413
20.352588 0.000423
20.361340 0.000432
20.370093 0.000442
20.378845 0.000451
20.387597 0.000460
20.396349 0.000469
20.405101 0.000478
20.413853 0.000486
20.422606 0.000494
20.431358 0.000501
20.440110 0.000508
20.448862 0.000514
20.457614 0.000520
20.466367 0.000525
20.475119 0.000529
20.483871 0.000532
20.492623 0.000535
20.501375 0.000537
20.510128 0.000538
20.518880 0.000539
20.527632 0.000538
20.536384 0.000537
20.545136 0.000535
20.553888 0.000532
20.562641 0.000529
20.571393 0.000524
20.580145 0.000519
20.588897 0.000514
20.597649 0.000507
20.606402 0.000500
20.615154 0.000493
20.623906 0.000485
20.632658 0.000476
20.641410 0.000467
20.650163 0.000458
20.658915 0.000448
20.667667 0.000438
20.676419 0.000428
20.685171 0.000418
20.693923 0.000407
20.702676 0.000397
20.711428 0.000386
20.720180 0.000376
20.728932 0.000365
20.737684 0.000355
20.746437 0.000345
20.755189 0.000335
20.763941 0.000325
20.772693 0.000315
20.781445 0.000306
20.790198 0.000296
20.798950 0.000287
20.807702 0.000279
20.816454 0.000270
20.825206 0.000262
20.833958 0.000254
20.842711 0.000247
20.851463 0.000240
20.860215 0.000233
20.868967 0.000226
20.877719 0.000220
20.886472 0.000213
20.895224 0.000207
20.903976 0.000202
20.912728 0.000196
20.921480 0.000191
20.930233 0.000186
20.938985 0.000182
20.947737 0.000177
20.956489 0.000173
20.965241 0.000168
20.973993 0.000165
20.982746 0.000161
20.991498 0.000157
21.000250 0.000154
21.009002 0.000150
21.017754 0.000147
21.026507 0.000144
21.035259 0.000141
21.044011 0.000138
21.052763 0.000136
21.061515 0.000133
21.070268 0.000131
21.079020 0.000128
21.087772 0.000126
21.096524 0.000124
21.105276 0.000122
21.114029 0.000120
21.122781 0.000118
21.131533 0.000116
21.140285 0.000114
21.149037 0.000113
21.157789 0.000111
21.166542 0.000109
21.175294 0.000108
21.184046 0.000106
21.192798 0.000105
21.201550 0.000103
21.210303 0.000102
21.219055 0.000101
21.227807 0.000100
21.236559 0.000098
21.245311 0.000097
21.254064 0.000096
21.262816 0.000095
21.271568 0.000094
21.280320 0.000093
21.289072 0.000092
21.297824 0.000091
21.306577 0.000090
21.315329 0.000089
21.324081 0.000088
21.332833 0.000087
21.341585 0.000086
21.350338 0.000086
21.359090 0.000085
21.367842 0.000084
21.376594 0.000083
21.385346 0.000082
21.394099 0.000082
21.402851 0.000081
21.411603 0.000080
21.420355 0.000080
21.429107 0.000079
21.437859 0.000078
21.446612 0.000078
21.455364 0.000077
21.464116 0.000077
21.472868 0.000076
21.481620 0.000075
21.490373 0.000075
21.499125 0.000074
21.507877 0.000074
21.516629 0.000073
21.525381 0.000073
21.534134 0.000072
21.542886 0.000072
21.551638 0.000071
21.560390 0.000071
21.569142 0.000070
21.577894 0.000070
21.586647 0.000069
21.595399 0.000069
21.604151 0.000069
21.612903 0.000068
21.621655 0.000068
21.630408 0.000067
21.639160 0.000067
21.647912 0.000067
21.656664 0.000066
21.665416 0.000066
21.674169 0.000066
21.682921 0.000065
21.691673 0.000065
21.700425 0.000064
21.709177 0.000064
21.717929 0.000064
21.726682 0.000063
21.735434 0.000063
21.744186 0.000063
21.752938 0.000063
21.761690 0.000062
21.770443 0.000062
21.779195 0.000062
21.787947 0.000061
21.796699 0.000061
21.805451 0.000061
21.814204 0.000060
21.822956 0.000060
21.831708 0.000060
21.840460 0.000060
21.849212 0.000059
21.857964 0.000059
21.866717 0.000059
21.875469 0.000059
21.884221 0.000058
21.892973 0.000058
21.901725 0.000058
21.910478 0.000058
21.919230 0.000057
21.927982 0.000057
21.936734 0.000057
21.945486 0.000057
21.954239 0.000056
21.962991 0.000056
21.971743 0.000056
21.980495 0.000056
21.989247 0.000056
21.997999 0.000055
22.006752 0.000055
22.015504 0.000055
22.024256 0.000055
22.033008 0.000054
22.041760 0.000054
22.050513 0.000054
22.059265 0.000054
22.068017 0.000054
22.076769 0.000053
22.085521 0.000053
22.094274 0.000053
22.103026 0.000053
22.111778 0.000053
22.120530 0.000053
22.129282 0.000052
22.138035 0.000052
22.146787 0.000052
22.155539 0.000052
22.164291 0.000052
22.173043 0.000052
22.181795 0.000051
22.190548 0.000051
22.199300 0.000051
22.208052 0.000051
22.216804 0.000051
22.225556 0.000051
22.234309 0.000050
22.243061 0.000050
22.251813 0.000050
22.260565 0.000050
22.269317 0.000050
22.278070 0.000050
22.286822 0.000049
22.295574 0.000049
22.304326 0.000049
22.313078 0.000049
22.321830 0.000049
22.330583 0.000049
22.339335 0.000049
22.348087 0.000048
22.356839 0.000048
22.365591 0.000048
22.374344 0.000048
22.383096 0.000048
22.391848 0.000048
22.400600 0.000048
22.409352 0.000047
22.418105 0.000047
22.426857 0.000047
22.435609 0.000047
22.444361 0.000047
22.453113 0.000047
22.461865 0.000047
22.470618 0.000046
22.479370 0.000046
22.488122 0.000046
22.496874 0.000046
22.505626 0.000046
22.514379 0.000046
22.523131 0.000046
22.531883 0.000046
22.540635 0.000045
22.549387 0.000045
22.558140 0.000045
22.566892 0.000045
22.575644 0.000045
22.584396 0.000045
22.593148 0.000045
22.601900 0.000045
22.610653 0.000045
22.619405 0.000044
22.628157 0.000044
22.636909 0.000044
22.645661 0.000044
22.654414 0.000044
22.663166 0.000044
22.671918 0.000044
22.680670 0.000044
22.689422 0.000044
22.698175 0.000043
22.706927 0.000043
22.715679 0.000043
22.724431 0.000043
22.733183 0.000043
22.741935 0.000043
22.750688 0.000043
22.759440 0.000043
22.768192 0.000043
22.776944 0.000043
22.785696 0.000042
22.794449 0.000042
22.803201 0.000042
22.811953 0.000042
22.820705 0.000042
22.829457 0.000042
22.838210 0.000042
22.846962 0.000042
22.855714 0.000042
22.864466 0.000042
22.873218 0.000041
22.881970 0.000041
22.890723 0.000041
22.899475 0.000041
22.908227 0.000041
22.916979 0.000041
22.925731 0.000041
22.934484 0.000041
22.943236 0.000041
22.951988 0.000041
22.960740 0.000041
22.969492 0.000040
22.978245 0.000040
22.986997 0.000040
22.995749 0.000040
23.004501 0.000040
23.013253 0.000040
23.022006 0.000040
23.030758 0.000040
23.039510 0.000040
23.048262 0.000040
23.057014 0.000040
23.065766 0.000039
23.074519 0.000039
23.083271 0.000039
23.092023 0.000039
23.100775 0.000039
23.109527 0.000039
23.118280 0.000039
23.127032 0.000039
23.135784 0.000039
23.144536 0.000039
23.153288 0.000039
23.162041 0.000039
23.170793 0.000038
23.179545 0.000038
23.188297 0.000038
23.197049 0.000038
23.205801 0.000038
23.214554 0.000038
23.223306 0.000038
23.232058 0.000038
23.240810 0.000038
23.249562 0.000038
23.258315 0.000038
23.267067 0.000038
23.275819 0.000038
23.284571 0.000037
23.293323 0.000037
23.302076 0.000037
23.310828 0.000037
23.319580 0.000037
23.328332 0.000037
23.337084 0.000037
23.345836 0.000037
23.354589 0.000037
23.363341 0.000037
23.372093 0.000037
23.380845 0.000037
23.389597 0.000037
23.398350 0.000037
23.407102 0.000036
23.415854 0.000036
23.424606 0.000036
23.433358 0.000036
23.442111 0.000036
23.450863 0.000036
23.459615 0.000036
23.468367 0.000036
23.477119 0.000036
23.485871 0.000036
23.494624 0.000036
23.503376 0.000036
23.512128 0.000036
23.520880 0.000036
23.529632 0.000035
23.538385 0.000035
23.547137 0.000035
23.555889 0.000035
23.564641 0.000035
23.573393 0.000035
23.582146 0.000035
23.590898 0.000035
23.599650 0.000035
23.608402 0.000035
23.617154 0.000035
23.625906 0.000035
23.634659 0.000035
23.643411 0.000035
23.652163 0.000035
23.660915 0.000035
23.669667 0.000034
23.678420 0.000034
23.687172 0.000034
23.695924 0.000034
23.704676 0.000034
23.713428 0.000034
23.722181 0.000034
23.730933 0.000034
23.739685 0.000034
23.748437 0.000034
23.757189 0.000034
23.765941 0.000034
23.774694 0.000034
23.783446 0.000034
23.792198 0.000034
23.800950 0.000034
23.809702 0.000033
23.818455 0.000033
23.827207 0.000033
23.835959 0.000033
23.844711 0.000033
23.853463 0.000033
23.862216 0.000033
23.870968 0.000033
23.879720 0.000033
23.888472 0.000033
23.897224 0.000033
23.905976 0.000033
23.914729 0.000033
23.923481 0.000033
23.932233 0.000033
23.940985 0.000033
23.949737 0.000033
23.958490 0.000032
23.967242 0.000032
23.975994 0.000032
23.984746 0.000032
23.993498 0.000032
24.002251 0.000032
24.011003 0.000032
24.019755 0.000032
24.028507 0.000032
24.037259 0.000032
24.046012 0.000032
24.054764 0.000032
24.063516 0.000032
24.072268 0.000032
24.081020 0.000032
24.089772 0.000032
24.098525 0.000032
24.107277 0.000032
24.116029 0.000032
24.124781 0.000031
24.133533 0.000031
24.142286 0.000031
24.151038 0.000031
24.159790 0.000031
24.168542 0.000031
24.177294 0.000031
24.186047 0.000031
24.194799 0.000031
24.203551 0.000031
24.212303 0.000031
24.221055 0.000031
24.229807 0.000031
24.238560 0.000031
24.247312 0.000031
24.256064 0.000031
24.264816 0.000031
24.273568 0.000031
24.282321 0.000031
24.291073 0.000030
24.299825 0.000030
24.308577 0.000030
24.317329 0.000030
24.326082 0.000030
24.334834 0.000030
24.343586 0.000030
24.352338 0.000030
24.361090 0.000030
24.369842 0.000030
24.378595 0.000030
24.387347 0.000030
24.396099 0.000030
24.404851 0.000030
24.413603 0.000030
24.422356 0.000030
24.431108 0.000030
24.439860 0.000030
24.448612 0.000030
24.457364 0.000030
24.466117 0.000030
24.474869 0.000029
24.483621 0.000029
24.492373 0.000029
24.501125 0.000029
24.509877 0.000029
24.518630 0.000029
24.527382 0.000029
24.536134 0.000029
24.544886 0.000029
24.553638 0.000029
24.562391 0.000029
24.571143 0.000029
24.579895 0.000029
24.588647 0.000029
24.597399 0.000029
24.606152 0.000029
24.614904 0.000029
24.623656 0.000029
24.632408 0.000029
24.641160 0.000029
24.649912 0.000029
24.658665 0.000029
24.667417 0.000028
24.676169 0.000028
24.684921 0.000028
24.693673 0.000028
24.702426 0.000028
24.711178 0.000028
24.719930 0.000028
24.728682 0.000028
24.737434 0.000028
24.746187 0.000028
24.754939 0.000028
24.763691 0.000028
24.772443 0.000028
24.781195 0.000028
24.789947 0.000027
24.798700 0.000027
24.807452 0.000027
24.816204 0.000027
24.824956 0.000027
24.833708 0.000026
24.842461 0.000026
24.851213 0.000026
24.859965 0.000025
24.868717 0.000025
24.877469 0.000024
24.886222 0.000024
24.894974 0.000023
24.903726 0.000023
24.912478 0.000022
24.921230 0.000021
24.929982 0.000020
24.938735 0.000020
24.947487 0.000019
24.956239 0.000018
24.964991 0.000017
24.973743 0.000016
24.982496 0.000015
24.991248 0.000014

Sticks
-4.022256 0.007007
-3.995999 0.009660
-3.952238 0.012740
-3.864716 0.028524
-3.768442 0.015630
-2.525631 0.000019
-2.333083 0.001136
-2.131783 0.007368
-1.904226 0.005376
-1.790448 0.001095
-1.615404 0.000001
-1.422856 0.000338
-1.247812 0.000064
-0.547637 0.001469
-0.136284 0.000094
-0.013753 0.000007
2.725681 0.000001
2.751938 0.000002
2.786947 0.000019
2.848212 0.000011
2.900725 0.000002
3.163291 0.000088
3.172043 0.000229
3.180795 0.000087
3.233308 0.000146
3.399600 0.000565
13.438360 0.011301
13.534634 0.005542
14.514879 0.016009
15.390098 0.000704
15.468867 0.000598
16.064016 0.000139
16.247812 0.000012
16.702926 0.000168
20.011253 0.000003
20.072518 0.000000
20.431358 0.000074
20.457614 0.000050
20.553888 0.000242
