-10.000000 0.000078
-9.991248 0.000083
-9.982496 0.000088
-9.973743 0.000093
-9.964991 0.000098
-9.956239 0.000103
-9.947487 0.000108
-9.938735 0.000113
-9.929982 0.000117
-9.921230 0.000121
-9.912478 0.000125
-9.903726 0.000128
-9.894974 0.000132
-9.886222 0.000135
-9.877469 0.000137
-9.868717 0.000140
-9.859965 0.000142
-9.851213 0.000144
-9.842461 0.000146
-9.833708 0.000148
-9.824956 0.000149
-9.816204 0.000151
-9.807452 0.000152
-9.798700 0.000153
-9.789947 0.000154
-9.781195 0.000155
-9.772443 0.000156
-9.763691 0.000157
-9.754939 0.000157
-9.746187 0.000158
-9.737434 0.000159
-9.728682 0.000159
-9.719930 0.000160
-9.711178 0.000160
-9.702426 0.000161
-9.693673 0.000161
-9.684921 0.000162
-9.676169 0.000162
-9.667417 0.000163
-9.658665 0.000163
-9.649912 0.000164
-9.641160 0.000164
-9.632408 0.000165
-9.623656 0.000165
-9.614904 0.000166
-9.606152 0.000166
-9.597399 0.000167
-9.588647 0.000167
-9.579895 0.000168
-9.571143 0.000168
-9.562391 0.000169
-9.553638 0.000169
-9.544886 0.000170
-9.536134 0.000170
-9.527382 0.000171
-9.518630 0.000171
-9.509877 0.000172
-9.501125 0.000172
-9.492373 0.000173
-9.483621 0.000173
-9.474869 0.000174
-9.466117 0.000174
-9.457364 0.000175
-9.448612 0.000175
-9.439860 0.000176
-9.431108 0.000176
-9.422356 0.000177
-9.413603 0.000177
-9.404851 0.000178
-9.396099 0.000178
-9.387347 0.000179
-9.378595 0.000180
-9.369842 0.000180
-9.361090 0.000181
-9.352338 0.000181
-9.343586 0.000182
-9.334834 0.000182
-9.326082 0.000183
-9.317329 0.000183
-9.308577 0.000184
-9.299825 0.000185
-9.291073 0.000185
-9.282321 0.000186
-9.273568 0.000186
-9.264816 0.000187
-9.256064 0.000187
-9.247312 0.000188
-9.238560 0.000189
-9.229807 0.000189
-9.221055 0.000190
-9.212303 0.000190
-9.203551 0.000191
-9.194799 0.000192
-9.186047 0.000192
-9.177294 0.000193
-9.168542 0.000193
-9.159790 0.000194
-9.151038 0.000195
-9.142286 0.000195
-9.133533 0.000196
-9.124781 0.000196
-9.116029 0.000197
-9.107277 0.000198
-9.098525 0.000198
-9.089772 0.000199
-9.081020 0.000200
-9.072268 0.000200
-9.063516 0.000201
-9.054764 0.000202
-9.046012 0.000202
-9.037259 0.000203
-9.028507 0.000204
-9.019755 0.000204
-9.011003 0.000205
-9.002251 0.000206
-8.993498 0.000206
-8.984746 0.000207
-8.975994 0.000208
-8.967242 0.000208
-8.958490 0.000209
-8.949737 0.000210
-8.940985 0.000210
-8.932233 0.000211
-8.923481 0.000212
-8.914729 0.000212
-8.905976 0.000213
-8.897224 0.000214
-8.888472 0.000215
-8.879720 0.000215
-8.870968 0.000216
-8.862216 0.000217
-8.853463 0.000218
-8.844711 0.000218
-8.835959 0.000219
-8.827207 0.000220
-8.818455 0.000220
-8.809702 0.000221
-8.800950 0.000222
-8.792198 0.000223
-8.783446 0.000223
-8.774694 0.000224
-8.765941 0.000225
-8.757189 0.000226
-8.748437 0.000227
-8.739685 0.000227
-8.730933 0.000228
-8.722181 0.000229
-8.713428 0.000230
-8.704676 0.000231
-8.695924 0.000231
-8.687172 0.000232
-8.678420 0.000233
-8.669667 0.000234
-8.660915 0.000235
-8.652163 0.000235
-8.643411 0.000236
-8.634659 0.000237
-8.625906 0.000238
-8.617154 0.000239
-8.608402 0.000240
-8.599650 0.000240
-8.590898 0.000241
-8.582146 0.000242
-8.573393 0.000243
-8.564641 0.000244
-8.555889 0.000245
-8.547137 0.000246
-8.538385 0.000247
-8.529632 0.000247
-8.520880 0.000248
-8.512128 0.000249
-8.503376 0.000250
-8.494624 0.000251
-8.485871 0.000252
-8.477119 0.000253
-8.468367 0.000254
-8.459615 0.000255
-8.450863 0.000256
-8.442111 0.000257
-8.433358 0.000258
-8.424606 0.000259
-8.415854 0.000259
-8.407102 0.000260
-8.398350 0.000261
-8.389597 0.000262
-8.380845 0.000263
-8.372093 0.000264
-8.363341 0.000265
-8.354589 0.000266
-8.345836 0.000267
-8.337084 0.000268
-8.328332 0.000269
-8.319580 0.000270
-8.310828 0.000271
-8.302076 0.000272
-8.293323 0.000273
-8.284571 0.000275
-8.275819 0.000276
-8.267067 0.000277
-8.258315 0.000278
-8.249562 0.000279
-8.240810 0.000280
-8.232058 0.000281
-8.223306 0.000282
-8.214554 0.000283
-8.205801 0.000284
-8.197049 0.000285
-8.188297 0.000286
-8.179545 0.000288
-8.170793 0.000289
-8.162041 0.000290
-8.153288 0.000291
-8.144536 0.000292
-8.135784 0.000293
-8.127032 0.000294
-8.118280 0.000296
-8.109527 0.000297
-8.100775 0.000298
-8.092023 0.000299
-8.083271 0.000300
-8.074519 0.000301
-8.065766 0.000303
-8.057014 0.000304
-8.048262 0.000305
-8.039510 0.000306
-8.030758 0.000308
-8.022006 0.000309
-8.013253 0.000310
-8.004501 0.000311
-7.995749 0.000313
-7.986997 0.000314
-7.978245 0.000315
-7.969492 0.000317
-7.960740 0.000318
-7.951988 0.000319
-7.943236 0.000320
-7.934484 0.000322
-7.925731 0.000323
-7.916979 0.000324
-7.908227 0.000326
-7.899475 0.000327
-7.890723 0.000329
-7.881970 0.000330
-7.873218 0.000331
-7.864466 0.000333
-7.855714 0.000334
-7.846962 0.000336
-7.838210 0.000337
-7.829457 0.000338
-7.820705 0.000340
-7.811953 0.000341
-7.803201 0.000343
-7.794449 0.000344
-7.785696 0.000346
-7.776944 0.000347
-7.768192 0.000349
-7.759440 0.000350
-7.750688 0.000352
-7.741935 0.000353
-7.733183 0.000355
-7.724431 0.000356
-7.715679 0.000358
-7.706927 0.000360
-7.698175 0.000361
-7.689422 0.000363
-7.680670 0.000364
-7.671918 0.000366
-7.663166 0.000368
-7.654414 0.000369
-7.645661 0.000371
-7.636909 0.000373
-7.628157 0.000374
-7.619405 0.000376
-7.610653 0.000378
-7.601900 0.000379
-7.593148 0.000381
-7.584396 0.000383
-7.575644 0.000385
-7.566892 0.000386
-7.558140 0.000388
-7.549387 0.000390
-7.540635 0.000392
-7.531883 0.000393
-7.523131 0.000395
-7.514379 0.000397
-7.505626 0.000399
-7.496874 0.000401
-7.488122 0.000403
-7.479370 0.000405
-7.470618 0.000407
-7.461865 0.000408
-7.453113 0.000410
-7.444361 0.000412
-7.435609 0.000414
-7.426857 0.000416
-7.418105 0.000418
-7.409352 0.000420
-7.400600 0.000422
-7.391848 0.000424
-7.383096 0.000426
-7.374344 0.000428
-7.365591 0.000430
-7.356839 0.000433
-7.348087 0.000435
-7.339335 0.000437
-7.330583 0.000439
-7.321830 0.000441
-7.313078 0.000443
-7.304326 0.000445
-7.295574 0.000448
-7.286822 0.000450
-7.278070 0.000452
-7.269317 0.000454
-7.260565 0.000457
-7.251813 0.000459
-7.243061 0.000461
-7.234309 0.000463
-7.225556 0.000466
-7.216804 0.000468
-7.208052 0.000471
-7.199300 0.000473
-7.190548 0.000475
-7.181795 0.000478
-7.173043 0.000480
-7.164291 0.000483
-7.155539 0.000485
-7.146787 0.000488
-7.138035 0.000490
-7.129282 0.000493
-7.120530 0.000495
-7.111778 0.000498
-7.103026 0.000501
-7.094274 0.000503
-7.085521 0.000506
-7.076769 0.000509
-7.068017 0.000511
-7.059265 0.000514
-7.050513 0.000517
-7.041760 0.000519
-7.033008 0.000522
-7.024256 0.000525
-7.015504 0.000528
-7.006752 0.000531
-6.997999 0.000534
-6.989247 0.000537
-6.980495 0.000539
-6.971743 0.000542
-6.962991 0.000545
-6.954239 0.000548
-6.945486 0.000551
-6.936734 0.000555
-6.927982 0.000558
-6.919230 0.000561
-6.910478 0.000564
-6.901725 0.000567
-6.892973 0.000570
-6.884221 0.000573
-6.875469 0.000577
-6.866717 0.000580
-6.857964 0.000583
-6.849212 0.000587
-6.840460 0.000590
-6.831708 0.000593
-6.822956 0.000597
-6.814204 0.000600
-6.805451 0.000604
-6.796699 0.000607
-6.787947 0.000611
-6.779195 0.000614
-6.770443 0.000618
-6.761690 0.000621
-6.752938 0.000625
-6.744186 0.000629
-6.735434 0.000633
-6.726682 0.000636
-6.717929 0.000640
-6.709177 0.000644
-6.700425 0.000648
-6.691673 0.000652
-6.682921 0.000656
-6.674169 0.000660
-6.665416 0.000664
-6.656664 0.000668
-6.647912 0.000672
-6.639160 0.000676
-6.630408 0.000680
-6.621655 0.000684
-6.612903 0.000689
-6.604151 0.000693
-6.595399 0.000697
-6.586647 0.000702
-6.577894 0.000706
-6.569142 0.000710
-6.560390 0.000715
-6.551638 0.000720
-6.542886 0.000724
-6.534134 0.000729
-6.525381 0.000733
-6.516629 0.000738
-6.507877 0.000743
-6.499125 0.000748
-6.490373 0.000753
-6.481620 0.000758
-6.472868 0.000763
-6.464116 0.000768
-6.455364 0.000773
-6.446612 0.000778
-6.437859 0.000783
-6.429107 0.000788
-6.420355 0.000793
-6.411603 0.000799
-6.402851 0.000804
-6.394099 0.000810
-6.385346 0.000815
-6.376594 0.000821
-6.367842 0.000826
-6.359090 0.000832
-6.350338 0.000838
-6.341585 0.000843
-6.332833 0.000849
-6.324081 0.000855
-6.315329 0.000861
-6.306577 0.000867
-6.297824 0.000873
-6.289072 0.000879
-6.280320 0.000886
-6.271568 0.000892
-6.262816 0.000898
-6.254064 0.000905
-6.245311 0.000911
-6.236559 0.000918
-6.227807 0.000925
-6.219055 0.000931
-6.210303 0.000938
-6.201550 0.000945
-6.192798 0.000952
-6.184046 0.000959
-6.175294 0.000966
-6.166542 0.000973
-6.157789 0.000981
-6.149037 0.000988
-6.140285 0.000996
-6.131533 0.001003
-6.122781 0.001011
-6.114029 0.001018
-6.105276 0.001026
-6.096524 0.001034
-6.087772 0.001042
-6.079020 0.001050
-6.070268 0.001058
-6.061515 0.001067
-6.052763 0.001075
-6.044011 0.001084
-6.035259 0.001092
-6.026507 0.001101
-6.017754 0.001110
-6.009002 0.001119
-6.000250 0.001128
-5.991498 0.001137
-5.982746 0.001146
-5.973993 0.001155
-5.965241 0.001165
-5.956489 0.001174
-5.947737 0.001184
-5.938985 0.001194
-5.930233 0.001204
-5.921480 0.001214
-5.912728 0.001224
-5.903976 0.001235
-5.895224 0.001245
-5.886472 0.001256
-5.877719 0.001267
-5.868967 0.001277
-5.860215 0.001288
-5.851463 0.001300
-5.842711 0.001311
-5.833958 0.001323
-5.825206 0.001334
-5.816454 0.001346
-5.807702 0.001358
-5.798950 0.001370
-5.790198 0.001382
-5.781445 0.001395
-5.772693 0.001408
-5.763941 0.001420
-5.755189 0.001433
-5.746437 0.001447
-5.737684 0.001460
-5.728932 0.001473
-5.720180 0.001487
-5.711428 0.001501
-5.702676 0.001515
-5.693923 0.001530
-5.685171 0.001544
-5.676419 0.001559
-5.667667 0.001574
-5.658915 0.001589
-5.650163 0.001605
-5.641410 0.001620
-5.632658 0.001636
-5.623906 0.001652
-5.615154 0.001669
-5.606402 0.001685
-5.597649 0.001702
-5.588897 0.001719
-5.580145 0.001737
-5.571393 0.001755
-5.562641 0.001772
-5.553888 0.001791
-5.545136 0.001809
-5.536384 0.001828
-5.527632 0.001847
-5.518880 0.001867
-5.510128 0.001886
-5.501375 0.001906
-5.492623 0.001927
-5.483871 0.001948
-5.475119 0.001969
-5.466367 0.001990
-5.457614 0.002012
-5.448862 0.002034
-5.440110 0.002057
-5.431358 0.002079
-5.422606 0.002103
-5.413853 0.002126
-5.405101 0.002151
-5.396349 0.002175
-5.387597 0.002200
-5.378845 0.002225
-5.370093 0.002251
-5.361340 0.002278
-5.352588 0.002304
-5.343836 0.002332
-5.335084 0.002359
-5.326332 0.002388
-5.317579 0.002416
-5.308827 0.002446
-5.300075 0.002476
-5.291323 0.002506
-5.282571 0.002537
-5.273818 0.002569
-5.265066 0.002601
-5.256314 0.002634
-5.247562 0.002667
-5.238810 0.002701
-5.230058 0.002736
-5.221305 0.002771
-5.212553 0.002807
-5.203801 0.002844
-5.195049 0.002882
-5.186297 0.002920
-5.177544 0.002960
-5.168792 0.002999
-5.160040 0.003040
-5.151288 0.003082
-5.142536 0.003124
-5.133783 0.003168
-5.125031 0.003212
-5.116279 0.003258
-5.107527 0.003304
-5.098775 0.003351
-5.090023 0.003399
-5.081270 0.003449
-5.072518 0.003499
-5.063766 0.003551
-5.055014 0.003604
-5.046262 0.003658
-5.037509 0.003713
-5.028757 0.003770
-5.020005 0.003828
-5.011253 0.003887
-5.002501 0.003947
-4.993748 0.004010
-4.984996 0.004073
-4.976244 0.004138
-4.967492 0.004205
-4.958740 0.004273
-4.949987 0.004343
-4.941235 0.004415
-4.932483 0.004489
-4.923731 0.004564
-4.914979 0.004642
-4.906227 0.004721
-4.897474 0.004803
-4.888722 0.004887
-4.879970 0.004973
-4.871218 0.005061
-4.862466 0.005152
-4.853713 0.005245
-4.844961 0.005341
-4.836209 0.005439
-4.827457 0.005541
-4.818705 0.005645
-4.809952 0.005752
-4.801200 0.005862
-4.792448 0.005976
-4.783696 0.006093
-4.774944 0.006213
-4.766192 0.006337
-4.757439 0.006465
-4.748687 0.006597
-4.739935 0.006733
-4.731183 0.006873
-4.722431 0.007017
-4.713678 0.007167
-4.704926 0.007321
-4.696174 0.007480
-4.687422 0.007644
-4.678670 0.007814
-4.669917 0.007990
-4.661165 0.008172
-4.652413 0.008360
-4.643661 0.008554
-4.634909 0.008756
-4.626157 0.008964
-4.617404 0.009180
-4.608652 0.009405
-4.599900 0.009637
-4.591148 0.009878
-4.582396 0.010128
-4.573643 0.010388
-4.564891 0.010658
-4.556139 0.010938
-4.547387 0.011230
-4.538635 0.011533
-4.529882 0.011848
-4.521130 0.012176
-4.512378 0.012518
-4.503626 0.012874
-4.494874 0.013245
-4.486122 0.013632
-4.477369 0.014035
-4.468617 0.014455
-4.459865 0.014894
-4.451113 0.015353
-4.442361 0.015831
-4.433608 0.016331
-4.424856 0.016854
-4.416104 0.017400
-4.407352 0.017971
-4.398600 0.018568
-4.389847 0.019192
-4.381095 0.019845
-4.372343 0.020528
-4.363591 0.021242
-4.354839 0.021990
-4.346087 0.022771
-4.337334 0.023588
-4.328582 0.024443
-4.319830 0.025335
-4.311078 0.026268
-4.302326 0.027242
-4.293573 0.028258
-4.284821 0.029319
-4.276069 0.030423
-4.267317 0.031574
-4.258565 0.032771
-4.249812 0.034016
-4.241060 0.035308
-4.232308 0.036648
-4.223556 0.038035
-4.214804 0.039470
-4.206052 0.040952
-4.197299 0.042479
-4.188547 0.044051
-4.179795 0.045666
-4.171043 0.047321
-4.162291 0.049014
-4.153538 0.050742
-4.144786 0.052502
-4.136034 0.054290
-4.127282 0.056101
-4.118530 0.057931
-4.109777 0.059775
-4.101025 0.061626
-4.092273 0.063480
-4.083521 0.065330
-4.074769 0.067170
-4.066017 0.068992
-4.057264 0.070789
-4.048512 0.072555
-4.039760 0.074281
-4.031008 0.075960
-4.022256 0.077585
-4.013503 0.079149
-4.004751 0.080643
-3.995999 0.082061
-3.987247 0.083395
-3.978495 0.084640
-3.969742 0.085788
-3.960990 0.086834
-3.952238 0.087772
-3.943486 0.088597
-3.934734 0.089305
-3.925981 0.089892
-3.917229 0.090355
-3.908477 0.090690
-3.899725 0.090897
-3.890973 0.090974
-3.882221 0.090920
-3.873468 0.090737
-3.864716 0.090424
-3.855964 0.089984
-3.847212 0.089419
-3.838460 0.088731
-3.829707 0.087926
-3.820955 0.087007
-3.812203 0.085978
-3.803451 0.084847
-3.794699 0.083617
-3.785946 0.082296
-3.777194 0.080891
-3.768442 0.079408
-3.759690 0.077855
-3.750938 0.076239
-3.742186 0.074567
-3.733433 0.072848
-3.724681 0.071089
-3.715929 0.069297
-3.707177 0.067479
-3.698425 0.065644
-3.689672 0.063797
-3.680920 0.061946
-3.672168 0.060097
-3.663416 0.058256
-3.654664 0.056428
-3.645911 0.054619
-3.637159 0.052833
-3.628407 0.051075
-3.619655 0.049348
-3.610903 0.047657
-3.602151 0.046004
-3.593398 0.044391
-3.584646 0.042821
-3.575894 0.041296
-3.567142 0.039816
-3.558390 0.038384
-3.549637 0.036998
-3.540885 0.035661
-3.532133 0.034372
-3.523381 0.033131
-3.514629 0.031937
-3.505876 0.030789
-3.497124 0.029688
-3.488372 0.028631
-3.479620 0.027619
-3.470868 0.026649
-3.462116 0.025721
-3.453363 0.024832
-3.444611 0.023983
-3.435859 0.023171
-3.427107 0.022394
-3.418355 0.021653
-3.409602 0.020944
-3.400850 0.020267
-3.392098 0.019620
-3.383346 0.019002
-3.374594 0.018412
-3.365841 0.017848
-3.357089 0.017309
-3.348337 0.016794
-3.339585 0.016301
-3.330833 0.015831
-3.322081 0.015380
-3.313328 0.014950
-3.304576 0.014538
-3.295824 0.014143
-3.287072 0.013766
-3.278320 0.013404
-3.269567 0.013058
-3.260815 0.012726
-3.252063 0.012408
-3.243311 0.012103
-3.234559 0.011811
-3.225806 0.011531
-3.217054 0.011261
-3.208302 0.011003
-3.199550 0.010755
-3.190798 0.010517
-3.182046 0.010289
-3.173293 0.010069
-3.164541 0.009858
-3.155789 0.009656
-3.147037 0.009461
-3.138285 0.009274
-3.129532 0.009094
-3.120780 0.008921
-3.112028 0.008754
-3.103276 0.008594
-3.094524 0.008441
-3.085771 0.008293
-3.077019 0.008151
-3.068267 0.008014
-3.059515 0.007883
-3.050763 0.007757
-3.042011 0.007636
-3.033258 0.007520
-3.024506 0.007408
-3.015754 0.007301
-3.007002 0.007198
-2.998250 0.007100
-2.989497 0.007005
-2.980745 0.006915
-2.971993 0.006829
-2.963241 0.006746
-2.954489 0.006667
-2.945736 0.006592
-2.936984 0.006521
-2.928232 0.006453
-2.919480 0.006388
-2.910728 0.006327
-2.901975 0.006270
-2.893223 0.006215
-2.884471 0.006164
-2.875719 0.006116
-2.866967 0.006072
-2.858215 0.006030
-2.849462 0.005992
-2.840710 0.005957
-2.831958 0.005925
-2.823206 0.005897
-2.814454 0.005871
-2.805701 0.005849
-2.796949 0.005830
-2.788197 0.005815
-2.779445 0.005803
-2.770693 0.005794
-2.761940 0.005788
-2.753188 0.005786
-2.744436 0.005788
-2.735684 0.005793
-2.726932 0.005801
-2.718180 0.005814
-2.709427 0.005830
-2.700675 0.005850
-2.691923 0.005874
-2.683171 0.005903
-2.674419 0.005935
-2.665666 0.005972
-2.656914 0.006013
-2.648162 0.006059
-2.639410 0.006109
-2.630658 0.006165
-2.621905 0.006225
-2.613153 0.006291
-2.604401 0.006361
-2.595649 0.006438
-2.586897 0.006519
-2.578145 0.006607
-2.569392 0.006700
-2.560640 0.006799
-2.551888 0.006904
-2.543136 0.007016
-2.534384 0.007134
-2.525631 0.007259
-2.516879 0.007390
-2.508127 0.007528
-2.499375 0.007673
-2.490623 0.007824
-2.481870 0.007983
-2.473118 0.008149
-2.464366 0.008322
-2.455614 0.008501
-2.446862 0.008688
-2.438110 0.008882
-2.429357 0.009083
-2.420605 0.009291
-2.411853 0.009506
-2.403101 0.009727
-2.394349 0.009955
-2.385596 0.010189
-2.376844 0.010428
-2.368092 0.010673
-2.359340 0.010924
-2.350588 0.011179
-2.341835 0.011438
-2.333083 0.011701
-2.324331 0.011968
-2.315579 0.012236
-2.306827 0.012507
-2.298075 0.012778
-2.289322 0.013050
-2.280570 0.013321
-2.271818 0.013590
-2.263066 0.013857
-2.254314 0.014120
-2.245561 0.014379
-2.236809 0.014633
-2.228057 0.014881
-2.219305 0.015121
-2.210553 0.015353
-2.201800 0.015575
-2.193048 0.015788
-2.184296 0.015990
-2.175544 0.016181
-2.166792 0.016359
-2.158040 0.016525
-2.149287 0.016678
-2.140535 0.016817
-2.131783 0.016942
-2.123031 0.017053
-2.114279 0.017150
-2.105526 0.017233
-2.096774 0.017302
-2.088022 0.017357
-2.079270 0.017398
-2.070518 0.017425
-2.061765 0.017439
-2.053013 0.017440
-2.044261 0.017429
-2.035509 0.017405
-2.026757 0.017368
-2.018005 0.017320
-2.009252 0.017260
-2.000500 0.017189
-1.991748 0.017107
-1.982996 0.017014
-1.974244 0.016910
-1.965491 0.016796
-1.956739 0.016671
-1.947987 0.016536
-1.939235 0.016391
-1.930483 0.016235
-1.921730 0.016069
-1.912978 0.015894
-1.904226 0.015708
-1.895474 0.015513
-1.886722 0.015308
-1.877969 0.015094
-1.869217 0.014872
-1.860465 0.014641
-1.851713 0.014401
-1.842961 0.014154
-1.834209 0.013901
-1.825456 0.013640
-1.816704 0.013374
-1.807952 0.013103
-1.799200 0.012827
-1.790448 0.012547
-1.781695 0.012265
-1.772943 0.011981
-1.764191 0.011695
-1.755439 0.011409
-1.746687 0.011123
-1.737934 0.010839
-1.729182 0.010556
-1.720430 0.010276
-1.711678 0.009999
-1.702926 0.009725
-1.694174 0.009457
-1.685421 0.009193
-1.676669 0.008935
-1.667917 0.008682
-1.659165 0.008436
-1.650413 0.008196
-1.641660 0.007964
-1.632908 0.007738
-1.624156 0.007519
-1.615404 0.007308
-1.606652 0.007104
-1.597899 0.006907
-1.589147 0.006717
-1.580395 0.006535
-1.571643 0.006359
-1.562891 0.006191
-1.554139 0.006029
-1.545386 0.005873
-1.536634 0.005724
-1.527882 0.005582
-1.519130 0.005444
-1.510378 0.005313
-1.501625 0.005187
-1.492873 0.005066
-1.484121 0.004949
-1.475369 0.004838
-1.466617 0.004730
-1.457864 0.004627
-1.449112 0.004527
-1.440360 0.004431
-1.431608 0.004339
-1.422856 0.004249
-1.414104 0.004163
-1.405351 0.004079
-1.396599 0.003998
-1.387847 0.003920
-1.379095 0.003844
-1.370343 0.003770
-1.361590 0.003698
-1.352838 0.003628
-1.344086 0.003560
-1.335334 0.003494
-1.326582 0.003430
-1.317829 0.003368
-1.309077 0.003307
-1.300325 0.003248
-1.291573 0.003190
-1.282821 0.003134
-1.274069 0.003079
-1.265316 0.003026
-1.256564 0.002975
-1.247812 0.002924
-1.239060 0.002876
-1.230308 0.002829
-1.221555 0.002783
-1.212803 0.002738
-1.204051 0.002695
-1.195299 0.002654
-1.186547 0.002614
-1.177794 0.002575
-1.169042 0.002537
-1.160290 0.002501
-1.151538 0.002466
-1.142786 0.002433
-1.134034 0.002401
-1.125281 0.002370
-1.116529 0.002341
-1.107777 0.002313
-1.099025 0.002286
-1.090273 0.002261
-1.081520 0.002237
-1.072768 0.002214
-1.064016 0.002193
-1.055264 0.002173
-1.046512 0.002154
-1.037759 0.002136
-1.029007 0.002120
-1.020255 0.002105
-1.011503 0.002092
-1.002751 0.002080
-0.993998 0.002069
-0.985246 0.002060
-0.976494 0.002052
-0.967742 0.002045
-0.958990 0.002040
-0.950238 0.002036
-0.941485 0.002034
-0.932733 0.002033
-0.923981 0.002034
-0.915229 0.002036
-0.906477 0.002040
-0.897724 0.002045
-0.888972 0.002052
-0.880220 0.002061
-0.871468 0.002071
-0.862716 0.002082
-0.853963 0.002096
-0.845211 0.002111
-0.836459 0.002128
-0.827707 0.002146
-0.818955 0.002166
-0.810203 0.002187
-0.801450 0.002210
-0.792698 0.002235
-0.783946 0.002261
-0.775194 0.002288
-0.766442 0.002316
-0.757689 0.002346
-0.748937 0.002377
-0.740185 0.002408
-0.731433 0.002441
-0.722681 0.002474
-0.713928 0.002507
-0.705176 0.002540
-0.696424 0.002574
-0.687672 0.002607
-0.678920 0.002640
-0.670168 0.002672
-0.661415 0.002703
-0.652663 0.002732
-0.643911 0.002760
-0.635159 0.002786
-0.626407 0.002811
-0.617654 0.002833
-0.608902 0.002852
-0.600150 0.002868
-0.591398 0.002882
-0.582646 0.002893
-0.573893 0.002900
-0.565141 0.002904
-0.556389 0.002904
-0.547637 0.002900
-0.538885 0.002894
-0.530133 0.002883
-0.521380 0.002869
-0.512628 0.002851
-0.503876 0.002830
-0.495124 0.002806
-0.486372 0.002779
-0.477619 0.002748
-0.468867 0.002715
-0.460115 0.002679
-0.451363 0.002641
-0.442611 0.002601
-0.433858 0.002559
-0.425106 0.002516
-0.416354 0.002471
-0.407602 0.002425
-0.398850 0.002378
-0.390098 0.002331
-0.381345 0.002283
-0.372593 0.002235
-0.363841 0.002188
-0.355089 0.002140
-0.346337 0.002093
-0.337584 0.002047
-0.328832 0.002001
-0.320080 0.001957
-0.311328 0.001913
-0.302576 0.001870
-0.293823 0.001829
-0.285071 0.001788
-0.276319 0.001749
-0.267567 0.001711
-0.258815 0.001674
-0.250063 0.001638
-0.241310 0.001604
-0.232558 0.001571
-0.223806 0.001539
-0.215054 0.001508
-0.206302 0.001478
-0.197549 0.001449
-0.188797 0.001421
-0.180045 0.001395
-0.171293 0.001369
-0.162541 0.001344
-0.153788 0.001319
-0.145036 0.001296
-0.136284 0.001273
-0.127532 0.001251
-0.118780 0.001229
-0.110028 0.001208
-0.101275 0.001188
-0.092523 0.001168
-0.083771 0.001149
-0.075019 0.001130
-0.066267 0.001111
-0.057514 0.001093
-0.048762 0.001076
-0.040010 0.001059
-0.031258 0.001042
-0.022506 0.001025
-0.013753 0.001009
-0.005001 0.000993
0.003751 0.000978
0.012503 0.000963
0.021255 0.000948
0.030008 0.000934
0.038760 0.000920
0.047512 0.000906
0.056264 0.000893
0.065016 0.000880
0.073768 0.000867
0.082521 0.000854
0.091273 0.000842
0.100025 0.000831
0.108777 0.000819
0.117529 0.000808
0.126282 0.000797
0.135034 0.000786
0.143786 0.000776
0.152538 0.000766
0.161290 0.000756
0.170043 0.000747
0.178795 0.000738
0.187547 0.000729
0.196299 0.000720
0.205051 0.000711
0.213803 0.000703
0.222556 0.000695
0.231308 0.000687
0.240060 0.000680
0.248812 0.000672
0.257564 0.000665
0.266317 0.000658
0.275069 0.000651
0.283821 0.000645
0.292573 0.000638
0.301325 0.000632
0.310078 0.000626
0.318830 0.000620
0.327582 0.000614
0.336334 0.000608
0.345086 0.000603
0.353838 0.000597
0.362591 0.000592
0.371343 0.000586
0.380095 0.000581
0.388847 0.000576
0.397599 0.000572
0.406352 0.000567
0.415104 0.000562
0.423856 0.000557
0.432608 0.000553
0.441360 0.000549
0.450113 0.000544
0.458865 0.000540
0.467617 0.000536
0.476369 0.000532
0.485121 0.000528
0.493873 0.000524
0.502626 0.000520
0.511378 0.000516
0.520130 0.000513
0.528882 0.000509
0.537634 0.000505
0.546387 0.000502
0.555139 0.000498
0.563891 0.000495
0.572643 0.000492
0.581395 0.000488
0.590148 0.000485
0.598900 0.000482
0.607652 0.000479
0.616404 0.000476
0.625156 0.000473
0.633908 0.000470
0.642661 0.000467
0.651413 0.000464
0.660165 0.000461
0.668917 0.000458
0.677669 0.000455
0.686422 0.000453
0.695174 0.000450
0.703926 0.000447
0.712678 0.000445
0.721430 0.000442
0.730183 0.000440
0.738935 0.000437
0.747687 0.000435
0.756439 0.000432
0.765191 0.000430
0.773943 0.000427
0.782696 0.000425
0.791448 0.000423
0.800200 0.000420
0.808952 0.000418
0.817704 0.000416
0.826457 0.000414
0.835209 0.000411
0.843961 0.000409
0.852713 0.000407
0.861465 0.000405
0.870218 0.000403
0.878970 0.000401
0.887722 0.000399
0.896474 0.000397
0.905226 0.000395
0.913978 0.000393
0.922731 0.000391
0.931483 0.000389
0.940235 0.000387
0.948987 0.000386
0.957739 0.000384
0.966492 0.000382
0.975244 0.000380
0.983996 0.000378
0.992748 0.000377
1.001500 0.000375
1.010253 0.000373
1.019005 0.000371
1.027757 0.000370
1.036509 0.000368
1.045261 0.000366
1.054014 0.000365
1.062766 0.000363
1.071518 0.000362
1.080270 0.000360
1.089022 0.000359
1.097774 0.000357
1.106527 0.000356
1.115279 0.000354
1.124031 0.000353
1.132783 0.000351
1.141535 0.000350
1.150288 0.000348
1.159040 0.000347
1.167792 0.000345
1.176544 0.000344
1.185296 0.000343
1.194049 0.000341
1.202801 0.000340
1.211553 0.000339
1.220305 0.000337
1.229057 0.000336
1.237809 0.000335
1.246562 0.000334
1.255314 0.000332
1.264066 0.000331
1.272818 0.000330
1.281570 0.000329
1.290323 0.000327
1.299075 0.000326
1.307827 0.000325
1.316579 0.000324
1.325331 0.000323
1.334084 0.000322
1.342836 0.000321
1.351588 0.000319
1.360340 0.000318
1.369092 0.000317
1.377844 0.000316
1.386597 0.000315
1.395349 0.000314
1.404101 0.000313
1.412853 0.000312
1.421605 0.000311
1.430358 0.000310
1.439110 0.000309
1.447862 0.000308
1.456614 0.000307
1.465366 0.000306
1.474119 0.000305
1.482871 0.000305
1.491623 0.000304
1.500375 0.000303
1.509127 0.000302
1.517879 0.000301
1.526632 0.000300
1.535384 0.000299
1.544136 0.000298
1.552888 0.000298
1.561640 0.000297
1.570393 0.000296
1.579145 0.000295
1.587897 0.000295
1.596649 0.000294
1.605401 0.000293
1.614154 0.000292
1.622906 0.000292
1.631658 0.000291
1.640410 0.000290
1.649162 0.000289
1.657914 0.000289
1.666667 0.000288
1.675419 0.000287
1.684171 0.000287
1.692923 0.000286
1.701675 0.000286
1.710428 0.000285
1.719180 0.000284
1.727932 0.000284
1.736684 0.000283
1.745436 0.000283
1.754189 0.000282
1.762941 0.000282
1.771693 0.000281
1.780445 0.000281
1.789197 0.000280
1.797949 0.000280
1.806702 0.000279
1.815454 0.000279
1.824206 0.000278
1.832958 0.000278
1.841710 0.000278
1.850463 0.000277
1.859215 0.000277
1.867967 0.000276
1.876719 0.000276
1.885471 0.000276
1.894224 0.000276
1.902976 0.000275
1.911728 0.000275
1.920480 0.000275
1.929232 0.000274
1.937984 0.000274
1.946737 0.000274
1.955489 0.000274
1.964241 0.000274
1.972993 0.000273
1.981745 0.000273
1.990498 0.000273
1.999250 0.000273
2.008002 0.000273
2.016754 0.000273
2.025506 0.000273
2.034259 0.000273
2.043011 0.000273
2.051763 0.000273
2.060515 0.000273
2.069267 0.000273
2.078020 0.000273
2.086772 0.000273
2.095524 0.000273
2.104276 0.000273
2.113028 0.000274
2.121780 0.000274
2.130533 0.000274
2.139285 0.000274
2.148037 0.000275
2.156789 0.000275
2.165541 0.000275
2.174294 0.000276
2.183046 0.000276
2.191798 0.000276
2.200550 0.000277
2.209302 0.000277
2.218055 0.000278
2.226807 0.000279
2.235559 0.000279
2.244311 0.000280
2.253063 0.000280
2.261815 0.000281
2.270568 0.000282
2.279320 0.000283
2.288072 0.000284
2.296824 0.000285
2.305576 0.000286
2.314329 0.000287
2.323081 0.000288
2.331833 0.000289
2.340585 0.000290
2.349337 0.000291
2.358090 0.000293
2.366842 0.000294
2.375594 0.000295
2.384346 0.000297
2.393098 0.000299
2.401850 0.000300
2.410603 0.000302
2.419355 0.000304
2.428107 0.000306
2.436859 0.000308
2.445611 0.000310
2.454364 0.000312
2.463116 0.000314
2.471868 0.000317
2.480620 0.000319
2.489372 0.000322
2.498125 0.000325
2.506877 0.000327
2.515629 0.000330
2.524381 0.000333
2.533133 0.000337
2.541885 0.000340
2.550638 0.000344
2.559390 0.000347
2.568142 0.000351
2.576894 0.000355
2.585646 0.000359
2.594399 0.000363
2.603151 0.000368
2.611903 0.000372
2.620655 0.000377
2.629407 0.000382
2.638160 0.000387
2.646912 0.000393
2.655664 0.000398
2.664416 0.000404
2.673168 0.000410
2.681920 0.000416
2.690673 0.000422
2.699425 0.000429
2.708177 0.000435
2.716929 0.000442
2.725681 0.000450
2.734434 0.000457
2.743186 0.000465
2.751938 0.000473
2.760690 0.000482
2.769442 0.000490
2.778195 0.000499
2.786947 0.000509
2.795699 0.000518
2.804451 0.000528
2.813203 0.000539
2.821955 0.000550
2.830708 0.000561
2.839460 0.000573
2.848212 0.000585
2.856964 0.000598
2.865716 0.000611
2.874469 0.000625
2.883221 0.000639
2.891973 0.000654
2.900725 0.000670
2.909477 0.000686
2.918230 0.000703
2.926982 0.000720
2.935734 0.000738
2.944486 0.000757
2.953238 0.000776
2.961990 0.000796
2.970743 0.000817
2.979495 0.000838
2.988247 0.000859
2.996999 0.000881
3.005751 0.000904
3.014504 0.000927
3.023256 0.000950
3.032008 0.000974
3.040760 0.000998
3.049512 0.001022
3.058265 0.001046
3.067017 0.001071
3.075769 0.001095
3.084521 0.001119
3.093273 0.001143
3.102026 0.001166
3.110778 0.001190
3.119530 0.001212
3.128282 0.001235
3.137034 0.001256
3.145786 0.001277
3.154539 0.001297
3.163291 0.001316
3.172043 0.001335
3.180795 0.001352
3.189547 0.001368
3.198300 0.001383
3.207052 0.001397
3.215804 0.001410
3.224556 0.001421
3.233308 0.001432
3.242061 0.001440
3.250813 0.001448
3.259565 0.001454
3.268317 0.001459
3.277069 0.001462
3.285821 0.001464
3.294574 0.001465
3.303326 0.001464
3.312078 0.001461
3.320830 0.001458
3.329582 0.001452
3.338335 0.001445
3.347087 0.001437
3.355839 0.001427
3.364591 0.001416
3.373343 0.001404
3.382096 0.001390
3.390848 0.001375
3.399600 0.001359
3.408352 0.001341
3.417104 0.001322
3.425856 0.001302
3.434609 0.001281
3.443361 0.001259
3.452113 0.001237
3.460865 0.001213
3.469617 0.001189
3.478370 0.001164
3.487122 0.001138
3.495874 0.001113
3.504626 0.001087
3.513378 0.001060
3.522131 0.001034
3.530883 0.001007
3.539635 0.000981
3.548387 0.000954
3.557139 0.000928
3.565891 0.000902
3.574644 0.000877
3.583396 0.000851
3.592148 0.000827
3.600900 0.000803
3.609652 0.000779
3.618405 0.000756
3.627157 0.000734
3.635909 0.000712
3.644661 0.000691
3.653413 0.000670
3.662166 0.000651
3.670918 0.000632
3.679670 0.000613
3.688422 0.000596
3.697174 0.000579
3.705926 0.000562
3.714679 0.000547
3.723431 0.000532
3.732183 0.000517
3.740935 0.000504
3.749687 0.000490
3.758440 0.000478
3.767192 0.000466
3.775944 0.000454
3.784696 0.000443
3.793448 0.000433
3.802201 0.000422
3.810953 0.000413
3.819705 0.000403
3.828457 0.000394
3.837209 0.000386
3.845961 0.000378
3.854714 0.000370
3.863466 0.000363
3.872218 0.000355
3.880970 0.000349
3.889722 0.000342
3.898475 0.000336
3.907227 0.000330
3.915979 0.000324
3.924731 0.000318
3.933483 0.000313
3.942236 0.000308
3.950988 0.000303
3.959740 0.000298
3.968492 0.000293
3.977244 0.000289
3.985996 0.000284
3.994749 0.000280
4.003501 0.000276
4.012253 0.000272
4.021005 0.000269
4.029757 0.000265
4.038510 0.000262
4.047262 0.000258
4.056014 0.000255
4.064766 0.000252
4.073518 0.000249
4.082271 0.000246
4.091023 0.000243
4.099775 0.000240
4.108527 0.000238
4.117279 0.000235
4.126032 0.000232
4.134784 0.000230
4.143536 0.000228
4.152288 0.000225
4.161040 0.000223
4.169792 0.000221
4.178545 0.000219
4.187297 0.000217
4.196049 0.000215
4.204801 0.000213
4.213553 0.000211
4.222306 0.000209
4.231058 0.000207
4.239810 0.000205
4.248562 0.000204
4.257314 0.000202
4.266067 0.000200
4.274819 0.000199
4.283571 0.000197
4.292323 0.000196
4.301075 0.000194
4.309827 0.000193
4.318580 0.000191
4.327332 0.000190
4.336084 0.000189
4.344836 0.000187
4.353588 0.000186
4.362341 0.000185
4.371093 0.000184
4.379845 0.000182
4.388597 0.000181
4.397349 0.000180
4.406102 0.000179
4.414854 0.000178
4.423606 0.000177
4.432358 0.000176
4.441110 0.000175
4.449862 0.000174
4.458615 0.000173
4.467367 0.000172
4.476119 0.000171
4.484871 0.000170
4.493623 0.000169
4.502376 0.000168
4.511128 0.000167
4.519880 0.000166
4.528632 0.000165
4.537384 0.000164
4.546137 0.000164
4.554889 0.000163
4.563641 0.000162
4.572393 0.000161
4.581145 0.000160
4.589897 0.000160
4.598650 0.000159
4.607402 0.000158
4.616154 0.000157
4.624906 0.000157
4.633658 0.000156
4.642411 0.000155
4.651163 0.000155
4.659915 0.000154
4.668667 0.000153
4.677419 0.000153
4.686172 0.000152
4.694924 0.000151
4.703676 0.000151
4.712428 0.000150
4.721180 0.000150
4.729932 0.000149
4.738685 0.000149
4.747437 0.000148
4.756189 0.000147
4.764941 0.000147
4.773693 0.000146
4.782446 0.000146
4.791198 0.000145
4.799950 0.000145
4.808702 0.000144
4.817454 0.000144
4.826207 0.000143
4.834959 0.000143
4.843711 0.000142
4.852463 0.000142
4.861215 0.000141
4.869967 0.000141
4.878720 0.000140
4.887472 0.000140
4.896224 0.000139
4.904976 0.000139
4.913728 0.000139
4.922481 0.000138
4.931233 0.000138
4.939985 0.000137
4.948737 0.000137
4.957489 0.000136
4.966242 0.000136
4.974994 0.000136
4.983746 0.000135
4.992498 0.000135
5.001250 0.000135
5.010003 0.000134
5.018755 0.000134
5.027507 0.000133
5.036259 0.000133
5.045011 0.000133
5.053763 0.000132
5.062516 0.000132
5.071268 0.000132
5.080020 0.000131
5.088772 0.000131
5.097524 0.000131
5.106277 0.000130
5.115029 0.000130
5.123781 0.000130
5.132533 0.000129
5.141285 0.000129
5.150038 0.000129
5.158790 0.000128
5.167542 0.000128
5.176294 0.000128
5.185046 0.000127
5.193798 0.000127
5.202551 0.000127
5.211303 0.000127
5.220055 0.000126
5.228807 0.000126
5.237559 0.000126
5.246312 0.000125
5.255064 0.000125
5.263816 0.000125
5.272568 0.000125
5.281320 0.000124
5.290073 0.000124
5.298825 0.000124
5.307577 0.000124
5.316329 0.000123
5.325081 0.000123
5.333833 0.000123
5.342586 0.000123
5.351338 0.000122
5.360090 0.000122
5.368842 0.000122
5.377594 0.000122
5.386347 0.000121
5.395099 0.000121
5.403851 0.000121
5.412603 0.000121
5.421355 0.000121
5.430108 0.000120
5.438860 0.000120
5.447612 0.000120
5.456364 0.000120
5.465116 0.000119
5.473868 0.000119
5.482621 0.000119
5.491373 0.000119
5.500125 0.000119
5.508877 0.000118
5.517629 0.000118
5.526382 0.000118
5.535134 0.000118
5.543886 0.000118
5.552638 0.000117
5.561390 0.000117
5.570143 0.000117
5.578895 0.000117
5.587647 0.000117
5.596399 0.000117
5.605151 0.000116
5.613903 0.000116
5.622656 0.000116
5.631408 0.000116
5.640160 0.000116
5.648912 0.000115
5.657664 0.000115
5.666417 0.000115
5.675169 0.000115
5.683921 0.000115
5.692673 0.000115
5.701425 0.000114
5.710178 0.000114
5.718930 0.000114
5.727682 0.000114
5.736434 0.000114
5.745186 0.000114
5.753938 0.000114
5.762691 0.000113
5.771443 0.000113
5.780195 0.000113
5.788947 0.000113
5.797699 0.000113
5.806452 0.000113
5.815204 0.000113
5.823956 0.000112
5.832708 0.000112
5.841460 0.000112
5.850213 0.000112
5.858965 0.000112
5.867717 0.000112
5.876469 0.000112
5.885221 0.000111
5.893973 0.000111
5.902726 0.000111
5.911478 0.000111
5.920230 0.000111
5.928982 0.000111
5.937734 0.000111
5.946487 0.000111
5.955239 0.000110
5.963991 0.000110
5.972743 0.000110
5.981495 0.000110
5.990248 0.000110
5.999000 0.000110
6.007752 0.000110
6.016504 0.000110
6.025256 0.000110
6.034009 0.000109
6.042761 0.000109
6.051513 0.000109
6.060265 0.000109
6.069017 0.000109
6.077769 0.000109
6.086522 0.000109
6.095274 0.000109
6.104026 0.000109
6.112778 0.000109
6.121530 0.000108
6.130283 0.000108
6.139035 0.000108
6.147787 0.000108
6.156539 0.000108
6.165291 0.000108
6.174044 0.000108
6.182796 0.000108
6.191548 0.000108
6.200300 0.000108
6.209052 0.000108
6.217804 0.000107
6.226557 0.000107
6.235309 0.000107
6.244061 0.000107
6.252813 0.000107
6.261565 0.000107
6.270318 0.000107
6.279070 0.000107
6.287822 0.000107
6.296574 0.000107
6.305326 0.000107
6.314079 0.000107
6.322831 0.000107
6.331583 0.000106
6.340335 0.000106
6.349087 0.000106
6.357839 0.000106
6.366592 0.000106
6.375344 0.000106
6.384096 0.000106
6.392848 0.000106
6.401600 0.000106
6.410353 0.000106
6.419105 0.000106
6.427857 0.000106
6.436609 0.000106
6.445361 0.000106
6.454114 0.000106
6.462866 0.000106
6.471618 0.000105
6.480370 0.000105
6.489122 0.000105
6.497874 0.000105
6.506627 0.000105
6.515379 0.000105
6.524131 0.000105
6.532883 0.000105
6.541635 0.000105
6.550388 0.000105
6.559140 0.000105
6.567892 0.000105
6.576644 0.000105
6.585396 0.000105
6.594149 0.000105
6.602901 0.000105
6.611653 0.000105
6.620405 0.000105
6.629157 0.000105
6.637909 0.000105
6.646662 0.000105
6.655414 0.000105
6.664166 0.000104
6.672918 0.000104
6.681670 0.000104
6.690423 0.000104
6.699175 0.000104
6.707927 0.000104
6.716679 0.000104
6.725431 0.000104
6.734184 0.000104
6.742936 0.000104
6.751688 0.000104
6.760440 0.000104
6.769192 0.000104
6.777944 0.000104
6.786697 0.000104
6.795449 0.000104
6.804201 0.000104
6.812953 0.000104
6.821705 0.000104
6.830458 0.000104
6.839210 0.000104
6.847962 0.000104
6.856714 0.000104
6.865466 0.000104
6.874219 0.000104
6.882971 0.000104
6.891723 0.000104
6.900475 0.000104
6.909227 0.000104
6.917979 0.000104
6.926732 0.000104
6.935484 0.000104
6.944236 0.000104
6.952988 0.000104
6.961740 0.000104
6.970493 0.000104
6.979245 0.000104
6.987997 0.000104
6.996749 0.000104
7.005501 0.000104
7.014254 0.000104
7.023006 0.000104
7.031758 0.000104
7.040510 0.000104
7.049262 0.000104
7.058015 0.000104
7.066767 0.000104
7.075519 0.000104
7.084271 0.000104
7.093023 0.000104
7.101775 0.000104
7.110528 0.000104
7.119280 0.000104
7.128032 0.000104
7.136784 0.000104
7.145536 0.000104
7.154289 0.000104
7.163041 0.000104
7.171793 0.000104
7.180545 0.000104
7.189297 0.000104
7.198050 0.000104
7.206802 0.000104
7.215554 0.000104
7.224306 0.000104
7.233058 0.000104
7.241810 0.000104
7.250563 0.000104
7.259315 0.000104
7.268067 0.000104
7.276819 0.000104
7.285571 0.000104
7.294324 0.000104
7.303076 0.000104
7.311828 0.000104
7.320580 0.000104
7.329332 0.000104
7.338085 0.000104
7.346837 0.000104
7.355589 0.000104
7.364341 0.000104
7.373093 0.000105
7.381845 0.000105
7.390598 0.000105
7.399350 0.000105
7.408102 0.000105
7.416854 0.000105
7.425606 0.000105
7.434359 0.000105
7.443111 0.000105
7.451863 0.000105
7.460615 0.000105
7.469367 0.000105
7.478120 0.000105
7.486872 0.000105
7.495624 0.000105
7.504376 0.000105
7.513128 0.000105
7.521880 0.000105
7.530633 0.000105
7.539385 0.000105
7.548137 0.000105
7.556889 0.000105
7.565641 0.000105
7.574394 0.000106
7.583146 0.000106
7.591898 0.000106
7.600650 0.000106
7.609402 0.000106
7.618155 0.000106
7.626907 0.000106
7.635659 0.000106
7.644411 0.000106
7.653163 0.000106
7.661915 0.000106
7.670668 0.000106
7.679420 0.000106
7.688172 0.000106
7.696924 0.000106
7.705676 0.000106
7.714429 0.000107
7.723181 0.000107
7.731933 0.000107
7.740685 0.000107
7.749437 0.000107
7.758190 0.000107
7.766942 0.000107
7.775694 0.000107
7.784446 0.000107
7.793198 0.000107
7.801950 0.000107
7.810703 0.000107
7.819455 0.000107
7.828207 0.000108
7.836959 0.000108
7.845711 0.000108
7.854464 0.000108
7.863216 0.000108
7.871968 0.000108
7.880720 0.000108
7.889472 0.000108
7.898225 0.000108
7.906977 0.000108
7.915729 0.000108
7.924481 0.000109
7.933233 0.000109
7.941985 0.000109
7.950738 0.000109
7.959490 0.000109
7.968242 0.000109
7.976994 0.000109
7.985746 0.000109
7.994499 0.000109
8.003251 0.000109
8.012003 0.000110
8.020755 0.000110
8.029507 0.000110
8.038260 0.000110
8.047012 0.000110
8.055764 0.000110
8.064516 0.000110
8.073268 0.000110
8.082021 0.000110
8.090773 0.000111
8.099525 0.000111
8.108277 0.000111
8.117029 0.000111
8.125781 0.000111
8.134534 0.000111
8.143286 0.000111
8.152038 0.000111
8.160790 0.000111
8.169542 0.000112
8.178295 0.000112
8.187047 0.000112
8.195799 0.000112
8.204551 0.000112
8.213303 0.000112
8.222056 0.000112
8.230808 0.000112
8.239560 0.000113
8.248312 0.000113
8.257064 0.000113
8.265816 0.000113
8.274569 0.000113
8.283321 0.000113
8.292073 0.000113
8.300825 0.000114
8.309577 0.000114
8.318330 0.000114
8.327082 0.000114
8.335834 0.000114
8.344586 0.000114
8.353338 0.000114
8.362091 0.000115
8.370843 0.000115
8.379595 0.000115
8.388347 0.000115
8.397099 0.000115
8.405851 0.000115
8.414604 0.000116
8.423356 0.000116
8.432108 0.000116
8.440860 0.000116
8.449612 0.000116
8.458365 0.000116
8.467117 0.000116
8.475869 0.000117
8.484621 0.000117
8.493373 0.000117
8.502126 0.000117
8.510878 0.000117
8.519630 0.000118
8.528382 0.000118
8.537134 0.000118
8.545886 0.000118
8.554639 0.000118
8.563391 0.000118
8.572143 0.000119
8.580895 0.000119
8.589647 0.000119
8.598400 0.000119
8.607152 0.000119
8.615904 0.000120
8.624656 0.000120
8.633408 0.000120
8.642161 0.000120
8.650913 0.000120
8.659665 0.000120
8.668417 0.000121
8.677169 0.000121
8.685921 0.000121
8.694674 0.000121
8.703426 0.000121
8.712178 0.000122
8.720930 0.000122
8.729682 0.000122
8.738435 0.000122
8.747187 0.000123
8.755939 0.000123
8.764691 0.000123
8.773443 0.000123
8.782196 0.000123
8.790948 0.000124
8.799700 0.000124
8.808452 0.000124
8.817204 0.000124
8.825956 0.000125
8.834709 0.000125
8.843461 0.000125
8.852213 0.000125
8.860965 0.000125
8.869717 0.000126
8.878470 0.000126
8.887222 0.000126
8.895974 0.000126
8.904726 0.000127
8.913478 0.000127
8.922231 0.000127
8.930983 0.000127
8.939735 0.000128
8.948487 0.000128
8.957239 0.000128
8.965991 0.000128
8.974744 0.000129
8.983496 0.000129
8.992248 0.000129
9.001000 0.000129
9.009752 0.000130
9.018505 0.000130
9.027257 0.000130
9.036009 0.000131
9.044761 0.000131
9.053513 0.000131
9.062266 0.000131
9.071018 0.000132
9.079770 0.000132
9.088522 0.000132
9.097274 0.000132
9.106027 0.000133
9.114779 0.000133
9.123531 0.000133
9.132283 0.000134
9.141035 0.000134
9.149787 0.000134
9.158540 0.000135
9.167292 0.000135
9.176044 0.000135
9.184796 0.000135
9.193548 0.000136
9.202301 0.000136
9.211053 0.000136
9.219805 0.000137
9.228557 0.000137
9.237309 0.000137
9.246062 0.000138
9.254814 0.000138
9.263566 0.000138
9.272318 0.000139
9.281070 0.000139
9.289822 0.000139
9.298575 0.000140
9.307327 0.000140
9.316079 0.000140
9.324831 0.000141
9.333583 0.000141
9.342336 0.000141
9.351088 0.000142
9.359840 0.000142
9.368592 0.000142
9.377344 0.000143
9.386097 0.000143
9.394849 0.000143
9.403601 0.000144
9.412353 0.000144
9.421105 0.000145
9.429857 0.000145
9.438610 0.000145
9.447362 0.000146
9.456114 0.000146
9.464866 0.000146
9.473618 0.000147
9.482371 0.000147
9.491123 0.000148
9.499875 0.000148
9.508627 0.000148
9.517379 0.000149
9.526132 0.000149
9.534884 0.000150
9.543636 0.000150
9.552388 0.000150
9.561140 0.000151
9.569892 0.000151
9.578645 0.000152
9.587397 0.000152
9.596149 0.000153
9.604901 0.000153
9.613653 0.000153
9.622406 0.000154
9.631158 0.000154
9.639910 0.000155
9.648662 0.000155
9.657414 0.000156
9.666167 0.000156
9.674919 0.000157
9.683671 0.000157
9.692423 0.000158
9.701175 0.000158
9.709927 0.000158
9.718680 0.000159
9.727432 0.000159
9.736184 0.000160
9.744936 0.000160
9.753688 0.000161
9.762441 0.000161
9.771193 0.000162
9.779945 0.000162
9.788697 0.000163
9.797449 0.000163
9.806202 0.000164
9.814954 0.000164
9.823706 0.000165
9.832458 0.000165
9.841210 0.000166
9.849962 0.000167
9.858715 0.000167
9.867467 0.000168
9.876219 0.000168
9.884971 0.000169
9.893723 0.000169
9.902476 0.000170
9.911228 0.000170
9.919980 0.000171
9.928732 0.000172
9.937484 0.000172
9.946237 0.000173
9.954989 0.000173
9.963741 0.000174
9.972493 0.000174
9.981245 0.000175
9.989997 0.000176
9.998750 0.000176
10.007502 0.000177
10.016254 0.000177
10.025006 0.000178
10.033758 0.000179
10.042511 0.000179
10.051263 0.000180
10.060015 0.000181
10.068767 0.000181
10.077519 0.000182
10.086272 0.000183
10.095024 0.000183
10.103776 0.000184
10.112528 0.000185
10.121280 0.000185
10.130033 0.000186
10.138785 0.000187
10.147537 0.000187
10.156289 0.000188
10.165041 0.000189
10.173793 0.000189
10.182546 0.000190
10.191298 0.000191
10.200050 0.000192
10.208802 0.000192
10.217554 0.000193
10.226307 0.000194
10.235059 0.000194
10.243811 0.000195
10.252563 0.000196
10.261315 0.000197
10.270068 0.000198
10.278820 0.000198
10.287572 0.000199
10.296324 0.000200
10.305076 0.000201
10.313828 0.000202
10.322581 0.000202
10.331333 0.000203
10.340085 0.000204
10.348837 0.000205
10.357589 0.000206
10.366342 0.000206
10.375094 0.000207
10.383846 0.000208
10.392598 0.000209
10.401350 0.000210
10.410103 0.000211
10.418855 0.000212
10.427607 0.000213
10.436359 0.000214
10.445111 0.000214
10.453863 0.000215
10.462616 0.000216
10.471368 0.000217
10.480120 0.000218
10.488872 0.000219
10.497624 0.000220
10.506377 0.000221
10.515129 0.000222
10.523881 0.000223
10.532633 0.000224
10.541385 0.000225
10.550138 0.000226
10.558890 0.000227
10.567642 0.000228
10.576394 0.000229
10.585146 0.000230
10.593898 0.000231
10.602651 0.000232
10.611403 0.000233
10.620155 0.000234
10.628907 0.000236
10.637659 0.000237
10.646412 0.000238
10.655164 0.000239
10.663916 0.000240
10.672668 0.000241
10.681420 0.000242
10.690173 0.000243
10.698925 0.000245
10.707677 0.000246
10.716429 0.000247
10.725181 0.000248
10.733933 0.000249
10.742686 0.000251
10.751438 0.000252
10.760190 0.000253
10.768942 0.000254
10.777694 0.000256
10.786447 0.000257
10.795199 0.000258
10.803951 0.000260
10.812703 0.000261
10.821455 0.000262
10.830208 0.000264
10.838960 0.000265
10.847712 0.000266
10.856464 0.000268
10.865216 0.000269
10.873968 0.000271
10.882721 0.000272
10.891473 0.000274
10.900225 0.000275
10.908977 0.000276
10.917729 0.000278
10.926482 0.000279
10.935234 0.000281
10.943986 0.000282
10.952738 0.000284
10.961490 0.000286
10.970243 0.000287
10.978995 0.000289
10.987747 0.000290
10.996499 0.000292
11.005251 0.000294
11.014004 0.000295
11.022756 0.000297
11.031508 0.000299
11.040260 0.000300
11.049012 0.000302
11.057764 0.000304
11.066517 0.000306
11.075269 0.000307
11.084021 0.000309
11.092773 0.000311
11.101525 0.000313
11.110278 0.000315
11.119030 0.000317
11.127782 0.000319
11.136534 0.000320
11.145286 0.000322
11.154039 0.000324
11.162791 0.000326
11.171543 0.000328
11.180295 0.000330
11.189047 0.000332
11.197799 0.000334
11.206552 0.000337
11.215304 0.000339
11.224056 0.000341
11.232808 0.000343
11.241560 0.000345
11.250313 0.000347
11.259065 0.000350
11.267817 0.000352
11.276569 0.000354
11.285321 0.000356
11.294074 0.000359
11.302826 0.000361
11.311578 0.000364
11.320330 0.000366
11.329082 0.000368
11.337834 0.000371
11.346587 0.000373
11.355339 0.000376
11.364091 0.000378
11.372843 0.000381
11.381595 0.000384
11.390348 0.000386
11.399100 0.000389
11.407852 0.000392
11.416604 0.000394
11.425356 0.000397
11.434109 0.000400
11.442861 0.000403
11.451613 0.000406
11.460365 0.000409
11.469117 0.000412
11.477869 0.000415
11.486622 0.000418
11.495374 0.000421
11.504126 0.000424
11.512878 0.000427
11.521630 0.000430
11.530383 0.000433
11.539135 0.000437
11.547887 0.000440
11.556639 0.000443
11.565391 0.000447
11.574144 0.000450
11.582896 0.000454
11.591648 0.000457
11.600400 0.000461
11.609152 0.000464
11.617904 0.000468
11.626657 0.000472
11.635409 0.000475
11.644161 0.000479
11.652913 0.000483
11.661665 0.000487
11.670418 0.000491
11.679170 0.000495
11.687922 0.000499
11.696674 0.000503
11.705426 0.000508
11.714179 0.000512
11.722931 0.000516
11.731683 0.000520
11.740435 0.000525
11.749187 0.000529
11.757939 0.000534
11.766692 0.000539
11.775444 0.000543
11.784196 0.000548
11.792948 0.000553
11.801700 0.000558
11.810453 0.000563
11.819205 0.000568
11.827957 0.000573
11.836709 0.000578
11.845461 0.000583
11.854214 0.000589
11.862966 0.000594
11.871718 0.000600
11.880470 0.000605
11.889222 0.000611
11.897974 0.000617
11.906727 0.000623
11.915479 0.000629
11.924231 0.000635
11.932983 0.000641
11.941735 0.000647
11.950488 0.000654
11.959240 0.000660
11.967992 0.000667
11.976744 0.000673
11.985496 0.000680
11.994249 0.000687
12.003001 0.000694
12.011753 0.000701
12.020505 0.000709
12.029257 0.000716
12.038010 0.000723
12.046762 0.000731
12.055514 0.000739
12.064266 0.000747
12.073018 0.000755
12.081770 0.000763
12.090523 0.000771
12.099275 0.000780
12.108027 0.000788
12.116779 0.000797
12.125531 0.000806
12.134284 0.000815
12.143036 0.000825
12.151788 0.000834
12.160540 0.000844
12.169292 0.000854
12.178045 0.000864
12.186797 0.000874
12.195549 0.000884
12.204301 0.000895
12.213053 0.000906
12.221805 0.000917
12.230558 0.000928
12.239310 0.000939
12.248062 0.000951
12.256814 0.000963
12.265566 0.000975
12.274319 0.000988
12.283071 0.001000
12.291823 0.001013
12.300575 0.001027
12.309327 0.001040
12.318080 0.001054
12.326832 0.001068
12.335584 0.001082
12.344336 0.001097
12.353088 0.001112
12.361840 0.001128
12.370593 0.001143
12.379345 0.001159
12.388097 0.001176
12.396849 0.001193
12.405601 0.001210
12.414354 0.001228
12.423106 0.001246
12.431858 0.001264
12.440610 0.001283
12.449362 0.001302
12.458115 0.001322
12.466867 0.001343
12.475619 0.001364
12.484371 0.001385
12.493123 0.001407
12.501875 0.001429
12.510628 0.001452
12.519380 0.001476
12.528132 0.001500
12.536884 0.001525
12.545636 0.001551
12.554389 0.001577
12.563141 0.001604
12.571893 0.001632
12.580645 0.001660
12.589397 0.001690
12.598150 0.001720
12.606902 0.001751
12.615654 0.001783
12.624406 0.001816
12.633158 0.001850
12.641910 0.001884
12.650663 0.001920
12.659415 0.001957
12.668167 0.001995
12.676919 0.002035
12.685671 0.002075
12.694424 0.002117
12.703176 0.002160
12.711928 0.002205
12.720680 0.002251
12.729432 0.002299
12.738185 0.002348
12.746937 0.002399
12.755689 0.002452
12.764441 0.002506
12.773193 0.002562
12.781945 0.002621
12.790698 0.002681
12.799450 0.002744
12.808202 0.002809
12.816954 0.002877
12.825706 0.002947
12.834459 0.003020
12.843211 0.003095
12.851963 0.003174
12.860715 0.003255
12.869467 0.003340
12.878220 0.003428
12.886972 0.003520
12.895724 0.003616
12.904476 0.003716
12.913228 0.003820
12.921980 0.003928
12.930733 0.004041
12.939485 0.004159
12.948237 0.004282
12.956989 0.004411
12.965741 0.004545
12.974494 0.004685
12.983246 0.004832
12.991998 0.004986
13.000750 0.005146
13.009502 0.005314
13.018255 0.005490
13.027007 0.005674
13.035759 0.005867
13.044511 0.006068
13.053263 0.006279
13.062016 0.006500
13.070768 0.006731
13.079520 0.006973
13.088272 0.007226
13.097024 0.007490
13.105776 0.007767
13.114529 0.008055
13.123281 0.008356
13.132033 0.008671
13.140785 0.008998
13.149537 0.009338
13.158290 0.009692
13.167042 0.010060
13.175794 0.010441
13.184546 0.010835
13.193298 0.011243
13.202051 0.011663
13.210803 0.012096
13.219555 0.012540
13.228307 0.012996
13.237059 0.013461
13.245811 0.013935
13.254564 0.014417
13.263316 0.014906
13.272068 0.015399
13.280820 0.015895
13.289572 0.016393
13.298325 0.016890
13.307077 0.017383
13.315829 0.017872
13.324581 0.018353
13.333333 0.018823
13.342086 0.019281
13.350838 0.019724
13.359590 0.020150
13.368342 0.020555
13.377094 0.020937
13.385846 0.021294
13.394599 0.021623
13.403351 0.021924
13.412103 0.022192
13.420855 0.022427
13.429607 0.022628
13.438360 0.022792
13.447112 0.022919
13.455864 0.023008
13.464616 0.023058
13.473368 0.023070
13.482121 0.023043
13.490873 0.022979
13.499625 0.022876
13.508377 0.022737
13.517129 0.022563
13.525881 0.022354
13.534634 0.022114
13.543386 0.021843
13.552138 0.021544
13.560890 0.021218
13.569642 0.020869
13.578395 0.020498
13.587147 0.020109
13.595899 0.019703
13.604651 0.019282
13.613403 0.018851
13.622156 0.018410
13.630908 0.017962
13.639660 0.017510
13.648412 0.017056
13.657164 0.016602
13.665916 0.016149
13.674669 0.015700
13.683421 0.015256
13.692173 0.014819
13.700925 0.014390
13.709677 0.013970
13.718430 0.013561
13.727182 0.013163
13.735934 0.012777
13.744686 0.012404
13.753438 0.012045
13.762191 0.011699
13.770943 0.011367
13.779695 0.011050
13.788447 0.010747
13.797199 0.010458
13.805951 0.010184
13.814704 0.009924
13.823456 0.009678
13.832208 0.009446
13.840960 0.009229
13.849712 0.009024
13.858465 0.008834
13.867217 0.008656
13.875969 0.008491
13.884721 0.008338
13.893473 0.008198
13.902226 0.008070
13.910978 0.007953
13.919730 0.007848
13.928482 0.007754
13.937234 0.007672
13.945986 0.007600
13.954739 0.007538
13.963491 0.007488
13.972243 0.007447
13.980995 0.007417
13.989747 0.007397
13.998500 0.007388
14.007252 0.007388
14.016004 0.007399
14.024756 0.007419
14.033508 0.007450
14.042261 0.007492
14.051013 0.007544
14.059765 0.007606
14.068517 0.007680
14.077269 0.007764
14.086022 0.007859
14.094774 0.007966
14.103526 0.008085
14.112278 0.008215
14.121030 0.008358
14.129782 0.008514
14.138535 0.008682
14.147287 0.008863
14.156039 0.009058
14.164791 0.009267
14.173543 0.009490
14.182296 0.009728
14.191048 0.009980
14.199800 0.010246
14.208552 0.010528
14.217304 0.010825
14.226057 0.011137
14.234809 0.011464
14.243561 0.011806
14.252313 0.012163
14.261065 0.012533
14.269817 0.012918
14.278570 0.013315
14.287322 0.013725
14.296074 0.014146
14.304826 0.014577
14.313578 0.015017
14.322331 0.015464
14.331083 0.015917
14.339835 0.016373
14.348587 0.016831
14.357339 0.017288
14.366092 0.017742
14.374844 0.018191
14.383596 0.018632
14.392348 0.019062
14.401100 0.019478
14.409852 0.019878
14.418605 0.020258
14.427357 0.020616
14.436109 0.020949
14.444861 0.021255
14.453613 0.021531
14.462366 0.021774
14.471118 0.021983
14.479870 0.022155
14.488622 0.022290
14.497374 0.022386
14.506127 0.022441
14.514879 0.022456
14.523631 0.022430
14.532383 0.022363
14.541135 0.022255
14.549887 0.022108
14.558640 0.021923
14.567392 0.021700
14.576144 0.021442
14.584896 0.021150
14.593648 0.020827
14.602401 0.020476
14.611153 0.020098
14.619905 0.019696
14.628657 0.019274
14.637409 0.018834
14.646162 0.018378
14.654914 0.017911
14.663666 0.017433
14.672418 0.016948
14.681170 0.016459
14.689922 0.015968
14.698675 0.015477
14.707427 0.014989
14.716179 0.014504
14.724931 0.014026
14.733683 0.013555
14.742436 0.013092
14.751188 0.012640
14.759940 0.012199
14.768692 0.011770
14.777444 0.011354
14.786197 0.010950
14.794949 0.010561
14.803701 0.010185
14.812453 0.009822
14.821205 0.009474
14.829957 0.009140
14.838710 0.008820
14.847462 0.008513
14.856214 0.008219
14.864966 0.007939
14.873718 0.007671
14.882471 0.007416
14.891223 0.007173
14.899975 0.006941
14.908727 0.006721
14.917479 0.006511
14.926232 0.006311
14.934984 0.006122
14.943736 0.005942
14.952488 0.005771
14.961240 0.005609
14.969992 0.005455
14.978745 0.005310
14.987497 0.005172
14.996249 0.005041
15.005001 0.004918
15.013753 0.004801
15.022506 0.004691
15.031258 0.004587
15.040010 0.004489
15.048762 0.004397
15.057514 0.004310
15.066267 0.004229
15.075019 0.004153
15.083771 0.004082
15.092523 0.004015
15.101275 0.003954
15.110028 0.003896
15.118780 0.003844
15.127532 0.003795
15.136284 0.003750
15.145036 0.003709
15.153788 0.003671
15.162541 0.003638
15.171293 0.003607
15.180045 0.003580
15.188797 0.003556
15.197549 0.003534
15.206302 0.003516
15.215054 0.003499
15.223806 0.003486
15.232558 0.003474
15.241310 0.003464
15.250063 0.003455
15.258815 0.003448
15.267567 0.003442
15.276319 0.003438
15.285071 0.003433
15.293823 0.003430
15.302576 0.003426
15.311328 0.003422
15.320080 0.003418
15.328832 0.003413
15.337584 0.003408
15.346337 0.003401
15.355089 0.003393
15.363841 0.003384
15.372593 0.003372
15.381345 0.003359
15.390098 0.003344
15.398850 0.003327
15.407602 0.003307
15.416354 0.003286
15.425106 0.003261
15.433858 0.003235
15.442611 0.003206
15.451363 0.003174
15.460115 0.003140
15.468867 0.003104
15.477619 0.003065
15.486372 0.003025
15.495124 0.002982
15.503876 0.002938
15.512628 0.002892
15.521380 0.002844
15.530133 0.002796
15.538885 0.002746
15.547637 0.002695
15.556389 0.002643
15.565141 0.002591
15.573893 0.002538
15.582646 0.002486
15.591398 0.002433
15.600150 0.002380
15.608902 0.002328
15.617654 0.002277
15.626407 0.002226
15.635159 0.002175
15.643911 0.002126
15.652663 0.002078
15.661415 0.002030
15.670168 0.001984
15.678920 0.001939
15.687672 0.001896
15.696424 0.001853
15.705176 0.001812
15.713928 0.001773
15.722681 0.001734
15.731433 0.001698
15.740185 0.001662
15.748937 0.001628
15.757689 0.001595
15.766442 0.001564
15.775194 0.001534
15.783946 0.001505
15.792698 0.001478
15.801450 0.001452
15.810203 0.001427
15.818955 0.001403
15.827707 0.001380
15.836459 0.001359
15.845211 0.001338
15.853963 0.001319
15.862716 0.001300
15.871468 0.001282
15.880220 0.001265
15.888972 0.001249
15.897724 0.001233
15.906477 0.001219
15.915229 0.001205
15.923981 0.001191
15.932733 0.001178
15.941485 0.001166
15.950238 0.001154
15.958990 0.001142
15.967742 0.001131
15.976494 0.001120
15.985246 0.001109
15.993998 0.001099
16.002751 0.001088
16.011503 0.001078
16.020255 0.001068
16.029007 0.001058
16.037759 0.001048
16.046512 0.001038
16.055264 0.001028
16.064016 0.001019
16.072768 0.001009
16.081520 0.000999
16.090273 0.000988
16.099025 0.000978
16.107777 0.000968
16.116529 0.000958
16.125281 0.000948
16.134034 0.000937
16.142786 0.000927
16.151538 0.000916
16.160290 0.000906
16.169042 0.000896
16.177794 0.000885
16.186547 0.000875
16.195299 0.000865
16.204051 0.000854
16.212803 0.000844
16.221555 0.000834
16.230308 0.000825
16.239060 0.000815
16.247812 0.000806
16.256564 0.000796
16.265316 0.000787
16.274069 0.000778
16.282821 0.000770
16.291573 0.000762
16.300325 0.000754
16.309077 0.000746
16.317829 0.000738
16.326582 0.000731
16.335334 0.000724
16.344086 0.000718
16.352838 0.000712
16.361590 0.000706
16.370343 0.000700
16.379095 0.000695
16.387847 0.000690
16.396599 0.000686
16.405351 0.000682
16.414104 0.000678
16.422856 0.000674
16.431608 0.000671
16.440360 0.000668
16.449112 0.000665
16.457864 0.000663
16.466617 0.000661
16.475369 0.000659
16.484121 0.000658
16.492873 0.000657
16.501625 0.000656
16.510378 0.000655
16.519130 0.000654
16.527882 0.000654
16.536634 0.000653
16.545386 0.000653
16.554139 0.000653
16.562891 0.000653
16.571643 0.000653
16.580395 0.000653
16.589147 0.000652
16.597899 0.000652
16.606652 0.000651
16.615404 0.000651
16.624156 0.000650
16.632908 0.000649
16.641660 0.000648
16.650413 0.000646
16.659165 0.000644
16.667917 0.000642
16.676669 0.000640
16.685421 0.000637
16.694174 0.000634
16.702926 0.000630
16.711678 0.000626
16.720430 0.000622
16.729182 0.000617
16.737934 0.000612
16.746687 0.000607
16.755439 0.000601
16.764191 0.000595
16.772943 0.000589
16.781695 0.000582
16.790448 0.000575
16.799200 0.000568
16.807952 0.000561
16.816704 0.000554
16.825456 0.000546
16.834209 0.000538
16.842961 0.000531
16.851713 0.000523
16.860465 0.000515
16.869217 0.000508
16.877969 0.000500
16.886722 0.000492
16.895474 0.000485
16.904226 0.000477
16.912978 0.000470
16.921730 0.000462
16.930483 0.000455
16.939235 0.000448
16.947987 0.000441
16.956739 0.000435
16.965491 0.000428
16.974244 0.000422
16.982996 0.000415
16.991748 0.000409
17.000500 0.000403
17.009252 0.000398
17.018005 0.000392
17.026757 0.000387
17.035509 0.000382
17.044261 0.000376
17.053013 0.000372
17.061765 0.000367
17.070518 0.000362
17.079270 0.000358
17.088022 0.000353
17.096774 0.000349
17.105526 0.000345
17.114279 0.000341
17.123031 0.000337
17.131783 0.000334
17.140535 0.000330
17.149287 0.000327
17.158040 0.000323
17.166792 0.000320
17.175544 0.000317
17.184296 0.000314
17.193048 0.000310
17.201800 0.000307
17.210553 0.000305
17.219305 0.000302
17.228057 0.000299
17.236809 0.000296
17.245561 0.000294
17.254314 0.000291
17.263066 0.000289
17.271818 0.000286
17.280570 0.000284
17.289322 0.000281
17.298075 0.000279
17.306827 0.000277
17.315579 0.000275
17.324331 0.000273
17.333083 0.000270
17.341835 0.000268
17.350588 0.000266
17.359340 0.000264
17.368092 0.000262
17.376844 0.000260
17.385596 0.000259
17.394349 0.000257
17.403101 0.000255
17.411853 0.000253
17.420605 0.000251
17.429357 0.000250
17.438110 0.000248
17.446862 0.000246
17.455614 0.000245
17.464366 0.000243
17.473118 0.000241
17.481870 0.000240
17.490623 0.000238
17.499375 0.000237
17.508127 0.000235
17.516879 0.000234
17.525631 0.000232
17.534384 0.000231
17.543136 0.000229
17.551888 0.000228
17.560640 0.000226
17.569392 0.000225
17.578145 0.000224
17.586897 0.000222
17.595649 0.000221
17.604401 0.000220
17.613153 0.000218
17.621905 0.000217
17.630658 0.000216
17.639410 0.000215
17.648162 0.000214
17.656914 0.000212
17.665666 0.000211
17.674419 0.000210
17.683171 0.000209
17.691923 0.000208
17.700675 0.000206
17.709427 0.000205
17.718180 0.000204
17.726932 0.000203
17.735684 0.000202
17.744436 0.000201
17.753188 0.000200
17.761940 0.000199
17.770693 0.000198
17.779445 0.000197
17.788197 0.000196
17.796949 0.000195
17.805701 0.000194
17.814454 0.000193
17.823206 0.000192
17.831958 0.000191
17.840710 0.000190
17.849462 0.000189
17.858215 0.000188
17.866967 0.000187
17.875719 0.000186
17.884471 0.000185
17.893223 0.000184
17.901975 0.000183
17.910728 0.000182
17.919480 0.000182
17.928232 0.000181
17.936984 0.000180
17.945736 0.000179
17.954489 0.000178
17.963241 0.000177
17.971993 0.000177
17.980745 0.000176
17.989497 0.000175
17.998250 0.000174
18.007002 0.000173
18.015754 0.000173
18.024506 0.000172
18.033258 0.000171
18.042011 0.000170
18.050763 0.000169
18.059515 0.000169
18.068267 0.000168
18.077019 0.000167
18.085771 0.000166
18.094524 0.000166
18.103276 0.000165
18.112028 0.000164
18.120780 0.000164
18.129532 0.000163
18.138285 0.000162
18.147037 0.000161
18.155789 0.000161
18.164541 0.000160
18.173293 0.000159
18.182046 0.000159
18.190798 0.000158
18.199550 0.000157
18.208302 0.000157
18.217054 0.000156
18.225806 0.000156
18.234559 0.000155
18.243311 0.000154
18.252063 0.000154
18.260815 0.000153
18.269567 0.000152
18.278320 0.000152
18.287072 0.000151
18.295824 0.000151
18.304576 0.000150
18.313328 0.000149
18.322081 0.000149
18.330833 0.000148
18.339585 0.000148
18.348337 0.000147
18.357089 0.000147
18.365841 0.000146
18.374594 0.000146
18.383346 0.000145
18.392098 0.000144
18.400850 0.000144
18.409602 0.000143
18.418355 0.000143
18.427107 0.000142
18.435859 0.000142
18.444611 0.000141
18.453363 0.000141
18.462116 0.000140
18.470868 0.000140
18.479620 0.000139
18.488372 0.000139
18.497124 0.000138
18.505876 0.000138
18.514629 0.000137
18.523381 0.000137
18.532133 0.000136
18.540885 0.000136
18.549637 0.000136
18.558390 0.000135
18.567142 0.000135
18.575894 0.000134
18.584646 0.000134
18.593398 0.000133
18.602151 0.000133
18.610903 0.000132
18.619655 0.000132
18.628407 0.000132
18.637159 0.000131
18.645911 0.000131
18.654664 0.000130
18.663416 0.000130
18.672168 0.000130
18.680920 0.000129
18.689672 0.000129
18.698425 0.000128
18.707177 0.000128
18.715929 0.000128
18.724681 0.000127
18.733433 0.000127
18.742186 0.000126
18.750938 0.000126
18.759690 0.000126
18.768442 0.000125
18.777194 0.000125
18.785946 0.000125
18.794699 0.000124
18.803451 0.000124
18.812203 0.000124
18.820955 0.000123
18.829707 0.000123
18.838460 0.000123
18.847212 0.000122
18.855964 0.000122
18.864716 0.000122
18.873468 0.000121
18.882221 0.000121
18.890973 0.000121
18.899725 0.000120
18.908477 0.000120
18.917229 0.000120
18.925981 0.000120
18.934734 0.000119
18.943486 0.000119
18.952238 0.000119
18.960990 0.000118
18.969742 0.000118
18.978495 0.000118
18.987247 0.000118
18.995999 0.000117
19.004751 0.000117
19.013503 0.000117
19.022256 0.000117
19.031008 0.000116
19.039760 0.000116
19.048512 0.000116
19.057264 0.000116
19.066017 0.000116
19.074769 0.000115
19.083521 0.000115
19.092273 0.000115
19.101025 0.000115
19.109777 0.000114
19.118530 0.000114
19.127282 0.000114
19.136034 0.000114
19.144786 0.000114
19.153538 0.000114
19.162291 0.000113
19.171043 0.000113
19.179795 0.000113
19.188547 0.000113
19.197299 0.000113
19.206052 0.000113
19.214804 0.000113
19.223556 0.000112
19.232308 0.000112
19.241060 0.000112
19.249812 0.000112
19.258565 0.000112
19.267317 0.000112
19.276069 0.000112
19.284821 0.000112
19.293573 0.000112
19.302326 0.000111
19.311078 0.000111
19.319830 0.000111
19.328582 0.000111
19.337334 0.000111
19.346087 0.000111
19.354839 0.000111
19.363591 0.000111
19.372343 0.000111
19.381095 0.000111
19.389847 0.000111
19.398600 0.000111
19.407352 0.000111
19.416104 0.000111
19.424856 0.000111
19.433608 0.000111
19.442361 0.000111
19.451113 0.000111
19.459865 0.000112
19.468617 0.000112
19.477369 0.000112
19.486122 0.000112
19.494874 0.000112
19.503626 0.000112
19.512378 0.000112
19.521130 0.000112
19.529882 0.000113
19.538635 0.000113
19.547387 0.000113
19.556139 0.000113
19.564891 0.000113
19.573643 0.000114
19.582396 0.000114
19.591148 0.000114
19.599900 0.000115
19.608652 0.000115
19.617404 0.000115
19.626157 0.000116
19.634909 0.000116
19.643661 0.000116
19.652413 0.000117
19.661165 0.000117
19.669917 0.000118
19.678670 0.000118
19.687422 0.000119
19.696174 0.000119
19.704926 0.000120
19.713678 0.000120
19.722431 0.000121
19.731183 0.000122
19.739935 0.000122
19.748687 0.000123
19.757439 0.000124
19.766192 0.000125
19.774944 0.000125
19.783696 0.000126
19.792448 0.000127
19.801200 0.000128
19.809952 0.000129
19.818705 0.000130
19.827457 0.000131
19.836209 0.000132
19.844961 0.000133
19.853713 0.000135
19.862466 0.000136
19.871218 0.000137
19.879970 0.000139
19.888722 0.000140
19.897474 0.000142
19.906227 0.000143
19.914979 0.000145
19.923731 0.000146
19.932483 0.000148
19.941235 0.000150
19.949987 0.000152
19.958740 0.000154
19.967492 0.000156
19.976244 0.000158
19.984996 0.000160
19.993748 0.000163
20.002501 0.000165
20.011253 0.000168
20.020005 0.000171
20.028757 0.000173
20.037509 0.000176
20.046262 0.000180
20.055014 0.000183
20.063766 0.000186
20.072518 0.000190
20.081270 0.000194
20.090023 0.000198
20.098775 0.000202
20.107527 0.000206
20.116279 0.000211
20.125031 0.000215
20.133783 0.000220
20.142536 0.000226
20.151288 0.000231
20.160040 0.000237
20.168792 0.000243
20.177544 0.000249
20.186297 0.000255
20.195049 0.000262
20.203801 0.000269
20.212553 0.000276
20.221305 0.000284
20.230058 0.000292
20.238810 0.000300
20.247562 0.000308
20.256314 0.000317
20.265066 0.000326
20.273818 0.000335
20.282571 0.000344
20.291323 0.000353
20.300075 0.000363
20.308827 0.000372
20.317579 0.000382
20.326332 0.000392
20.335084 0.000402
20.343836 0.000412
20.352588 0.000422
20.361340 0.000431
20.370093 0.000441
20.378845 0.000450
20.387597 0.000459
20.396349 0.000468
20.405101 0.000477
20.413853 0.000485
20.422606 0.000493
20.431358 0.000500
20.440110 0.000507
20.448862 0.000513
20.457614 0.000518
20.466367 0.000523
20.475119 0.000527
20.483871 0.000531
20.492623 0.000534
20.501375 0.000536
20.510128 0.000537
20.518880 0.000537
20.527632 0.000537
20.536384 0.000536
20.545136 0.000534
20.553888 0.000531
20.562641 0.000527
20.571393 0.000523
20.580145 0.000518
20.588897 0.000512
20.597649 0.000506
20.606402 0.000499
20.615154 0.000491
20.623906 0.000483
20.632658 0.000474
20.641410 0.000465
20.650163 0.000456
20.658915 0.000446
20.667667 0.000437
20.676419 0.000426
20.685171 0.000416
20.693923 0.000406
20.702676 0.000395
20.711428 0.000385
20.720180 0.000374
20.728932 0.000364
20.737684 0.000354
20.746437 0.000343
20.755189 0.000333
20.763941 0.000324
20.772693 0.000314
20.781445 0.000305
20.790198 0.000295
20.798950 0.000287
20.807702 0.000278
20.816454 0.000270
20.825206 0.000261
20.833958 0.000254
20.842711 0.000246
20.851463 0.000239
20.860215 0.000232
20.868967 0.000225
20.877719 0.000219
20.886472 0.000213
20.895224 0.000207
20.903976 0.000201
20.912728 0.000196
20.921480 0.000191
20.930233 0.000186
20.938985 0.000181
20.947737 0.000176
20.956489 0.000172
20.965241 0.000168
20.973993 0.000164
20.982746 0.000160
20.991498 0.000157
21.000250 0.000153
21.009002 0.000150
21.017754 0.000147
21.026507 0.000144
21.035259 0.000141
21.044011 0.000138
21.052763 0.000135
21.061515 0.000133
21.070268 0.000130
21.079020 0.000128
21.087772 0.000126
21.096524 0.000124
21.105276 0.000122
21.114029 0.000120
21.122781 0.000118
21.131533 0.000116
21.140285 0.000114
21.149037 0.000112
21.157789 0.000111
21.166542 0.000109
21.175294 0.000108
21.184046 0.000106
21.192798 0.000105
21.201550 0.000103
21.210303 0.000102
21.219055 0.000101
21.227807 0.000099
21.236559 0.000098
21.245311 0.000097
21.254064 0.000096
21.262816 0.000095
21.271568 0.000094
21.280320 0.000093
21.289072 0.000092
21.297824 0.000091
21.306577 0.000090
21.315329 0.000089
21.324081 0.000088
21.332833 0.000087
21.341585 0.000086
21.350338 0.000085
21.359090 0.000085
21.367842 0.000084
21.376594 0.000083
21.385346 0.000082
21.394099 0.000082
21.402851 0.000081
21.411603 0.000080
21.420355 0.000080
21.429107 0.000079
21.437859 0.000078
21.446612 0.000078
21.455364 0.000077
21.464116 0.000076
21.472868 0.000076
21.481620 0.000075
21.490373 0.000075
21.499125 0.000074
21.507877 0.000074
21.516629 0.000073
21.525381 0.000073
21.534134 0.000072
21.542886 0.000072
21.551638 0.000071
21.560390 0.000071
21.569142 0.000070
21.577894 0.000070
21.586647 0.000069
21.595399 0.000069
21.604151 0.000069
21.612903 0.000068
21.621655 0.000068
21.630408 0.000067
21.639160 0.000067
21.647912 0.000067
21.656664 0.000066
21.665416 0.000066
21.674169 0.000065
21.682921 0.000065
21.691673 0.000065
21.700425 0.000064
21.709177 0.000064
21.717929 0.000064
21.726682 0.000063
21.735434 0.000063
21.744186 0.000063
21.752938 0.000062
21.761690 0.000062
21.770443 0.000062
21.779195 0.000062
21.787947 0.000061
21.796699 0.000061
21.805451 0.000061
21.814204 0.000060
21.822956 0.000060
21.831708 0.000060
21.840460 0.000060
21.849212 0.000059
21.857964 0.000059
21.866717 0.000059
21.875469 0.000059
21.884221 0.000058
21.892973 0.000058
21.901725 0.000058
21.910478 0.000058
21.919230 0.000057
21.927982 0.000057
21.936734 0.000057
21.945486 0.000057
21.954239 0.000056
21.962991 0.000056
21.971743 0.000056
21.980495 0.000056
21.989247 0.000055
21.997999 0.000055
22.006752 0.000055
22.015504 0.000055
22.024256 0.000055
22.033008 0.000054
22.041760 0.000054
22.050513 0.000054
22.059265 0.000054
22.068017 0.000054
22.076769 0.000053
22.085521 0.000053
22.094274 0.000053
22.103026 0.000053
22.111778 0.000053
22.120530 0.000053
22.129282 0.000052
22.138035 0.000052
22.146787 0.000052
22.155539 0.000052
22.164291 0.000052
22.173043 0.000051
22.181795 0.000051
22.190548 0.000051
22.199300 0.000051
22.208052 0.000051
22.216804 0.000051
22.225556 0.000050
22.234309 0.000050
22.243061 0.000050
22.251813 0.000050
22.260565 0.000050
22.269317 0.000050
22.278070 0.000050
22.286822 0.000049
22.295574 0.000049
22.304326 0.000049
22.313078 0.000049
22.321830 0.000049
22.330583 0.000049
22.339335 0.000048
22.348087 0.000048
22.356839 0.000048
22.365591 0.000048
22.374344 0.000048
22.383096 0.000048
22.391848 0.000048
22.400600 0.000048
22.409352 0.000047
22.418105 0.000047
22.426857 0.000047
22.435609 0.000047
22.444361 0.000047
22.453113 0.000047
22.461865 0.000047
22.470618 0.000046
22.479370 0.000046
22.488122 0.000046
22.496874 0.000046
22.505626 0.000046
22.514379 0.000046
22.523131 0.000046
22.531883 0.000046
22.540635 0.000045
22.549387 0.000045
22.558140 0.000045
22.566892 0.000045
22.575644 0.000045
22.584396 0.000045
22.593148 0.000045
22.601900 0.000045
22.610653 0.000045
22.619405 0.000044
22.628157 0.000044
22.636909 0.000044
22.645661 0.000044
22.654414 0.000044
22.663166 0.000044
22.671918 0.000044
22.680670 0.000044
22.689422 0.000044
22.698175 0.000043
22.706927 0.000043
22.715679 0.000043
22.724431 0.000043
22.733183 0.000043
22.741935 0.000043
22.750688 0.000043
22.759440 0.000043
22.768192 0.000043
22.776944 0.000042
22.785696 0.000042
22.794449 0.000042
22.803201 0.000042
22.811953 0.000042
22.820705 0.000042
22.829457 0.000042
22.838210 0.000042
22.846962 0.000042
22.855714 0.000042
22.864466 0.000041
22.873218 0.000041
22.881970 0.000041
22.890723 0.000041
22.899475 0.000041
22.908227 0.000041
22.916979 0.000041
22.925731 0.000041
22.934484 0.000041
22.943236 0.000041
22.951988 0.000041
22.960740 0.000040
22.969492 0.000040
22.978245 0.000040
22.986997 0.000040
22.995749 0.000040
23.004501 0.000040
23.013253 0.000040
23.022006 0.000040
23.030758 0.000040
23.039510 0.000040
23.048262 0.000040
23.057014 0.000040
23.065766 0.000039
23.074519 0.000039
23.083271 0.000039
23.092023 0.000039
23.100775 0.000039
23.109527 0.000039
23.118280 0.000039
23.127032 0.000039
23.135784 0.000039
23.144536 0.000039
23.153288 0.000039
23.162041 0.000039
23.170793 0.000038
23.179545 0.000038
23.188297 0.000038
23.197049 0.000038
23.205801 0.000038
23.214554 0.000038
23.223306 0.000038
23.232058 0.000038
23.240810 0.000038
23.249562 0.000038
23.258315 0.000038
23.267067 0.000038
23.275819 0.000038
23.284571 0.000037
23.293323 0.000037
23.302076 0.000037
23.310828 0.000037
23.319580 0.000037
23.328332 0.000037
23.337084 0.000037
23.345836 0.000037
23.354589 0.000037
23.363341 0.000037
23.372093 0.000037
23.380845 0.000037
23.389597 0.000037
23.398350 0.000036
23.407102 0.000036
23.415854 0.000036
23.424606 0.000036
23.433358 0.000036
23.442111 0.000036
23.450863 0.000036
23.459615 0.000036
23.468367 0.000036
23.477119 0.000036
23.485871 0.000036
23.494624 0.000036
23.503376 0.000036
23.512128 0.000036
23.520880 0.000036
23.529632 0.000035
23.538385 0.000035
23.547137 0.000035
23.555889 0.000035
23.564641 0.000035
23.573393 0.000035
23.582146 0.000035
23.590898 0.000035
23.599650 0.000035
23.608402 0.000035
23.617154 0.000035
23.625906 0.000035
23.634659 0.000035
23.643411 0.000035
23.652163 0.000035
23.660915 0.000034
23.669667 0.000034
23.678420 0.000034
23.687172 0.000034
23.695924 0.000034
23.704676 0.000034
23.713428 0.000034
23.722181 0.000034
23.730933 0.000034
23.739685 0.000034
23.748437 0.000034
23.757189 0.000034
23.765941 0.000034
23.774694 0.000034
23.783446 0.000034
23.792198 0.000034
23.800950 0.000034
23.809702 0.000033
23.818455 0.000033
23.827207 0.000033
23.835959 0.000033
23.844711 0.000033
23.853463 0.000033
23.862216 0.000033
23.870968 0.000033
23.879720 0.000033
23.888472 0.000033
23.897224 0.000033
23.905976 0.000033
23.914729 0.000033
23.923481 0.000033
23.932233 0.000033
23.940985 0.000033
23.949737 0.000033
23.958490 0.000032
23.967242 0.000032
23.975994 0.000032
23.984746 0.000032
23.993498 0.000032
24.002251 0.000032
24.011003 0.000032
24.019755 0.000032
24.028507 0.000032
24.037259 0.000032
24.046012 0.000032
24.054764 0.000032
24.063516 0.000032
24.072268 0.000032
24.081020 0.000032
24.089772 0.000032
24.098525 0.000032
24.107277 0.000032
24.116029 0.000031
24.124781 0.000031
24.133533 0.000031
24.142286 0.000031
24.151038 0.000031
24.159790 0.000031
24.168542 0.000031
24.177294 0.000031
24.186047 0.000031
24.194799 0.000031
24.203551 0.000031
24.212303 0.000031
24.221055 0.000031
24.229807 0.000031
24.238560 0.000031
24.247312 0.000031
24.256064 0.000031
24.264816 0.000031
24.273568 0.000031
24.282321 0.000031
24.291073 0.000030
24.299825 0.000030
24.308577 0.000030
24.317329 0.000030
24.326082 0.000030
24.334834 0.000030
24.343586 0.000030
24.352338 0.000030
24.361090 0.000030
24.369842 0.000030
24.378595 0.000030
24.387347 0.000030
24.396099 0.000030
24.404851 0.000030
24.413603 0.000030
24.422356 0.000030
24.431108 0.000030
24.439860 0.000030
24.448612 0.000030
24.457364 0.000030
24.466117 0.000030
24.474869 0.000029
24.483621 0.000029
24.492373 0.000029
24.501125 0.000029
24.509877 0.000029
24.518630 0.000029
24.527382 0.000029
24.536134 0.000029
24.544886 0.000029
24.553638 0.000029
24.562391 0.000029
24.571143 0.000029
24.579895 0.000029
24.588647 0.000029
24.597399 0.000029
24.606152 0.000029
24.614904 0.000029
24.623656 0.000029
24.632408 0.000029
24.641160 0.000029
24.649912 0.000029
24.658665 0.000029
24.667417 0.000028
24.676169 0.000028
24.684921 0.000028
24.693673 0.000028
24.702426 0.000028
24.711178 0.000028
24.719930 0.000028
24.728682 0.000028
24.737434 0.000028
24.746187 0.000028
24.754939 0.000028
24.763691 0.000028
24.772443 0.000028
24.781195 0.000028
24.789947 0.000027
24.798700 0.000027
24.807452 0.000027
24.816204 0.000027
24.824956 0.000027
24.833708 0.000026
24.842461 0.000026
24.851213 0.000026
24.859965 0.000025
24.868717 0.000025
24.877469 0.000024
24.886222 0.000024
24.894974 0.000023
24.903726 0.000023
24.912478 0.000022
24.921230 0.000021
24.929982 0.000020
24.938735 0.000020
24.947487 0.000019
24.956239 0.000018
24.964991 0.000017
24.973743 0.000016
24.982496 0.000015
24.991248 0.000014

Sticks
-4.022256 0.006966
-3.995999 0.009606
-3.952238 0.012889
-3.864716 0.028358
-3.768442 0.015812
-2.525631 0.000019
-2.333083 0.001129
-2.131783 0.007325
-1.904226 0.005345
-1.790448 0.001108
-1.422856 0.000335
-1.247812 0.000064
-0.547637 0.001461
-0.136284 0.000095
-0.013753 0.000007
2.725681 0.000001
2.734434 0.000001
2.760690 0.000002
2.786947 0.000010
2.804451 0.000013
2.848212 0.000005
2.891973 0.000002
2.918230 0.000002
3.163291 0.000087
3.172043 0.000226
3.180795 0.000057
3.189547 0.000049
3.233308 0.000072
3.242061 0.000059
3.399600 0.000562
13.438360 0.011433
13.534634 0.005510
14.514879 0.015917
15.390098 0.000712
15.468867 0.000595
16.064016 0.000138
16.247812 0.000012
16.702926 0.000167
20.011253 0.000003
20.072518 0.000000
20.431358 0.000075
20.457614 0.000050
20.553888 0.000240
