-10.000000 0.000233
-9.991248 0.000248
-9.982496 0.000264
-9.973743 0.000280
-9.964991 0.000295
-9.956239 0.000310
-9.947487 0.000324
-9.938735 0.000337
-9.929982 0.000350
-9.921230 0.000363
-9.912478 0.000374
-9.903726 0.000385
-9.894974 0.000395
-9.886222 0.000404
-9.877469 0.000412
-9.868717 0.000420
-9.859965 0.000427
-9.851213 0.000433
-9.842461 0.000439
-9.833708 0.000444
-9.824956 0.000448
-9.816204 0.000452
-9.807452 0.000456
-9.798700 0.000459
-9.789947 0.000462
-9.781195 0.000465
-9.772443 0.000467
-9.763691 0.000470
-9.754939 0.000472
-9.746187 0.000474
-9.737434 0.000476
-9.728682 0.000477
-9.719930 0.000479
-9.711178 0.000481
-9.702426 0.000482
-9.693673 0.000484
-9.684921 0.000485
-9.676169 0.000487
-9.667417 0.000488
-9.658665 0.000490
-9.649912 0.000491
-9.641160 0.000493
-9.632408 0.000494
-9.623656 0.000495
-9.614904 0.000497
-9.606152 0.000498
-9.597399 0.000500
-9.588647 0.000501
-9.579895 0.000503
-9.571143 0.000504
-9.562391 0.000506
-9.553638 0.000507
-9.544886 0.000509
-9.536134 0.000510
-9.527382 0.000512
-9.518630 0.000513
-9.509877 0.000515
-9.501125 0.000516
-9.492373 0.000518
-9.483621 0.000519
-9.474869 0.000521
-9.466117 0.000522
-9.457364 0.000524
-9.448612 0.000526
-9.439860 0.000527
-9.431108 0.000529
-9.422356 0.000530
-9.413603 0.000532
-9.404851 0.000534
-9.396099 0.000535
-9.387347 0.000537
-9.378595 0.000539
-9.369842 0.000540
-9.361090 0.000542
-9.352338 0.000543
-9.343586 0.000545
-9.334834 0.000547
-9.326082 0.000548
-9.317329 0.000550
-9.308577 0.000552
-9.299825 0.000554
-9.291073 0.000555
-9.282321 0.000557
-9.273568 0.000559
-9.264816 0.000560
-9.256064 0.000562
-9.247312 0.000564
-9.238560 0.000566
-9.229807 0.000567
-9.221055 0.000569
-9.212303 0.000571
-9.203551 0.000573
-9.194799 0.000575
-9.186047 0.000576
-9.177294 0.000578
-9.168542 0.000580
-9.159790 0.000582
-9.151038 0.000584
-9.142286 0.000586
-9.133533 0.000588
-9.124781 0.000589
-9.116029 0.000591
-9.107277 0.000593
-9.098525 0.000595
-9.089772 0.000597
-9.081020 0.000599
-9.072268 0.000601
-9.063516 0.000603
-9.054764 0.000605
-9.046012 0.000607
-9.037259 0.000609
-9.028507 0.000611
-9.019755 0.000613
-9.011003 0.000615
-9.002251 0.000617
-8.993498 0.000619
-8.984746 0.000621
-8.975994 0.000623
-8.967242 0.000625
-8.958490 0.000627
-8.949737 0.000629
-8.940985 0.000631
-8.932233 0.000633
-8.923481 0.000635
-8.914729 0.000637
-8.905976 0.000639
-8.897224 0.000642
-8.888472 0.000644
-8.879720 0.000646
-8.870968 0.000648
-8.862216 0.000650
-8.853463 0.000652
-8.844711 0.000655
-8.835959 0.000657
-8.827207 0.000659
-8.818455 0.000661
-8.809702 0.000664
-8.800950 0.000666
-8.792198 0.000668
-8.783446 0.000670
-8.774694 0.000673
-8.765941 0.000675
-8.757189 0.000677
-8.748437 0.000680
-8.739685 0.000682
-8.730933 0.000684
-8.722181 0.000687
-8.713428 0.000689
-8.704676 0.000692
-8.695924 0.000694
-8.687172 0.000696
-8.678420 0.000699
-8.669667 0.000701
-8.660915 0.000704
-8.652163 0.000706
-8.643411 0.000709
-8.634659 0.000711
-8.625906 0.000714
-8.617154 0.000716
-8.608402 0.000719
-8.599650 0.000721
-8.590898 0.000724
-8.582146 0.000726
-8.573393 0.000729
-8.564641 0.000732
-8.555889 0.000734
-8.547137 0.000737
-8.538385 0.000740
-8.529632 0.000742
-8.520880 0.000745
-8.512128 0.000748
-8.503376 0.000750
-8.494624 0.000753
-8.485871 0.000756
-8.477119 0.000759
-8.468367 0.000761
-8.459615 0.000764
-8.450863 0.000767
-8.442111 0.000770
-8.433358 0.000773
-8.424606 0.000775
-8.415854 0.000778
-8.407102 0.000781
-8.398350 0.000784
-8.389597 0.000787
-8.380845 0.000790
-8.372093 0.000793
-8.363341 0.000796
-8.354589 0.000799
-8.345836 0.000802
-8.337084 0.000805
-8.328332 0.000808
-8.319580 0.000811
-8.310828 0.000814
-8.302076 0.000817
-8.293323 0.000820
-8.284571 0.000823
-8.275819 0.000827
-8.267067 0.000830
-8.258315 0.000833
-8.249562 0.000836
-8.240810 0.000839
-8.232058 0.000843
-8.223306 0.000846
-8.214554 0.000849
-8.205801 0.000852
-8.197049 0.000856
-8.188297 0.000859
-8.179545 0.000862
-8.170793 0.000866
-8.162041 0.000869
-8.153288 0.000873
-8.144536 0.000876
-8.135784 0.000880
-8.127032 0.000883
-8.118280 0.000887
-8.109527 0.000890
-8.100775 0.000894
-8.092023 0.000897
-8.083271 0.000901
-8.074519 0.000904
-8.065766 0.000908
-8.057014 0.000912
-8.048262 0.000915
-8.039510 0.000919
-8.030758 0.000923
-8.022006 0.000927
-8.013253 0.000930
-8.004501 0.000934
-7.995749 0.000938
-7.986997 0.000942
-7.978245 0.000946
-7.969492 0.000950
-7.960740 0.000953
-7.951988 0.000957
-7.943236 0.000961
-7.934484 0.000965
-7.925731 0.000969
-7.916979 0.000973
-7.908227 0.000977
-7.899475 0.000982
-7.890723 0.000986
-7.881970 0.000990
-7.873218 0.000994
-7.864466 0.000998
-7.855714 0.001002
-7.846962 0.001007
-7.838210 0.001011
-7.829457 0.001015
-7.820705 0.001020
-7.811953 0.001024
-7.803201 0.001028
-7.794449 0.001033
-7.785696 0.001037
-7.776944 0.001042
-7.768192 0.001046
-7.759440 0.001051
-7.750688 0.001055
-7.741935 0.001060
-7.733183 0.001065
-7.724431 0.001069
-7.715679 0.001074
-7.706927 0.001079
-7.698175 0.001083
-7.689422 0.001088
-7.680670 0.001093
-7.671918 0.001098
-7.663166 0.001103
-7.654414 0.001108
-7.645661 0.001113
-7.636909 0.001118
-7.628157 0.001123
-7.619405 0.001128
-7.610653 0.001133
-7.601900 0.001138
-7.593148 0.001143
-7.584396 0.001148
-7.575644 0.001154
-7.566892 0.001159
-7.558140 0.001164
-7.549387 0.001170
-7.540635 0.001175
-7.531883 0.001180
-7.523131 0.001186
-7.514379 0.001191
-7.505626 0.001197
-7.496874 0.001202
-7.488122 0.001208
-7.479370 0.001214
-7.470618 0.001219
-7.461865 0.001225
-7.453113 0.001231
-7.444361 0.001237
-7.435609 0.001243
-7.426857 0.001249
-7.418105 0.001254
-7.409352 0.001260
-7.400600 0.001267
-7.391848 0.001273
-7.383096 0.001279
-7.374344 0.001285
-7.365591 0.001291
-7.356839 0.001297
-7.348087 0.001304
-7.339335 0.001310
-7.330583 0.001317
-7.321830 0.001323
-7.313078 0.001329
-7.304326 0.001336
-7.295574 0.001343
-7.286822 0.001349
-7.278070 0.001356
-7.269317 0.001363
-7.260565 0.001370
-7.251813 0.001376
-7.243061 0.001383
-7.234309 0.001390
-7.225556 0.001397
-7.216804 0.001404
-7.208052 0.001412
-7.199300 0.001419
-7.190548 0.001426
-7.181795 0.001433
-7.173043 0.001441
-7.164291 0.001448
-7.155539 0.001456
-7.146787 0.001463
-7.138035 0.001471
-7.129282 0.001478
-7.120530 0.001486
-7.111778 0.001494
-7.103026 0.001502
-7.094274 0.001510
-7.085521 0.001517
-7.076769 0.001525
-7.068017 0.001534
-7.059265 0.001542
-7.050513 0.001550
-7.041760 0.001558
-7.033008 0.001567
-7.024256 0.001575
-7.015504 0.001584
-7.006752 0.001592
-6.997999 0.001601
-6.989247 0.001609
-6.980495 0.001618
-6.971743 0.001627
-6.962991 0.001636
-6.954239 0.001645
-6.945486 0.001654
-6.936734 0.001663
-6.927982 0.001673
-6.919230 0.001682
-6.910478 0.001691
-6.901725 0.001701
-6.892973 0.001710
-6.884221 0.001720
-6.875469 0.001730
-6.866717 0.001739
-6.857964 0.001749
-6.849212 0.001759
-6.840460 0.001769
-6.831708 0.001780
-6.822956 0.001790
-6.814204 0.001800
-6.805451 0.001811
-6.796699 0.001821
-6.787947 0.001832
-6.779195 0.001842
-6.770443 0.001853
-6.761690 0.001864
-6.752938 0.001875
-6.744186 0.001886
-6.735434 0.001897
-6.726682 0.001909
-6.717929 0.001920
-6.709177 0.001932
-6.700425 0.001943
-6.691673 0.001955
-6.682921 0.001967
-6.674169 0.001979
-6.665416 0.001991
-6.656664 0.002003
-6.647912 0.002015
-6.639160 0.002028
-6.630408 0.002040
-6.621655 0.002053
-6.612903 0.002066
-6.604151 0.002078
-6.595399 0.002091
-6.586647 0.002105
-6.577894 0.002118
-6.569142 0.002131
-6.560390 0.002145
-6.551638 0.002158
-6.542886 0.002172
-6.534134 0.002186
-6.525381 0.002200
-6.516629 0.002214
-6.507877 0.002229
-6.499125 0.002243
-6.490373 0.002258
-6.481620 0.002272
-6.472868 0.002287
-6.464116 0.002302
-6.455364 0.002317
-6.446612 0.002333
-6.437859 0.002348
-6.429107 0.002364
-6.420355 0.002380
-6.411603 0.002396
-6.402851 0.002412
-6.394099 0.002428
-6.385346 0.002445
-6.376594 0.002461
-6.367842 0.002478
-6.359090 0.002495
-6.350338 0.002513
-6.341585 0.002530
-6.332833 0.002547
-6.324081 0.002565
-6.315329 0.002583
-6.306577 0.002601
-6.297824 0.002620
-6.289072 0.002638
-6.280320 0.002657
-6.271568 0.002676
-6.262816 0.002695
-6.254064 0.002714
-6.245311 0.002734
-6.236559 0.002754
-6.227807 0.002774
-6.219055 0.002794
-6.210303 0.002814
-6.201550 0.002835
-6.192798 0.002856
-6.184046 0.002877
-6.175294 0.002898
-6.166542 0.002920
-6.157789 0.002942
-6.149037 0.002964
-6.140285 0.002986
-6.131533 0.003009
-6.122781 0.003032
-6.114029 0.003055
-6.105276 0.003078
-6.096524 0.003102
-6.087772 0.003126
-6.079020 0.003150
-6.070268 0.003175
-6.061515 0.003200
-6.052763 0.003225
-6.044011 0.003250
-6.035259 0.003276
-6.026507 0.003302
-6.017754 0.003329
-6.009002 0.003355
-6.000250 0.003382
-5.991498 0.003410
-5.982746 0.003438
-5.973993 0.003466
-5.965241 0.003494
-5.956489 0.003523
-5.947737 0.003552
-5.938985 0.003581
-5.930233 0.003611
-5.921480 0.003642
-5.912728 0.003672
-5.903976 0.003703
-5.895224 0.003735
-5.886472 0.003767
-5.877719 0.003799
-5.868967 0.003832
-5.860215 0.003865
-5.851463 0.003898
-5.842711 0.003933
-5.833958 0.003967
-5.825206 0.004002
-5.816454 0.004037
-5.807702 0.004073
-5.798950 0.004110
-5.790198 0.004147
-5.781445 0.004184
-5.772693 0.004222
-5.763941 0.004260
-5.755189 0.004299
-5.746437 0.004339
-5.737684 0.004379
-5.728932 0.004420
-5.720180 0.004461
-5.711428 0.004503
-5.702676 0.004545
-5.693923 0.004588
-5.685171 0.004632
-5.676419 0.004676
-5.667667 0.004721
-5.658915 0.004767
-5.650163 0.004813
-5.641410 0.004860
-5.632658 0.004908
-5.623906 0.004956
-5.615154 0.005006
-5.606402 0.005055
-5.597649 0.005106
-5.588897 0.005158
-5.580145 0.005210
-5.571393 0.005263
-5.562641 0.005317
-5.553888 0.005371
-5.545136 0.005427
-5.536384 0.005483
-5.527632 0.005541
-5.518880 0.005599
-5.510128 0.005658
-5.501375 0.005719
-5.492623 0.005780
-5.483871 0.005842
-5.475119 0.005905
-5.466367 0.005969
-5.457614 0.006035
-5.448862 0.006101
-5.440110 0.006169
-5.431358 0.006238
-5.422606 0.006307
-5.413853 0.006378
-5.405101 0.006451
-5.396349 0.006524
-5.387597 0.006599
-5.378845 0.006675
-5.370093 0.006753
-5.361340 0.006832
-5.352588 0.006912
-5.343836 0.006994
-5.335084 0.007077
-5.326332 0.007162
-5.317579 0.007248
-5.308827 0.007336
-5.300075 0.007426
-5.291323 0.007517
-5.282571 0.007610
-5.273818 0.007705
-5.265066 0.007801
-5.256314 0.007900
-5.247562 0.008000
-5.238810 0.008102
-5.230058 0.008207
-5.221305 0.008313
-5.212553 0.008421
-5.203801 0.008532
-5.195049 0.008645
-5.186297 0.008760
-5.177544 0.008877
-5.168792 0.008997
-5.160040 0.009120
-5.151288 0.009245
-5.142536 0.009372
-5.133783 0.009503
-5.125031 0.009636
-5.116279 0.009772
-5.107527 0.009910
-5.098775 0.010052
-5.090023 0.010197
-5.081270 0.010345
-5.072518 0.010497
-5.063766 0.010652
-5.055014 0.010810
-5.046262 0.010972
-5.037509 0.011138
-5.028757 0.011308
-5.020005 0.011481
-5.011253 0.011659
-5.002501 0.011841
-4.993748 0.012027
-4.984996 0.012218
-4.976244 0.012413
-4.967492 0.012613
-4.958740 0.012818
-4.949987 0.013029
-4.941235 0.013244
-4.932483 0.013465
-4.923731 0.013692
-4.914979 0.013924
-4.906227 0.014163
-4.897474 0.014408
-4.888722 0.014659
-4.879970 0.014917
-4.871218 0.015182
-4.862466 0.015454
-4.853713 0.015734
-4.844961 0.016021
-4.836209 0.016317
-4.827457 0.016620
-4.818705 0.016933
-4.809952 0.017254
-4.801200 0.017585
-4.792448 0.017926
-4.783696 0.018276
-4.774944 0.018638
-4.766192 0.019010
-4.757439 0.019393
-4.748687 0.019788
-4.739935 0.020196
-4.731183 0.020616
-4.722431 0.021050
-4.713678 0.021498
-4.704926 0.021960
-4.696174 0.022437
-4.687422 0.022931
-4.678670 0.023440
-4.669917 0.023968
-4.661165 0.024513
-4.652413 0.025077
-4.643661 0.025660
-4.634909 0.026265
-4.626157 0.026891
-4.617404 0.027540
-4.608652 0.028212
-4.599900 0.028909
-4.591148 0.029633
-4.582396 0.030383
-4.573643 0.031163
-4.564891 0.031972
-4.556139 0.032813
-4.547387 0.033688
-4.538635 0.034597
-4.529882 0.035543
-4.521130 0.036528
-4.512378 0.037553
-4.503626 0.038620
-4.494874 0.039733
-4.486122 0.040893
-4.477369 0.042103
-4.468617 0.043365
-4.459865 0.044682
-4.451113 0.046057
-4.442361 0.047493
-4.433608 0.048993
-4.424856 0.050561
-4.416104 0.052199
-4.407352 0.053912
-4.398600 0.055703
-4.389847 0.057576
-4.381095 0.059535
-4.372343 0.061584
-4.363591 0.063727
-4.354839 0.065969
-4.346087 0.068314
-4.337334 0.070765
-4.328582 0.073328
-4.319830 0.076007
-4.311078 0.078805
-4.302326 0.081727
-4.293573 0.084777
-4.284821 0.087957
-4.276069 0.091272
-4.267317 0.094725
-4.258565 0.098316
-4.249812 0.102050
-4.241060 0.105926
-4.232308 0.109945
-4.223556 0.114108
-4.214804 0.118413
-4.206052 0.122858
-4.197299 0.127440
-4.188547 0.132156
-4.179795 0.136999
-4.171043 0.141964
-4.162291 0.147043
-4.153538 0.152228
-4.144786 0.157507
-4.136034 0.162869
-4.127282 0.168302
-4.118530 0.173791
-4.109777 0.179322
-4.101025 0.184876
-4.092273 0.190437
-4.083521 0.195986
-4.074769 0.201503
-4.066017 0.206967
-4.057264 0.212358
-4.048512 0.217652
-4.039760 0.222829
-4.031008 0.227865
-4.022256 0.232739
-4.013503 0.237426
-4.004751 0.241907
-3.995999 0.246158
-3.987247 0.250159
-3.978495 0.253889
-3.969742 0.257331
-3.960990 0.260465
-3.952238 0.263276
-3.943486 0.265748
-3.934734 0.267869
-3.925981 0.269625
-3.917229 0.271009
-3.908477 0.272012
-3.899725 0.272629
-3.890973 0.272856
-3.882221 0.272691
-3.873468 0.272137
-3.864716 0.271195
-3.855964 0.269870
-3.847212 0.268171
-3.838460 0.266106
-3.829707 0.263686
-3.820955 0.260924
-3.812203 0.257836
-3.803451 0.254438
-3.794699 0.250746
-3.785946 0.246781
-3.777194 0.242563
-3.768442 0.238112
-3.759690 0.233450
-3.750938 0.228600
-3.742186 0.223584
-3.733433 0.218426
-3.724681 0.213147
-3.715929 0.207770
-3.707177 0.202318
-3.698425 0.196812
-3.689672 0.191273
-3.680920 0.185720
-3.672168 0.180174
-3.663416 0.174651
-3.654664 0.169169
-3.645911 0.163743
-3.637159 0.158388
-3.628407 0.153116
-3.619655 0.147939
-3.610903 0.142868
-3.602151 0.137910
-3.593398 0.133075
-3.584646 0.128368
-3.575894 0.123795
-3.567142 0.119359
-3.558390 0.115065
-3.549637 0.110912
-3.540885 0.106904
-3.532133 0.103039
-3.523381 0.099318
-3.514629 0.095738
-3.505876 0.092299
-3.497124 0.088997
-3.488372 0.085831
-3.479620 0.082796
-3.470868 0.079889
-3.462116 0.077106
-3.453363 0.074444
-3.444611 0.071897
-3.435859 0.069463
-3.427107 0.067136
-3.418355 0.064913
-3.409602 0.062789
-3.400850 0.060760
-3.392098 0.058821
-3.383346 0.056969
-3.374594 0.055200
-3.365841 0.053509
-3.357089 0.051894
-3.348337 0.050350
-3.339585 0.048874
-3.330833 0.047463
-3.322081 0.046113
-3.313328 0.044823
-3.304576 0.043588
-3.295824 0.042406
-3.287072 0.041274
-3.278320 0.040191
-3.269567 0.039153
-3.260815 0.038158
-3.252063 0.037205
-3.243311 0.036291
-3.234559 0.035415
-3.225806 0.034574
-3.217054 0.033768
-3.208302 0.032994
-3.199550 0.032251
-3.190798 0.031538
-3.182046 0.030853
-3.173293 0.030194
-3.164541 0.029562
-3.155789 0.028955
-3.147037 0.028371
-3.138285 0.027810
-3.129532 0.027270
-3.120780 0.026752
-3.112028 0.026253
-3.103276 0.025774
-3.094524 0.025313
-3.085771 0.024870
-3.077019 0.024445
-3.068267 0.024036
-3.059515 0.023642
-3.050763 0.023265
-3.042011 0.022902
-3.033258 0.022553
-3.024506 0.022219
-3.015754 0.021898
-3.007002 0.021590
-2.998250 0.021295
-2.989497 0.021012
-2.980745 0.020742
-2.971993 0.020483
-2.963241 0.020236
-2.954489 0.020000
-2.945736 0.019775
-2.936984 0.019561
-2.928232 0.019357
-2.919480 0.019164
-2.910728 0.018981
-2.901975 0.018808
-2.893223 0.018645
-2.884471 0.018492
-2.875719 0.018349
-2.866967 0.018215
-2.858215 0.018092
-2.849462 0.017978
-2.840710 0.017873
-2.831958 0.017778
-2.823206 0.017693
-2.814454 0.017617
-2.805701 0.017551
-2.796949 0.017495
-2.788197 0.017448
-2.779445 0.017412
-2.770693 0.017385
-2.761940 0.017369
-2.753188 0.017363
-2.744436 0.017368
-2.735684 0.017384
-2.726932 0.017410
-2.718180 0.017448
-2.709427 0.017497
-2.700675 0.017558
-2.691923 0.017631
-2.683171 0.017716
-2.674419 0.017814
-2.665666 0.017925
-2.656914 0.018050
-2.648162 0.018188
-2.639410 0.018340
-2.630658 0.018507
-2.621905 0.018688
-2.613153 0.018885
-2.604401 0.019098
-2.595649 0.019327
-2.586897 0.019573
-2.578145 0.019836
-2.569392 0.020117
-2.560640 0.020415
-2.551888 0.020732
-2.543136 0.021068
-2.534384 0.021423
-2.525631 0.021797
-2.516879 0.022192
-2.508127 0.022607
-2.499375 0.023042
-2.490623 0.023498
-2.481870 0.023975
-2.473118 0.024474
-2.464366 0.024993
-2.455614 0.025534
-2.446862 0.026096
-2.438110 0.026679
-2.429357 0.027284
-2.420605 0.027909
-2.411853 0.028554
-2.403101 0.029219
-2.394349 0.029903
-2.385596 0.030606
-2.376844 0.031327
-2.368092 0.032064
-2.359340 0.032817
-2.350588 0.033583
-2.341835 0.034363
-2.333083 0.035154
-2.324331 0.035954
-2.315579 0.036762
-2.306827 0.037574
-2.298075 0.038390
-2.289322 0.039207
-2.280570 0.040021
-2.271818 0.040831
-2.263066 0.041633
-2.254314 0.042425
-2.245561 0.043204
-2.236809 0.043966
-2.228057 0.044710
-2.219305 0.045432
-2.210553 0.046129
-2.201800 0.046798
-2.193048 0.047438
-2.184296 0.048045
-2.175544 0.048618
-2.166792 0.049154
-2.158040 0.049652
-2.149287 0.050111
-2.140535 0.050528
-2.131783 0.050905
-2.123031 0.051239
-2.114279 0.051531
-2.105526 0.051780
-2.096774 0.051986
-2.088022 0.052151
-2.079270 0.052273
-2.070518 0.052355
-2.061765 0.052397
-2.053013 0.052400
-2.044261 0.052364
-2.035509 0.052291
-2.026757 0.052181
-2.018005 0.052036
-2.009252 0.051856
-2.000500 0.051642
-1.991748 0.051395
-1.982996 0.051115
-1.974244 0.050803
-1.965491 0.050458
-1.956739 0.050083
-1.947987 0.049676
-1.939235 0.049238
-1.930483 0.048770
-1.921730 0.048271
-1.912978 0.047742
-1.904226 0.047184
-1.895474 0.046597
-1.886722 0.045982
-1.877969 0.045339
-1.869217 0.044669
-1.860465 0.043974
-1.851713 0.043254
-1.842961 0.042512
-1.834209 0.041749
-1.825456 0.040966
-1.816704 0.040166
-1.807952 0.039350
-1.799200 0.038521
-1.790448 0.037682
-1.781695 0.036833
-1.772943 0.035979
-1.764191 0.035121
-1.755439 0.034261
-1.746687 0.033402
-1.737934 0.032547
-1.729182 0.031697
-1.720430 0.030855
-1.711678 0.030023
-1.702926 0.029202
-1.694174 0.028395
-1.685421 0.027603
-1.676669 0.026827
-1.667917 0.026069
-1.659165 0.025330
-1.650413 0.024610
-1.641660 0.023911
-1.632908 0.023233
-1.624156 0.022576
-1.615404 0.021941
-1.606652 0.021328
-1.597899 0.020737
-1.589147 0.020168
-1.580395 0.019620
-1.571643 0.019093
-1.562891 0.018587
-1.554139 0.018102
-1.545386 0.017635
-1.536634 0.017188
-1.527882 0.016759
-1.519130 0.016348
-1.510378 0.015953
-1.501625 0.015574
-1.492873 0.015210
-1.484121 0.014861
-1.475369 0.014526
-1.466617 0.014203
-1.457864 0.013893
-1.449112 0.013594
-1.440360 0.013306
-1.431608 0.013028
-1.422856 0.012760
-1.414104 0.012500
-1.405351 0.012249
-1.396599 0.012006
-1.387847 0.011771
-1.379095 0.011542
-1.370343 0.011320
-1.361590 0.011104
-1.352838 0.010895
-1.344086 0.010691
-1.335334 0.010493
-1.326582 0.010300
-1.317829 0.010112
-1.309077 0.009930
-1.300325 0.009752
-1.291573 0.009579
-1.282821 0.009410
-1.274069 0.009247
-1.265316 0.009087
-1.256564 0.008932
-1.247812 0.008782
-1.239060 0.008636
-1.230308 0.008494
-1.221555 0.008356
-1.212803 0.008223
-1.204051 0.008094
-1.195299 0.007969
-1.186547 0.007848
-1.177794 0.007732
-1.169042 0.007619
-1.160290 0.007511
-1.151538 0.007406
-1.142786 0.007306
-1.134034 0.007210
-1.125281 0.007118
-1.116529 0.007030
-1.107777 0.006945
-1.099025 0.006865
-1.090273 0.006789
-1.081520 0.006717
-1.072768 0.006649
-1.064016 0.006584
-1.055264 0.006524
-1.046512 0.006467
-1.037759 0.006415
-1.029007 0.006367
-1.020255 0.006322
-1.011503 0.006282
-1.002751 0.006246
-0.993998 0.006213
-0.985246 0.006185
-0.976494 0.006161
-0.967742 0.006142
-0.958990 0.006126
-0.950238 0.006115
-0.941485 0.006108
-0.932733 0.006106
-0.923981 0.006108
-0.915229 0.006115
-0.906477 0.006126
-0.897724 0.006142
-0.888972 0.006163
-0.880220 0.006189
-0.871468 0.006219
-0.862716 0.006254
-0.853963 0.006295
-0.845211 0.006340
-0.836459 0.006390
-0.827707 0.006445
-0.818955 0.006505
-0.810203 0.006569
-0.801450 0.006638
-0.792698 0.006712
-0.783946 0.006790
-0.775194 0.006872
-0.766442 0.006958
-0.757689 0.007047
-0.748937 0.007139
-0.740185 0.007234
-0.731433 0.007332
-0.722681 0.007431
-0.713928 0.007531
-0.705176 0.007632
-0.696424 0.007732
-0.687672 0.007832
-0.678920 0.007930
-0.670168 0.008026
-0.661415 0.008119
-0.652663 0.008208
-0.643911 0.008292
-0.635159 0.008371
-0.626407 0.008444
-0.617654 0.008510
-0.608902 0.008568
-0.600150 0.008618
-0.591398 0.008658
-0.582646 0.008690
-0.573893 0.008712
-0.565141 0.008723
-0.556389 0.008724
-0.547637 0.008714
-0.538885 0.008693
-0.530133 0.008662
-0.521380 0.008619
-0.512628 0.008566
-0.503876 0.008503
-0.495124 0.008430
-0.486372 0.008348
-0.477619 0.008256
-0.468867 0.008157
-0.460115 0.008049
-0.451363 0.007935
-0.442611 0.007814
-0.433858 0.007688
-0.425106 0.007557
-0.416354 0.007422
-0.407602 0.007284
-0.398850 0.007144
-0.390098 0.007002
-0.381345 0.006858
-0.372593 0.006715
-0.363841 0.006571
-0.355089 0.006429
-0.346337 0.006288
-0.337584 0.006149
-0.328832 0.006011
-0.320080 0.005877
-0.311328 0.005745
-0.302576 0.005617
-0.293823 0.005492
-0.285071 0.005370
-0.276319 0.005252
-0.267567 0.005137
-0.258815 0.005027
-0.250063 0.004920
-0.241310 0.004816
-0.232558 0.004716
-0.223806 0.004620
-0.215054 0.004527
-0.206302 0.004437
-0.197549 0.004351
-0.188797 0.004267
-0.180045 0.004187
-0.171293 0.004109
-0.162541 0.004033
-0.153788 0.003960
-0.145036 0.003890
-0.136284 0.003821
-0.127532 0.003755
-0.118780 0.003690
-0.110028 0.003627
-0.101275 0.003566
-0.092523 0.003506
-0.083771 0.003448
-0.075019 0.003391
-0.066267 0.003336
-0.057514 0.003282
-0.048762 0.003229
-0.040010 0.003177
-0.031258 0.003126
-0.022506 0.003077
-0.013753 0.003029
-0.005001 0.002981
0.003751 0.002935
0.012503 0.002890
0.021255 0.002846
0.030008 0.002803
0.038760 0.002760
0.047512 0.002719
0.056264 0.002679
0.065016 0.002640
0.073768 0.002602
0.082521 0.002564
0.091273 0.002528
0.100025 0.002493
0.108777 0.002458
0.117529 0.002425
0.126282 0.002392
0.135034 0.002360
0.143786 0.002329
0.152538 0.002299
0.161290 0.002270
0.170043 0.002242
0.178795 0.002214
0.187547 0.002187
0.196299 0.002161
0.205051 0.002135
0.213803 0.002111
0.222556 0.002087
0.231308 0.002063
0.240060 0.002040
0.248812 0.002018
0.257564 0.001997
0.266317 0.001976
0.275069 0.001955
0.283821 0.001935
0.292573 0.001916
0.301325 0.001897
0.310078 0.001878
0.318830 0.001860
0.327582 0.001842
0.336334 0.001825
0.345086 0.001808
0.353838 0.001792
0.362591 0.001776
0.371343 0.001760
0.380095 0.001745
0.388847 0.001730
0.397599 0.001715
0.406352 0.001701
0.415104 0.001687
0.423856 0.001673
0.432608 0.001660
0.441360 0.001647
0.450113 0.001634
0.458865 0.001621
0.467617 0.001609
0.476369 0.001596
0.485121 0.001584
0.493873 0.001573
0.502626 0.001561
0.511378 0.001550
0.520130 0.001539
0.528882 0.001528
0.537634 0.001517
0.546387 0.001506
0.555139 0.001496
0.563891 0.001486
0.572643 0.001476
0.581395 0.001466
0.590148 0.001456
0.598900 0.001447
0.607652 0.001437
0.616404 0.001428
0.625156 0.001419
0.633908 0.001410
0.642661 0.001401
0.651413 0.001392
0.660165 0.001384
0.668917 0.001375
0.677669 0.001367
0.686422 0.001359
0.695174 0.001351
0.703926 0.001343
0.712678 0.001335
0.721430 0.001327
0.730183 0.001319
0.738935 0.001312
0.747687 0.001304
0.756439 0.001297
0.765191 0.001290
0.773943 0.001283
0.782696 0.001275
0.791448 0.001268
0.800200 0.001262
0.808952 0.001255
0.817704 0.001248
0.826457 0.001242
0.835209 0.001235
0.843961 0.001229
0.852713 0.001222
0.861465 0.001216
0.870218 0.001210
0.878970 0.001204
0.887722 0.001197
0.896474 0.001191
0.905226 0.001186
0.913978 0.001180
0.922731 0.001174
0.931483 0.001168
0.940235 0.001163
0.948987 0.001157
0.957739 0.001152
0.966492 0.001146
0.975244 0.001141
0.983996 0.001135
0.992748 0.001130
1.001500 0.001125
1.010253 0.001120
1.019005 0.001115
1.027757 0.001110
1.036509 0.001105
1.045261 0.001100
1.054014 0.001095
1.062766 0.001090
1.071518 0.001085
1.080270 0.001081
1.089022 0.001076
1.097774 0.001072
1.106527 0.001067
1.115279 0.001063
1.124031 0.001058
1.132783 0.001054
1.141535 0.001049
1.150288 0.001045
1.159040 0.001041
1.167792 0.001037
1.176544 0.001033
1.185296 0.001028
1.194049 0.001024
1.202801 0.001020
1.211553 0.001016
1.220305 0.001013
1.229057 0.001009
1.237809 0.001005
1.246562 0.001001
1.255314 0.000997
1.264066 0.000994
1.272818 0.000990
1.281570 0.000986
1.290323 0.000983
1.299075 0.000979
1.307827 0.000976
1.316579 0.000972
1.325331 0.000969
1.334084 0.000965
1.342836 0.000962
1.351588 0.000959
1.360340 0.000956
1.369092 0.000952
1.377844 0.000949
1.386597 0.000946
1.395349 0.000943
1.404101 0.000940
1.412853 0.000937
1.421605 0.000934
1.430358 0.000931
1.439110 0.000928
1.447862 0.000925
1.456614 0.000922
1.465366 0.000919
1.474119 0.000917
1.482871 0.000914
1.491623 0.000911
1.500375 0.000909
1.509127 0.000906
1.517879 0.000903
1.526632 0.000901
1.535384 0.000898
1.544136 0.000896
1.552888 0.000893
1.561640 0.000891
1.570393 0.000889
1.579145 0.000886
1.587897 0.000884
1.596649 0.000882
1.605401 0.000879
1.614154 0.000877
1.622906 0.000875
1.631658 0.000873
1.640410 0.000871
1.649162 0.000869
1.657914 0.000867
1.666667 0.000865
1.675419 0.000863
1.684171 0.000861
1.692923 0.000859
1.701675 0.000857
1.710428 0.000855
1.719180 0.000854
1.727932 0.000852
1.736684 0.000850
1.745436 0.000849
1.754189 0.000847
1.762941 0.000845
1.771693 0.000844
1.780445 0.000842
1.789197 0.000841
1.797949 0.000840
1.806702 0.000838
1.815454 0.000837
1.824206 0.000836
1.832958 0.000834
1.841710 0.000833
1.850463 0.000832
1.859215 0.000831
1.867967 0.000830
1.876719 0.000829
1.885471 0.000828
1.894224 0.000827
1.902976 0.000826
1.911728 0.000825
1.920480 0.000824
1.929232 0.000824
1.937984 0.000823
1.946737 0.000822
1.955489 0.000822
1.964241 0.000821
1.972993 0.000821
1.981745 0.000820
1.990498 0.000820
1.999250 0.000819
2.008002 0.000819
2.016754 0.000819
2.025506 0.000819
2.034259 0.000819
2.043011 0.000819
2.051763 0.000819
2.060515 0.000819
2.069267 0.000819
2.078020 0.000819
2.086772 0.000820
2.095524 0.000820
2.104276 0.000820
2.113028 0.000821
2.121780 0.000822
2.130533 0.000822
2.139285 0.000823
2.148037 0.000824
2.156789 0.000825
2.165541 0.000826
2.174294 0.000827
2.183046 0.000828
2.191798 0.000830
2.200550 0.000831
2.209302 0.000833
2.218055 0.000834
2.226807 0.000836
2.235559 0.000838
2.244311 0.000840
2.253063 0.000842
2.261815 0.000844
2.270568 0.000846
2.279320 0.000849
2.288072 0.000851
2.296824 0.000854
2.305576 0.000857
2.314329 0.000860
2.323081 0.000863
2.331833 0.000867
2.340585 0.000870
2.349337 0.000874
2.358090 0.000878
2.366842 0.000882
2.375594 0.000887
2.384346 0.000891
2.393098 0.000896
2.401850 0.000901
2.410603 0.000906
2.419355 0.000912
2.428107 0.000918
2.436859 0.000924
2.445611 0.000930
2.454364 0.000937
2.463116 0.000943
2.471868 0.000951
2.480620 0.000958
2.489372 0.000966
2.498125 0.000974
2.506877 0.000983
2.515629 0.000992
2.524381 0.001001
2.533133 0.001011
2.541885 0.001021
2.550638 0.001031
2.559390 0.001042
2.568142 0.001054
2.576894 0.001066
2.585646 0.001078
2.594399 0.001091
2.603151 0.001104
2.611903 0.001118
2.620655 0.001132
2.629407 0.001147
2.638160 0.001163
2.646912 0.001179
2.655664 0.001195
2.664416 0.001212
2.673168 0.001230
2.681920 0.001248
2.690673 0.001267
2.699425 0.001287
2.708177 0.001307
2.716929 0.001328
2.725681 0.001350
2.734434 0.001373
2.743186 0.001396
2.751938 0.001420
2.760690 0.001446
2.769442 0.001472
2.778195 0.001499
2.786947 0.001527
2.795699 0.001556
2.804451 0.001586
2.813203 0.001618
2.821955 0.001650
2.830708 0.001684
2.839460 0.001720
2.848212 0.001756
2.856964 0.001795
2.865716 0.001835
2.874469 0.001876
2.883221 0.001919
2.891973 0.001964
2.900725 0.002011
2.909477 0.002059
2.918230 0.002110
2.926982 0.002162
2.935734 0.002216
2.944486 0.002272
2.953238 0.002330
2.961990 0.002390
2.970743 0.002451
2.979495 0.002514
2.988247 0.002579
2.996999 0.002645
3.005751 0.002713
3.014504 0.002782
3.023256 0.002852
3.032008 0.002923
3.040760 0.002995
3.049512 0.003068
3.058265 0.003141
3.067017 0.003213
3.075769 0.003286
3.084521 0.003359
3.093273 0.003430
3.102026 0.003501
3.110778 0.003571
3.119530 0.003639
3.128282 0.003706
3.137034 0.003771
3.145786 0.003833
3.154539 0.003894
3.163291 0.003951
3.172043 0.004006
3.180795 0.004058
3.189547 0.004107
3.198300 0.004152
3.207052 0.004194
3.215804 0.004233
3.224556 0.004267
3.233308 0.004298
3.242061 0.004325
3.250813 0.004348
3.259565 0.004366
3.268317 0.004381
3.277069 0.004391
3.285821 0.004397
3.294574 0.004398
3.303326 0.004396
3.312078 0.004388
3.320830 0.004377
3.329582 0.004361
3.338335 0.004340
3.347087 0.004316
3.355839 0.004287
3.364591 0.004254
3.373343 0.004216
3.382096 0.004175
3.390848 0.004129
3.399600 0.004080
3.408352 0.004027
3.417104 0.003971
3.425856 0.003911
3.434609 0.003848
3.443361 0.003782
3.452113 0.003714
3.460865 0.003643
3.469617 0.003570
3.478370 0.003496
3.487122 0.003419
3.495874 0.003342
3.504626 0.003263
3.513378 0.003184
3.522131 0.003105
3.530883 0.003025
3.539635 0.002945
3.548387 0.002866
3.557139 0.002787
3.565891 0.002710
3.574644 0.002633
3.583396 0.002557
3.592148 0.002483
3.600900 0.002411
3.609652 0.002340
3.618405 0.002271
3.627157 0.002203
3.635909 0.002138
3.644661 0.002075
3.653413 0.002013
3.662166 0.001954
3.670918 0.001897
3.679670 0.001842
3.688422 0.001789
3.697174 0.001738
3.705926 0.001689
3.714679 0.001642
3.723431 0.001597
3.732183 0.001554
3.740935 0.001513
3.749687 0.001473
3.758440 0.001435
3.767192 0.001399
3.775944 0.001364
3.784696 0.001331
3.793448 0.001299
3.802201 0.001268
3.810953 0.001239
3.819705 0.001211
3.828457 0.001185
3.837209 0.001159
3.845961 0.001135
3.854714 0.001111
3.863466 0.001089
3.872218 0.001067
3.880970 0.001046
3.889722 0.001027
3.898475 0.001008
3.907227 0.000989
3.915979 0.000972
3.924731 0.000955
3.933483 0.000939
3.942236 0.000923
3.950988 0.000908
3.959740 0.000894
3.968492 0.000880
3.977244 0.000867
3.985996 0.000854
3.994749 0.000841
4.003501 0.000829
4.012253 0.000818
4.021005 0.000806
4.029757 0.000796
4.038510 0.000785
4.047262 0.000775
4.056014 0.000765
4.064766 0.000756
4.073518 0.000747
4.082271 0.000738
4.091023 0.000729
4.099775 0.000721
4.108527 0.000713
4.117279 0.000705
4.126032 0.000698
4.134784 0.000690
4.143536 0.000683
4.152288 0.000676
4.161040 0.000669
4.169792 0.000663
4.178545 0.000657
4.187297 0.000650
4.196049 0.000644
4.204801 0.000638
4.213553 0.000633
4.222306 0.000627
4.231058 0.000622
4.239810 0.000616
4.248562 0.000611
4.257314 0.000606
4.266067 0.000601
4.274819 0.000597
4.283571 0.000592
4.292323 0.000587
4.301075 0.000583
4.309827 0.000579
4.318580 0.000574
4.327332 0.000570
4.336084 0.000566
4.344836 0.000562
4.353588 0.000558
4.362341 0.000555
4.371093 0.000551
4.379845 0.000547
4.388597 0.000544
4.397349 0.000540
4.406102 0.000537
4.414854 0.000534
4.423606 0.000530
4.432358 0.000527
4.441110 0.000524
4.449862 0.000521
4.458615 0.000518
4.467367 0.000515
4.476119 0.000512
4.484871 0.000509
4.493623 0.000506
4.502376 0.000504
4.511128 0.000501
4.519880 0.000498
4.528632 0.000496
4.537384 0.000493
4.546137 0.000491
4.554889 0.000488
4.563641 0.000486
4.572393 0.000484
4.581145 0.000481
4.589897 0.000479
4.598650 0.000477
4.607402 0.000475
4.616154 0.000472
4.624906 0.000470
4.633658 0.000468
4.642411 0.000466
4.651163 0.000464
4.659915 0.000462
4.668667 0.000460
4.677419 0.000458
4.686172 0.000456
4.694924 0.000455
4.703676 0.000453
4.712428 0.000451
4.721180 0.000449
4.729932 0.000447
4.738685 0.000446
4.747437 0.000444
4.756189 0.000442
4.764941 0.000441
4.773693 0.000439
4.782446 0.000437
4.791198 0.000436
4.799950 0.000434
4.808702 0.000433
4.817454 0.000431
4.826207 0.000430
4.834959 0.000428
4.843711 0.000427
4.852463 0.000425
4.861215 0.000424
4.869967 0.000423
4.878720 0.000421
4.887472 0.000420
4.896224 0.000418
4.904976 0.000417
4.913728 0.000416
4.922481 0.000415
4.931233 0.000413
4.939985 0.000412
4.948737 0.000411
4.957489 0.000410
4.966242 0.000408
4.974994 0.000407
4.983746 0.000406
4.992498 0.000405
5.001250 0.000404
5.010003 0.000403
5.018755 0.000401
5.027507 0.000400
5.036259 0.000399
5.045011 0.000398
5.053763 0.000397
5.062516 0.000396
5.071268 0.000395
5.080020 0.000394
5.088772 0.000393
5.097524 0.000392
5.106277 0.000391
5.115029 0.000390
5.123781 0.000389
5.132533 0.000388
5.141285 0.000387
5.150038 0.000386
5.158790 0.000385
5.167542 0.000384
5.176294 0.000383
5.185046 0.000383
5.193798 0.000382
5.202551 0.000381
5.211303 0.000380
5.220055 0.000379
5.228807 0.000378
5.237559 0.000377
5.246312 0.000377
5.255064 0.000376
5.263816 0.000375
5.272568 0.000374
5.281320 0.000373
5.290073 0.000373
5.298825 0.000372
5.307577 0.000371
5.316329 0.000370
5.325081 0.000370
5.333833 0.000369
5.342586 0.000368
5.351338 0.000367
5.360090 0.000367
5.368842 0.000366
5.377594 0.000365
5.386347 0.000364
5.395099 0.000364
5.403851 0.000363
5.412603 0.000362
5.421355 0.000362
5.430108 0.000361
5.438860 0.000360
5.447612 0.000360
5.456364 0.000359
5.465116 0.000358
5.473868 0.000358
5.482621 0.000357
5.491373 0.000357
5.500125 0.000356
5.508877 0.000355
5.517629 0.000355
5.526382 0.000354
5.535134 0.000354
5.543886 0.000353
5.552638 0.000352
5.561390 0.000352
5.570143 0.000351
5.578895 0.000351
5.587647 0.000350
5.596399 0.000350
5.605151 0.000349
5.613903 0.000349
5.622656 0.000348
5.631408 0.000348
5.640160 0.000347
5.648912 0.000347
5.657664 0.000346
5.666417 0.000346
5.675169 0.000345
5.683921 0.000345
5.692673 0.000344
5.701425 0.000344
5.710178 0.000343
5.718930 0.000343
5.727682 0.000342
5.736434 0.000342
5.745186 0.000341
5.753938 0.000341
5.762691 0.000340
5.771443 0.000340
5.780195 0.000339
5.788947 0.000339
5.797699 0.000339
5.806452 0.000338
5.815204 0.000338
5.823956 0.000337
5.832708 0.000337
5.841460 0.000336
5.850213 0.000336
5.858965 0.000336
5.867717 0.000335
5.876469 0.000335
5.885221 0.000334
5.893973 0.000334
5.902726 0.000334
5.911478 0.000333
5.920230 0.000333
5.928982 0.000333
5.937734 0.000332
5.946487 0.000332
5.955239 0.000331
5.963991 0.000331
5.972743 0.000331
5.981495 0.000330
5.990248 0.000330
5.999000 0.000330
6.007752 0.000329
6.016504 0.000329
6.025256 0.000329
6.034009 0.000328
6.042761 0.000328
6.051513 0.000328
6.060265 0.000327
6.069017 0.000327
6.077769 0.000327
6.086522 0.000327
6.095274 0.000326
6.104026 0.000326
6.112778 0.000326
6.121530 0.000325
6.130283 0.000325
6.139035 0.000325
6.147787 0.000325
6.156539 0.000324
6.165291 0.000324
6.174044 0.000324
6.182796 0.000323
6.191548 0.000323
6.200300 0.000323
6.209052 0.000323
6.217804 0.000322
6.226557 0.000322
6.235309 0.000322
6.244061 0.000322
6.252813 0.000321
6.261565 0.000321
6.270318 0.000321
6.279070 0.000321
6.287822 0.000320
6.296574 0.000320
6.305326 0.000320
6.314079 0.000320
6.322831 0.000320
6.331583 0.000319
6.340335 0.000319
6.349087 0.000319
6.357839 0.000319
6.366592 0.000319
6.375344 0.000318
6.384096 0.000318
6.392848 0.000318
6.401600 0.000318
6.410353 0.000318
6.419105 0.000317
6.427857 0.000317
6.436609 0.000317
6.445361 0.000317
6.454114 0.000317
6.462866 0.000317
6.471618 0.000316
6.480370 0.000316
6.489122 0.000316
6.497874 0.000316
6.506627 0.000316
6.515379 0.000316
6.524131 0.000315
6.532883 0.000315
6.541635 0.000315
6.550388 0.000315
6.559140 0.000315
6.567892 0.000315
6.576644 0.000315
6.585396 0.000314
6.594149 0.000314
6.602901 0.000314
6.611653 0.000314
6.620405 0.000314
6.629157 0.000314
6.637909 0.000314
6.646662 0.000314
6.655414 0.000314
6.664166 0.000313
6.672918 0.000313
6.681670 0.000313
6.690423 0.000313
6.699175 0.000313
6.707927 0.000313
6.716679 0.000313
6.725431 0.000313
6.734184 0.000313
6.742936 0.000313
6.751688 0.000313
6.760440 0.000312
6.769192 0.000312
6.777944 0.000312
6.786697 0.000312
6.795449 0.000312
6.804201 0.000312
6.812953 0.000312
6.821705 0.000312
6.830458 0.000312
6.839210 0.000312
6.847962 0.000312
6.856714 0.000312
6.865466 0.000312
6.874219 0.000312
6.882971 0.000312
6.891723 0.000312
6.900475 0.000312
6.909227 0.000312
6.917979 0.000312
6.926732 0.000312
6.935484 0.000311
6.944236 0.000311
6.952988 0.000311
6.961740 0.000311
6.970493 0.000311
6.979245 0.000311
6.987997 0.000311
6.996749 0.000311
7.005501 0.000311
7.014254 0.000311
7.023006 0.000311
7.031758 0.000311
7.040510 0.000311
7.049262 0.000311
7.058015 0.000311
7.066767 0.000311
7.075519 0.000311
7.084271 0.000311
7.093023 0.000311
7.101775 0.000311
7.110528 0.000312
7.119280 0.000312
7.128032 0.000312
7.136784 0.000312
7.145536 0.000312
7.154289 0.000312
7.163041 0.000312
7.171793 0.000312
7.180545 0.000312
7.189297 0.000312
7.198050 0.000312
7.206802 0.000312
7.215554 0.000312
7.224306 0.000312
7.233058 0.000312
7.241810 0.000312
7.250563 0.000312
7.259315 0.000312
7.268067 0.000312
7.276819 0.000313
7.285571 0.000313
7.294324 0.000313
7.303076 0.000313
7.311828 0.000313
7.320580 0.000313
7.329332 0.000313
7.338085 0.000313
7.346837 0.000313
7.355589 0.000313
7.364341 0.000313
7.373093 0.000314
7.381845 0.000314
7.390598 0.000314
7.399350 0.000314
7.408102 0.000314
7.416854 0.000314
7.425606 0.000314
7.434359 0.000314
7.443111 0.000314
7.451863 0.000315
7.460615 0.000315
7.469367 0.000315
7.478120 0.000315
7.486872 0.000315
7.495624 0.000315
7.504376 0.000315
7.513128 0.000316
7.521880 0.000316
7.530633 0.000316
7.539385 0.000316
7.548137 0.000316
7.556889 0.000316
7.565641 0.000316
7.574394 0.000317
7.583146 0.000317
7.591898 0.000317
7.600650 0.000317
7.609402 0.000317
7.618155 0.000317
7.626907 0.000318
7.635659 0.000318
7.644411 0.000318
7.653163 0.000318
7.661915 0.000318
7.670668 0.000319
7.679420 0.000319
7.688172 0.000319
7.696924 0.000319
7.705676 0.000319
7.714429 0.000320
7.723181 0.000320
7.731933 0.000320
7.740685 0.000320
7.749437 0.000321
7.758190 0.000321
7.766942 0.000321
7.775694 0.000321
7.784446 0.000321
7.793198 0.000322
7.801950 0.000322
7.810703 0.000322
7.819455 0.000322
7.828207 0.000323
7.836959 0.000323
7.845711 0.000323
7.854464 0.000323
7.863216 0.000324
7.871968 0.000324
7.880720 0.000324
7.889472 0.000324
7.898225 0.000325
7.906977 0.000325
7.915729 0.000325
7.924481 0.000326
7.933233 0.000326
7.941985 0.000326
7.950738 0.000326
7.959490 0.000327
7.968242 0.000327
7.976994 0.000327
7.985746 0.000328
7.994499 0.000328
8.003251 0.000328
8.012003 0.000329
8.020755 0.000329
8.029507 0.000329
8.038260 0.000329
8.047012 0.000330
8.055764 0.000330
8.064516 0.000330
8.073268 0.000331
8.082021 0.000331
8.090773 0.000331
8.099525 0.000332
8.108277 0.000332
8.117029 0.000332
8.125781 0.000333
8.134534 0.000333
8.143286 0.000334
8.152038 0.000334
8.160790 0.000334
8.169542 0.000335
8.178295 0.000335
8.187047 0.000335
8.195799 0.000336
8.204551 0.000336
8.213303 0.000337
8.222056 0.000337
8.230808 0.000337
8.239560 0.000338
8.248312 0.000338
8.257064 0.000339
8.265816 0.000339
8.274569 0.000339
8.283321 0.000340
8.292073 0.000340
8.300825 0.000341
8.309577 0.000341
8.318330 0.000341
8.327082 0.000342
8.335834 0.000342
8.344586 0.000343
8.353338 0.000343
8.362091 0.000344
8.370843 0.000344
8.379595 0.000345
8.388347 0.000345
8.397099 0.000346
8.405851 0.000346
8.414604 0.000346
8.423356 0.000347
8.432108 0.000347
8.440860 0.000348
8.449612 0.000348
8.458365 0.000349
8.467117 0.000349
8.475869 0.000350
8.484621 0.000350
8.493373 0.000351
8.502126 0.000351
8.510878 0.000352
8.519630 0.000352
8.528382 0.000353
8.537134 0.000354
8.545886 0.000354
8.554639 0.000355
8.563391 0.000355
8.572143 0.000356
8.580895 0.000356
8.589647 0.000357
8.598400 0.000357
8.607152 0.000358
8.615904 0.000358
8.624656 0.000359
8.633408 0.000360
8.642161 0.000360
8.650913 0.000361
8.659665 0.000361
8.668417 0.000362
8.677169 0.000363
8.685921 0.000363
8.694674 0.000364
8.703426 0.000364
8.712178 0.000365
8.720930 0.000366
8.729682 0.000366
8.738435 0.000367
8.747187 0.000368
8.755939 0.000368
8.764691 0.000369
8.773443 0.000369
8.782196 0.000370
8.790948 0.000371
8.799700 0.000371
8.808452 0.000372
8.817204 0.000373
8.825956 0.000373
8.834709 0.000374
8.843461 0.000375
8.852213 0.000376
8.860965 0.000376
8.869717 0.000377
8.878470 0.000378
8.887222 0.000378
8.895974 0.000379
8.904726 0.000380
8.913478 0.000381
8.922231 0.000381
8.930983 0.000382
8.939735 0.000383
8.948487 0.000384
8.957239 0.000384
8.965991 0.000385
8.974744 0.000386
8.983496 0.000387
8.992248 0.000387
9.001000 0.000388
9.009752 0.000389
9.018505 0.000390
9.027257 0.000391
9.036009 0.000391
9.044761 0.000392
9.053513 0.000393
9.062266 0.000394
9.071018 0.000395
9.079770 0.000396
9.088522 0.000396
9.097274 0.000397
9.106027 0.000398
9.114779 0.000399
9.123531 0.000400
9.132283 0.000401
9.141035 0.000402
9.149787 0.000402
9.158540 0.000403
9.167292 0.000404
9.176044 0.000405
9.184796 0.000406
9.193548 0.000407
9.202301 0.000408
9.211053 0.000409
9.219805 0.000410
9.228557 0.000411
9.237309 0.000412
9.246062 0.000413
9.254814 0.000414
9.263566 0.000415
9.272318 0.000416
9.281070 0.000417
9.289822 0.000418
9.298575 0.000419
9.307327 0.000420
9.316079 0.000421
9.324831 0.000422
9.333583 0.000423
9.342336 0.000424
9.351088 0.000425
9.359840 0.000426
9.368592 0.000427
9.377344 0.000428
9.386097 0.000429
9.394849 0.000430
9.403601 0.000431
9.412353 0.000432
9.421105 0.000434
9.429857 0.000435
9.438610 0.000436
9.447362 0.000437
9.456114 0.000438
9.464866 0.000439
9.473618 0.000440
9.482371 0.000442
9.491123 0.000443
9.499875 0.000444
9.508627 0.000445
9.517379 0.000446
9.526132 0.000448
9.534884 0.000449
9.543636 0.000450
9.552388 0.000451
9.561140 0.000453
9.569892 0.000454
9.578645 0.000455
9.587397 0.000456
9.596149 0.000458
9.604901 0.000459
9.613653 0.000460
9.622406 0.000462
9.631158 0.000463
9.639910 0.000464
9.648662 0.000466
9.657414 0.000467
9.666167 0.000468
9.674919 0.000470
9.683671 0.000471
9.692423 0.000472
9.701175 0.000474
9.709927 0.000475
9.718680 0.000477
9.727432 0.000478
9.736184 0.000480
9.744936 0.000481
9.753688 0.000482
9.762441 0.000484
9.771193 0.000485
9.779945 0.000487
9.788697 0.000488
9.797449 0.000490
9.806202 0.000492
9.814954 0.000493
9.823706 0.000495
9.832458 0.000496
9.841210 0.000498
9.849962 0.000499
9.858715 0.000501
9.867467 0.000503
9.876219 0.000504
9.884971 0.000506
9.893723 0.000508
9.902476 0.000509
9.911228 0.000511
9.919980 0.000513
9.928732 0.000514
9.937484 0.000516
9.946237 0.000518
9.954989 0.000519
9.963741 0.000521
9.972493 0.000523
9.981245 0.000525
9.989997 0.000527
9.998750 0.000528
10.007502 0.000530
10.016254 0.000532
10.025006 0.000534
10.033758 0.000536
10.042511 0.000538
10.051263 0.000540
10.060015 0.000542
10.068767 0.000543
10.077519 0.000545
10.086272 0.000547
10.095024 0.000549
10.103776 0.000551
10.112528 0.000553
10.121280 0.000555
10.130033 0.000557
10.138785 0.000559
10.147537 0.000562
10.156289 0.000564
10.165041 0.000566
10.173793 0.000568
10.182546 0.000570
10.191298 0.000572
10.200050 0.000574
10.208802 0.000577
10.217554 0.000579
10.226307 0.000581
10.235059 0.000583
10.243811 0.000585
10.252563 0.000588
10.261315 0.000590
10.270068 0.000592
10.278820 0.000595
10.287572 0.000597
10.296324 0.000599
10.305076 0.000602
10.313828 0.000604
10.322581 0.000607
10.331333 0.000609
10.340085 0.000612
10.348837 0.000614
10.357589 0.000617
10.366342 0.000619
10.375094 0.000622
10.383846 0.000624
10.392598 0.000627
10.401350 0.000630
10.410103 0.000632
10.418855 0.000635
10.427607 0.000638
10.436359 0.000640
10.445111 0.000643
10.453863 0.000646
10.462616 0.000648
10.471368 0.000651
10.480120 0.000654
10.488872 0.000657
10.497624 0.000660
10.506377 0.000663
10.515129 0.000666
10.523881 0.000669
10.532633 0.000672
10.541385 0.000675
10.550138 0.000678
10.558890 0.000681
10.567642 0.000684
10.576394 0.000687
10.585146 0.000690
10.593898 0.000693
10.602651 0.000696
10.611403 0.000700
10.620155 0.000703
10.628907 0.000706
10.637659 0.000710
10.646412 0.000713
10.655164 0.000716
10.663916 0.000720
10.672668 0.000723
10.681420 0.000727
10.690173 0.000730
10.698925 0.000734
10.707677 0.000737
10.716429 0.000741
10.725181 0.000744
10.733933 0.000748
10.742686 0.000752
10.751438 0.000755
10.760190 0.000759
10.768942 0.000763
10.777694 0.000767
10.786447 0.000771
10.795199 0.000775
10.803951 0.000778
10.812703 0.000782
10.821455 0.000786
10.830208 0.000791
10.838960 0.000795
10.847712 0.000799
10.856464 0.000803
10.865216 0.000807
10.873968 0.000811
10.882721 0.000816
10.891473 0.000820
10.900225 0.000824
10.908977 0.000829
10.917729 0.000833
10.926482 0.000838
10.935234 0.000842
10.943986 0.000847
10.952738 0.000852
10.961490 0.000856
10.970243 0.000861
10.978995 0.000866
10.987747 0.000871
10.996499 0.000875
11.005251 0.000880
11.014004 0.000885
11.022756 0.000890
11.031508 0.000895
11.040260 0.000901
11.049012 0.000906
11.057764 0.000911
11.066517 0.000916
11.075269 0.000922
11.084021 0.000927
11.092773 0.000932
11.101525 0.000938
11.110278 0.000944
11.119030 0.000949
11.127782 0.000955
11.136534 0.000961
11.145286 0.000966
11.154039 0.000972
11.162791 0.000978
11.171543 0.000984
11.180295 0.000990
11.189047 0.000996
11.197799 0.001003
11.206552 0.001009
11.215304 0.001015
11.224056 0.001022
11.232808 0.001028
11.241560 0.001035
11.250313 0.001041
11.259065 0.001048
11.267817 0.001055
11.276569 0.001062
11.285321 0.001068
11.294074 0.001075
11.302826 0.001083
11.311578 0.001090
11.320330 0.001097
11.329082 0.001104
11.337834 0.001112
11.346587 0.001119
11.355339 0.001127
11.364091 0.001134
11.372843 0.001142
11.381595 0.001150
11.390348 0.001158
11.399100 0.001166
11.407852 0.001174
11.416604 0.001182
11.425356 0.001191
11.434109 0.001199
11.442861 0.001208
11.451613 0.001216
11.460365 0.001225
11.469117 0.001234
11.477869 0.001243
11.486622 0.001252
11.495374 0.001261
11.504126 0.001270
11.512878 0.001280
11.521630 0.001289
11.530383 0.001299
11.539135 0.001309
11.547887 0.001319
11.556639 0.001329
11.565391 0.001339
11.574144 0.001349
11.582896 0.001360
11.591648 0.001370
11.600400 0.001381
11.609152 0.001392
11.617904 0.001403
11.626657 0.001414
11.635409 0.001425
11.644161 0.001437
11.652913 0.001448
11.661665 0.001460
11.670418 0.001472
11.679170 0.001484
11.687922 0.001496
11.696674 0.001508
11.705426 0.001521
11.714179 0.001534
11.722931 0.001547
11.731683 0.001560
11.740435 0.001573
11.749187 0.001587
11.757939 0.001600
11.766692 0.001614
11.775444 0.001628
11.784196 0.001643
11.792948 0.001657
11.801700 0.001672
11.810453 0.001687
11.819205 0.001702
11.827957 0.001717
11.836709 0.001733
11.845461 0.001749
11.854214 0.001765
11.862966 0.001781
11.871718 0.001798
11.880470 0.001814
11.889222 0.001831
11.897974 0.001849
11.906727 0.001866
11.915479 0.001884
11.924231 0.001903
11.932983 0.001921
11.941735 0.001940
11.950488 0.001959
11.959240 0.001978
11.967992 0.001998
11.976744 0.002018
11.985496 0.002038
11.994249 0.002059
12.003001 0.002080
12.011753 0.002101
12.020505 0.002123
12.029257 0.002145
12.038010 0.002168
12.046762 0.002191
12.055514 0.002214
12.064266 0.002238
12.073018 0.002262
12.081770 0.002286
12.090523 0.002311
12.099275 0.002337
12.108027 0.002363
12.116779 0.002389
12.125531 0.002416
12.134284 0.002443
12.143036 0.002471
12.151788 0.002499
12.160540 0.002528
12.169292 0.002558
12.178045 0.002588
12.186797 0.002618
12.195549 0.002650
12.204301 0.002681
12.213053 0.002714
12.221805 0.002747
12.230558 0.002780
12.239310 0.002815
12.248062 0.002850
12.256814 0.002886
12.265566 0.002922
12.274319 0.002959
12.283071 0.002997
12.291823 0.003036
12.300575 0.003076
12.309327 0.003116
12.318080 0.003158
12.326832 0.003200
12.335584 0.003243
12.344336 0.003287
12.353088 0.003332
12.361840 0.003378
12.370593 0.003425
12.379345 0.003474
12.388097 0.003523
12.396849 0.003573
12.405601 0.003625
12.414354 0.003678
12.423106 0.003732
12.431858 0.003787
12.440610 0.003844
12.449362 0.003902
12.458115 0.003961
12.466867 0.004022
12.475619 0.004085
12.484371 0.004149
12.493123 0.004214
12.501875 0.004282
12.510628 0.004351
12.519380 0.004422
12.528132 0.004494
12.536884 0.004569
12.545636 0.004646
12.554389 0.004724
12.563141 0.004805
12.571893 0.004888
12.580645 0.004974
12.589397 0.005061
12.598150 0.005152
12.606902 0.005245
12.615654 0.005340
12.624406 0.005439
12.633158 0.005540
12.641910 0.005644
12.650663 0.005752
12.659415 0.005863
12.668167 0.005977
12.676919 0.006094
12.685671 0.006216
12.694424 0.006341
12.703176 0.006471
12.711928 0.006604
12.720680 0.006742
12.729432 0.006885
12.738185 0.007032
12.746937 0.007185
12.755689 0.007342
12.764441 0.007505
12.773193 0.007674
12.781945 0.007849
12.790698 0.008030
12.799450 0.008218
12.808202 0.008413
12.816954 0.008615
12.825706 0.008825
12.834459 0.009042
12.843211 0.009269
12.851963 0.009503
12.860715 0.009748
12.869467 0.010002
12.878220 0.010266
12.886972 0.010541
12.895724 0.010828
12.904476 0.011126
12.913228 0.011437
12.921980 0.011761
12.930733 0.012100
12.939485 0.012453
12.948237 0.012821
12.956989 0.013206
12.965741 0.013608
12.974494 0.014029
12.983246 0.014468
12.991998 0.014927
13.000750 0.015408
13.009502 0.015911
13.018255 0.016437
13.027007 0.016988
13.035759 0.017564
13.044511 0.018167
13.053263 0.018799
13.062016 0.019460
13.070768 0.020151
13.079520 0.020875
13.088272 0.021632
13.097024 0.022423
13.105776 0.023250
13.114529 0.024114
13.123281 0.025015
13.132033 0.025955
13.140785 0.026934
13.149537 0.027953
13.158290 0.029012
13.167042 0.030112
13.175794 0.031253
13.184546 0.032433
13.193298 0.033653
13.202051 0.034911
13.210803 0.036206
13.219555 0.037536
13.228307 0.038899
13.237059 0.040292
13.245811 0.041712
13.254564 0.043155
13.263316 0.044617
13.272068 0.046094
13.280820 0.047579
13.289572 0.049069
13.298325 0.050556
13.307077 0.052034
13.315829 0.053497
13.324581 0.054937
13.333333 0.056346
13.342086 0.057718
13.350838 0.059045
13.359590 0.060319
13.368342 0.061532
13.377094 0.062677
13.385846 0.063748
13.394599 0.064736
13.403351 0.065636
13.412103 0.066441
13.420855 0.067147
13.429607 0.067748
13.438360 0.068242
13.447112 0.068624
13.455864 0.068892
13.464616 0.069045
13.473368 0.069083
13.482121 0.069004
13.490873 0.068812
13.499625 0.068507
13.508377 0.068093
13.517129 0.067573
13.525881 0.066951
13.534634 0.066233
13.543386 0.065423
13.552138 0.064529
13.560890 0.063557
13.569642 0.062512
13.578395 0.061404
13.587147 0.060239
13.595899 0.059024
13.604651 0.057767
13.613403 0.056475
13.622156 0.055156
13.630908 0.053817
13.639660 0.052464
13.648412 0.051105
13.657164 0.049745
13.665916 0.048390
13.674669 0.047045
13.683421 0.045717
13.692173 0.044408
13.700925 0.043124
13.709677 0.041867
13.718430 0.040642
13.727182 0.039451
13.735934 0.038296
13.744686 0.037179
13.753438 0.036102
13.762191 0.035066
13.770943 0.034073
13.779695 0.033122
13.788447 0.032214
13.797199 0.031350
13.805951 0.030529
13.814704 0.029750
13.823456 0.029015
13.832208 0.028321
13.840960 0.027669
13.849712 0.027058
13.858465 0.026487
13.867217 0.025955
13.875969 0.025461
13.884721 0.025005
13.893473 0.024585
13.902226 0.024202
13.910978 0.023853
13.919730 0.023539
13.928482 0.023259
13.937234 0.023011
13.945986 0.022797
13.954739 0.022614
13.963491 0.022463
13.972243 0.022342
13.980995 0.022253
13.989747 0.022195
13.998500 0.022167
14.007252 0.022169
14.016004 0.022202
14.024756 0.022265
14.033508 0.022360
14.042261 0.022485
14.051013 0.022642
14.059765 0.022831
14.068517 0.023052
14.077269 0.023306
14.086022 0.023594
14.094774 0.023916
14.103526 0.024273
14.112278 0.024666
14.121030 0.025096
14.129782 0.025564
14.138535 0.026070
14.147287 0.026616
14.156039 0.027203
14.164791 0.027831
14.173543 0.028502
14.182296 0.029216
14.191048 0.029974
14.199800 0.030777
14.208552 0.031624
14.217304 0.032517
14.226057 0.033455
14.234809 0.034438
14.243561 0.035466
14.252313 0.036538
14.261065 0.037653
14.269817 0.038809
14.278570 0.040004
14.287322 0.041236
14.296074 0.042502
14.304826 0.043798
14.313578 0.045120
14.322331 0.046464
14.331083 0.047825
14.339835 0.049197
14.348587 0.050574
14.357339 0.051949
14.366092 0.053314
14.374844 0.054664
14.383596 0.055989
14.392348 0.057281
14.401100 0.058532
14.409852 0.059734
14.418605 0.060877
14.427357 0.061954
14.436109 0.062955
14.444861 0.063875
14.453613 0.064703
14.462366 0.065435
14.471118 0.066063
14.479870 0.066582
14.488622 0.066987
14.497374 0.067275
14.506127 0.067442
14.514879 0.067487
14.523631 0.067408
14.532383 0.067207
14.541135 0.066884
14.549887 0.066442
14.558640 0.065884
14.567392 0.065215
14.576144 0.064439
14.584896 0.063562
14.593648 0.062592
14.602401 0.061536
14.611153 0.060400
14.619905 0.059194
14.628657 0.057925
14.637409 0.056601
14.646162 0.055232
14.654914 0.053826
14.663666 0.052391
14.672418 0.050934
14.681170 0.049464
14.689922 0.047988
14.698675 0.046513
14.707427 0.045044
14.716179 0.043588
14.724931 0.042149
14.733683 0.040734
14.742436 0.039345
14.751188 0.037986
14.759940 0.036660
14.768692 0.035371
14.777444 0.034119
14.786197 0.032906
14.794949 0.031734
14.803701 0.030604
14.812453 0.029516
14.821205 0.028469
14.829957 0.027465
14.838710 0.026501
14.847462 0.025579
14.856214 0.024697
14.864966 0.023854
14.873718 0.023050
14.882471 0.022283
14.891223 0.021551
14.899975 0.020855
14.908727 0.020192
14.917479 0.019561
14.926232 0.018962
14.934984 0.018392
14.943736 0.017851
14.952488 0.017337
14.961240 0.016850
14.969992 0.016388
14.978745 0.015950
14.987497 0.015536
14.996249 0.015143
15.005001 0.014772
15.013753 0.014421
15.022506 0.014090
15.031258 0.013777
15.040010 0.013483
15.048762 0.013205
15.057514 0.012945
15.066267 0.012701
15.075019 0.012472
15.083771 0.012258
15.092523 0.012058
15.101275 0.011872
15.110028 0.011700
15.118780 0.011541
15.127532 0.011394
15.136284 0.011258
15.145036 0.011135
15.153788 0.011022
15.162541 0.010920
15.171293 0.010829
15.180045 0.010746
15.188797 0.010673
15.197549 0.010609
15.206302 0.010552
15.215054 0.010503
15.223806 0.010461
15.232558 0.010425
15.241310 0.010394
15.250063 0.010369
15.258815 0.010348
15.267567 0.010330
15.276319 0.010315
15.285071 0.010302
15.293823 0.010290
15.302576 0.010279
15.311328 0.010267
15.320080 0.010255
15.328832 0.010240
15.337584 0.010223
15.346337 0.010203
15.355089 0.010179
15.363841 0.010150
15.372593 0.010117
15.381345 0.010077
15.390098 0.010032
15.398850 0.009980
15.407602 0.009922
15.416354 0.009856
15.425106 0.009783
15.433858 0.009703
15.442611 0.009616
15.451363 0.009521
15.460115 0.009420
15.468867 0.009311
15.477619 0.009196
15.486372 0.009074
15.495124 0.008947
15.503876 0.008814
15.512628 0.008676
15.521380 0.008533
15.530133 0.008387
15.538885 0.008237
15.547637 0.008084
15.556389 0.007930
15.565141 0.007773
15.573893 0.007616
15.582646 0.007458
15.591398 0.007300
15.600150 0.007142
15.608902 0.006986
15.617654 0.006831
15.626407 0.006678
15.635159 0.006527
15.643911 0.006379
15.652663 0.006234
15.661415 0.006092
15.670168 0.005954
15.678920 0.005819
15.687672 0.005688
15.696424 0.005561
15.705176 0.005438
15.713928 0.005319
15.722681 0.005205
15.731433 0.005094
15.740185 0.004988
15.748937 0.004886
15.757689 0.004788
15.766442 0.004694
15.775194 0.004604
15.783946 0.004518
15.792698 0.004436
15.801450 0.004357
15.810203 0.004283
15.818955 0.004211
15.827707 0.004143
15.836459 0.004078
15.845211 0.004016
15.853963 0.003957
15.862716 0.003901
15.871468 0.003848
15.880220 0.003797
15.888972 0.003749
15.897724 0.003702
15.906477 0.003658
15.915229 0.003616
15.923981 0.003576
15.932733 0.003537
15.941485 0.003499
15.950238 0.003463
15.958990 0.003429
15.967742 0.003395
15.976494 0.003362
15.985246 0.003330
15.993998 0.003298
16.002751 0.003267
16.011503 0.003237
16.020255 0.003207
16.029007 0.003177
16.037759 0.003147
16.046512 0.003117
16.055264 0.003087
16.064016 0.003058
16.072768 0.003028
16.081520 0.002998
16.090273 0.002967
16.099025 0.002937
16.107777 0.002906
16.116529 0.002876
16.125281 0.002845
16.134034 0.002814
16.142786 0.002782
16.151538 0.002751
16.160290 0.002720
16.169042 0.002689
16.177794 0.002658
16.186547 0.002626
16.195299 0.002596
16.204051 0.002565
16.212803 0.002535
16.221555 0.002505
16.230308 0.002476
16.239060 0.002447
16.247812 0.002418
16.256564 0.002391
16.265316 0.002363
16.274069 0.002337
16.282821 0.002311
16.291573 0.002286
16.300325 0.002262
16.309077 0.002239
16.317829 0.002217
16.326582 0.002195
16.335334 0.002175
16.344086 0.002155
16.352838 0.002137
16.361590 0.002119
16.370343 0.002102
16.379095 0.002087
16.387847 0.002072
16.396599 0.002059
16.405351 0.002046
16.414104 0.002035
16.422856 0.002024
16.431608 0.002014
16.440360 0.002006
16.449112 0.001998
16.457864 0.001991
16.466617 0.001985
16.475369 0.001980
16.484121 0.001976
16.492873 0.001972
16.501625 0.001969
16.510378 0.001966
16.519130 0.001965
16.527882 0.001963
16.536634 0.001962
16.545386 0.001961
16.554139 0.001961
16.562891 0.001960
16.571643 0.001960
16.580395 0.001959
16.589147 0.001959
16.597899 0.001958
16.606652 0.001956
16.615404 0.001954
16.624156 0.001952
16.632908 0.001949
16.641660 0.001945
16.650413 0.001940
16.659165 0.001935
16.667917 0.001928
16.676669 0.001921
16.685421 0.001912
16.694174 0.001903
16.702926 0.001892
16.711678 0.001880
16.720430 0.001867
16.729182 0.001853
16.737934 0.001838
16.746687 0.001822
16.755439 0.001805
16.764191 0.001787
16.772943 0.001768
16.781695 0.001748
16.790448 0.001727
16.799200 0.001706
16.807952 0.001685
16.816704 0.001662
16.825456 0.001640
16.834209 0.001617
16.842961 0.001594
16.851713 0.001571
16.860465 0.001547
16.869217 0.001524
16.877969 0.001501
16.886722 0.001478
16.895474 0.001455
16.904226 0.001432
16.912978 0.001410
16.921730 0.001388
16.930483 0.001367
16.939235 0.001346
16.947987 0.001325
16.956739 0.001305
16.965491 0.001285
16.974244 0.001266
16.982996 0.001247
16.991748 0.001229
17.000500 0.001211
17.009252 0.001194
17.018005 0.001177
17.026757 0.001161
17.035509 0.001145
17.044261 0.001130
17.053013 0.001116
17.061765 0.001101
17.070518 0.001087
17.079270 0.001074
17.088022 0.001061
17.096774 0.001048
17.105526 0.001036
17.114279 0.001024
17.123031 0.001013
17.131783 0.001002
17.140535 0.000991
17.149287 0.000980
17.158040 0.000970
17.166792 0.000960
17.175544 0.000951
17.184296 0.000941
17.193048 0.000932
17.201800 0.000923
17.210553 0.000914
17.219305 0.000906
17.228057 0.000898
17.236809 0.000889
17.245561 0.000882
17.254314 0.000874
17.263066 0.000866
17.271818 0.000859
17.280570 0.000852
17.289322 0.000845
17.298075 0.000838
17.306827 0.000831
17.315579 0.000825
17.324331 0.000818
17.333083 0.000812
17.341835 0.000805
17.350588 0.000799
17.359340 0.000793
17.368092 0.000787
17.376844 0.000782
17.385596 0.000776
17.394349 0.000770
17.403101 0.000765
17.411853 0.000760
17.420605 0.000754
17.429357 0.000749
17.438110 0.000744
17.446862 0.000739
17.455614 0.000734
17.464366 0.000729
17.473118 0.000724
17.481870 0.000719
17.490623 0.000715
17.499375 0.000710
17.508127 0.000706
17.516879 0.000701
17.525631 0.000697
17.534384 0.000692
17.543136 0.000688
17.551888 0.000684
17.560640 0.000680
17.569392 0.000676
17.578145 0.000672
17.586897 0.000668
17.595649 0.000664
17.604401 0.000660
17.613153 0.000656
17.621905 0.000652
17.630658 0.000648
17.639410 0.000644
17.648162 0.000641
17.656914 0.000637
17.665666 0.000634
17.674419 0.000630
17.683171 0.000627
17.691923 0.000623
17.700675 0.000620
17.709427 0.000616
17.718180 0.000613
17.726932 0.000610
17.735684 0.000606
17.744436 0.000603
17.753188 0.000600
17.761940 0.000597
17.770693 0.000594
17.779445 0.000590
17.788197 0.000587
17.796949 0.000584
17.805701 0.000581
17.814454 0.000578
17.823206 0.000575
17.831958 0.000573
17.840710 0.000570
17.849462 0.000567
17.858215 0.000564
17.866967 0.000561
17.875719 0.000558
17.884471 0.000556
17.893223 0.000553
17.901975 0.000550
17.910728 0.000548
17.919480 0.000545
17.928232 0.000542
17.936984 0.000540
17.945736 0.000537
17.954489 0.000535
17.963241 0.000532
17.971993 0.000530
17.980745 0.000527
17.989497 0.000525
17.998250 0.000522
18.007002 0.000520
18.015754 0.000518
18.024506 0.000515
18.033258 0.000513
18.042011 0.000511
18.050763 0.000508
18.059515 0.000506
18.068267 0.000504
18.077019 0.000502
18.085771 0.000500
18.094524 0.000497
18.103276 0.000495
18.112028 0.000493
18.120780 0.000491
18.129532 0.000489
18.138285 0.000487
18.147037 0.000485
18.155789 0.000483
18.164541 0.000481
18.173293 0.000479
18.182046 0.000477
18.190798 0.000475
18.199550 0.000473
18.208302 0.000471
18.217054 0.000469
18.225806 0.000467
18.234559 0.000465
18.243311 0.000463
18.252063 0.000461
18.260815 0.000459
18.269567 0.000458
18.278320 0.000456
18.287072 0.000454
18.295824 0.000452
18.304576 0.000450
18.313328 0.000449
18.322081 0.000447
18.330833 0.000445
18.339585 0.000443
18.348337 0.000442
18.357089 0.000440
18.365841 0.000438
18.374594 0.000437
18.383346 0.000435
18.392098 0.000434
18.400850 0.000432
18.409602 0.000430
18.418355 0.000429
18.427107 0.000427
18.435859 0.000426
18.444611 0.000424
18.453363 0.000423
18.462116 0.000421
18.470868 0.000420
18.479620 0.000418
18.488372 0.000417
18.497124 0.000415
18.505876 0.000414
18.514629 0.000412
18.523381 0.000411
18.532133 0.000410
18.540885 0.000408
18.549637 0.000407
18.558390 0.000405
18.567142 0.000404
18.575894 0.000403
18.584646 0.000401
18.593398 0.000400
18.602151 0.000399
18.610903 0.000397
18.619655 0.000396
18.628407 0.000395
18.637159 0.000394
18.645911 0.000392
18.654664 0.000391
18.663416 0.000390
18.672168 0.000389
18.680920 0.000388
18.689672 0.000386
18.698425 0.000385
18.707177 0.000384
18.715929 0.000383
18.724681 0.000382
18.733433 0.000381
18.742186 0.000379
18.750938 0.000378
18.759690 0.000377
18.768442 0.000376
18.777194 0.000375
18.785946 0.000374
18.794699 0.000373
18.803451 0.000372
18.812203 0.000371
18.820955 0.000370
18.829707 0.000369
18.838460 0.000368
18.847212 0.000367
18.855964 0.000366
18.864716 0.000365
18.873468 0.000364
18.882221 0.000363
18.890973 0.000362
18.899725 0.000361
18.908477 0.000361
18.917229 0.000360
18.925981 0.000359
18.934734 0.000358
18.943486 0.000357
18.952238 0.000356
18.960990 0.000355
18.969742 0.000355
18.978495 0.000354
18.987247 0.000353
18.995999 0.000352
19.004751 0.000352
19.013503 0.000351
19.022256 0.000350
19.031008 0.000349
19.039760 0.000349
19.048512 0.000348
19.057264 0.000347
19.066017 0.000347
19.074769 0.000346
19.083521 0.000345
19.092273 0.000345
19.101025 0.000344
19.109777 0.000344
19.118530 0.000343
19.127282 0.000342
19.136034 0.000342
19.144786 0.000341
19.153538 0.000341
19.162291 0.000340
19.171043 0.000340
19.179795 0.000339
19.188547 0.000339
19.197299 0.000338
19.206052 0.000338
19.214804 0.000338
19.223556 0.000337
19.232308 0.000337
19.241060 0.000337
19.249812 0.000336
19.258565 0.000336
19.267317 0.000336
19.276069 0.000335
19.284821 0.000335
19.293573 0.000335
19.302326 0.000335
19.311078 0.000334
19.319830 0.000334
19.328582 0.000334
19.337334 0.000334
19.346087 0.000334
19.354839 0.000334
19.363591 0.000334
19.372343 0.000334
19.381095 0.000334
19.389847 0.000334
19.398600 0.000334
19.407352 0.000334
19.416104 0.000334
19.424856 0.000334
19.433608 0.000334
19.442361 0.000334
19.451113 0.000334
19.459865 0.000335
19.468617 0.000335
19.477369 0.000335
19.486122 0.000336
19.494874 0.000336
19.503626 0.000336
19.512378 0.000337
19.521130 0.000337
19.529882 0.000338
19.538635 0.000338
19.547387 0.000339
19.556139 0.000340
19.564891 0.000340
19.573643 0.000341
19.582396 0.000342
19.591148 0.000343
19.599900 0.000344
19.608652 0.000345
19.617404 0.000346
19.626157 0.000347
19.634909 0.000348
19.643661 0.000349
19.652413 0.000350
19.661165 0.000352
19.669917 0.000353
19.678670 0.000354
19.687422 0.000356
19.696174 0.000358
19.704926 0.000359
19.713678 0.000361
19.722431 0.000363
19.731183 0.000365
19.739935 0.000367
19.748687 0.000369
19.757439 0.000371
19.766192 0.000374
19.774944 0.000376
19.783696 0.000379
19.792448 0.000382
19.801200 0.000384
19.809952 0.000387
19.818705 0.000390
19.827457 0.000394
19.836209 0.000397
19.844961 0.000400
19.853713 0.000404
19.862466 0.000408
19.871218 0.000412
19.879970 0.000416
19.888722 0.000420
19.897474 0.000425
19.906227 0.000429
19.914979 0.000434
19.923731 0.000439
19.932483 0.000445
19.941235 0.000450
19.949987 0.000456
19.958740 0.000462
19.967492 0.000468
19.976244 0.000475
19.984996 0.000482
19.993748 0.000489
20.002501 0.000496
20.011253 0.000504
20.020005 0.000512
20.028757 0.000521
20.037509 0.000530
20.046262 0.000539
20.055014 0.000549
20.063766 0.000559
20.072518 0.000570
20.081270 0.000581
20.090023 0.000593
20.098775 0.000605
20.107527 0.000618
20.116279 0.000632
20.125031 0.000646
20.133783 0.000661
20.142536 0.000677
20.151288 0.000693
20.160040 0.000711
20.168792 0.000728
20.177544 0.000747
20.186297 0.000767
20.195049 0.000787
20.203801 0.000808
20.212553 0.000830
20.221305 0.000852
20.230058 0.000876
20.238810 0.000900
20.247562 0.000925
20.256314 0.000951
20.265066 0.000977
20.273818 0.001005
20.282571 0.001032
20.291323 0.001060
20.300075 0.001089
20.308827 0.001118
20.317579 0.001148
20.326332 0.001177
20.335084 0.001207
20.343836 0.001236
20.352588 0.001266
20.361340 0.001295
20.370093 0.001324
20.378845 0.001352
20.387597 0.001379
20.396349 0.001406
20.405101 0.001432
20.413853 0.001456
20.422606 0.001479
20.431358 0.001501
20.440110 0.001521
20.448862 0.001540
20.457614 0.001556
20.466367 0.001571
20.475119 0.001584
20.483871 0.001594
20.492623 0.001603
20.501375 0.001608
20.510128 0.001612
20.518880 0.001613
20.527632 0.001612
20.536384 0.001608
20.545136 0.001602
20.553888 0.001594
20.562641 0.001583
20.571393 0.001570
20.580145 0.001555
20.588897 0.001538
20.597649 0.001519
20.606402 0.001498
20.615154 0.001475
20.623906 0.001451
20.632658 0.001425
20.641410 0.001398
20.650163 0.001370
20.658915 0.001341
20.667667 0.001311
20.676419 0.001281
20.685171 0.001250
20.693923 0.001219
20.702676 0.001187
20.711428 0.001156
20.720180 0.001124
20.728932 0.001093
20.737684 0.001062
20.746437 0.001032
20.755189 0.001001
20.763941 0.000972
20.772693 0.000943
20.781445 0.000915
20.790198 0.000887
20.798950 0.000861
20.807702 0.000835
20.816454 0.000809
20.825206 0.000785
20.833958 0.000762
20.842711 0.000739
20.851463 0.000717
20.860215 0.000697
20.868967 0.000677
20.877719 0.000657
20.886472 0.000639
20.895224 0.000621
20.903976 0.000604
20.912728 0.000588
20.921480 0.000572
20.930233 0.000558
20.938985 0.000543
20.947737 0.000530
20.956489 0.000517
20.965241 0.000505
20.973993 0.000493
20.982746 0.000481
20.991498 0.000471
21.000250 0.000460
21.009002 0.000450
21.017754 0.000441
21.026507 0.000432
21.035259 0.000423
21.044011 0.000415
21.052763 0.000407
21.061515 0.000399
21.070268 0.000392
21.079020 0.000385
21.087772 0.000378
21.096524 0.000371
21.105276 0.000365
21.114029 0.000359
21.122781 0.000353
21.131533 0.000348
21.140285 0.000342
21.149037 0.000337
21.157789 0.000332
21.166542 0.000328
21.175294 0.000323
21.184046 0.000318
21.192798 0.000314
21.201550 0.000310
21.210303 0.000306
21.219055 0.000302
21.227807 0.000298
21.236559 0.000295
21.245311 0.000291
21.254064 0.000288
21.262816 0.000284
21.271568 0.000281
21.280320 0.000278
21.289072 0.000275
21.297824 0.000272
21.306577 0.000269
21.315329 0.000267
21.324081 0.000264
21.332833 0.000261
21.341585 0.000259
21.350338 0.000256
21.359090 0.000254
21.367842 0.000252
21.376594 0.000249
21.385346 0.000247
21.394099 0.000245
21.402851 0.000243
21.411603 0.000241
21.420355 0.000239
21.429107 0.000237
21.437859 0.000235
21.446612 0.000233
21.455364 0.000231
21.464116 0.000229
21.472868 0.000228
21.481620 0.000226
21.490373 0.000224
21.499125 0.000223
21.507877 0.000221
21.516629 0.000220
21.525381 0.000218
21.534134 0.000217
21.542886 0.000215
21.551638 0.000214
21.560390 0.000212
21.569142 0.000211
21.577894 0.000210
21.586647 0.000208
21.595399 0.000207
21.604151 0.000206
21.612903 0.000204
21.621655 0.000203
21.630408 0.000202
21.639160 0.000201
21.647912 0.000200
21.656664 0.000199
21.665416 0.000198
21.674169 0.000196
21.682921 0.000195
21.691673 0.000194
21.700425 0.000193
21.709177 0.000192
21.717929 0.000191
21.726682 0.000190
21.735434 0.000189
21.744186 0.000188
21.752938 0.000187
21.761690 0.000186
21.770443 0.000186
21.779195 0.000185
21.787947 0.000184
21.796699 0.000183
21.805451 0.000182
21.814204 0.000181
21.822956 0.000180
21.831708 0.000180
21.840460 0.000179
21.849212 0.000178
21.857964 0.000177
21.866717 0.000176
21.875469 0.000176
21.884221 0.000175
21.892973 0.000174
21.901725 0.000173
21.910478 0.000173
21.919230 0.000172
21.927982 0.000171
21.936734 0.000170
21.945486 0.000170
21.954239 0.000169
21.962991 0.000168
21.971743 0.000168
21.980495 0.000167
21.989247 0.000166
21.997999 0.000166
22.006752 0.000165
22.015504 0.000165
22.024256 0.000164
22.033008 0.000163
22.041760 0.000163
22.050513 0.000162
22.059265 0.000162
22.068017 0.000161
22.076769 0.000160
22.085521 0.000160
22.094274 0.000159
22.103026 0.000159
22.111778 0.000158
22.120530 0.000158
22.129282 0.000157
22.138035 0.000157
22.146787 0.000156
22.155539 0.000155
22.164291 0.000155
22.173043 0.000154
22.181795 0.000154
22.190548 0.000153
22.199300 0.000153
22.208052 0.000152
22.216804 0.000152
22.225556 0.000151
22.234309 0.000151
22.243061 0.000150
22.251813 0.000150
22.260565 0.000150
22.269317 0.000149
22.278070 0.000149
22.286822 0.000148
22.295574 0.000148
22.304326 0.000147
22.313078 0.000147
22.321830 0.000146
22.330583 0.000146
22.339335 0.000145
22.348087 0.000145
22.356839 0.000145
22.365591 0.000144
22.374344 0.000144
22.383096 0.000143
22.391848 0.000143
22.400600 0.000143
22.409352 0.000142
22.418105 0.000142
22.426857 0.000141
22.435609 0.000141
22.444361 0.000141
22.453113 0.000140
22.461865 0.000140
22.470618 0.000139
22.479370 0.000139
22.488122 0.000139
22.496874 0.000138
22.505626 0.000138
22.514379 0.000137
22.523131 0.000137
22.531883 0.000137
22.540635 0.000136
22.549387 0.000136
22.558140 0.000136
22.566892 0.000135
22.575644 0.000135
22.584396 0.000135
22.593148 0.000134
22.601900 0.000134
22.610653 0.000134
22.619405 0.000133
22.628157 0.000133
22.636909 0.000133
22.645661 0.000132
22.654414 0.000132
22.663166 0.000132
22.671918 0.000131
22.680670 0.000131
22.689422 0.000131
22.698175 0.000130
22.706927 0.000130
22.715679 0.000130
22.724431 0.000129
22.733183 0.000129
22.741935 0.000129
22.750688 0.000128
22.759440 0.000128
22.768192 0.000128
22.776944 0.000127
22.785696 0.000127
22.794449 0.000127
22.803201 0.000127
22.811953 0.000126
22.820705 0.000126
22.829457 0.000126
22.838210 0.000125
22.846962 0.000125
22.855714 0.000125
22.864466 0.000125
22.873218 0.000124
22.881970 0.000124
22.890723 0.000124
22.899475 0.000123
22.908227 0.000123
22.916979 0.000123
22.925731 0.000123
22.934484 0.000122
22.943236 0.000122
22.951988 0.000122
22.960740 0.000121
22.969492 0.000121
22.978245 0.000121
22.986997 0.000121
22.995749 0.000120
23.004501 0.000120
23.013253 0.000120
23.022006 0.000120
23.030758 0.000119
23.039510 0.000119
23.048262 0.000119
23.057014 0.000119
23.065766 0.000118
23.074519 0.000118
23.083271 0.000118
23.092023 0.000118
23.100775 0.000117
23.109527 0.000117
23.118280 0.000117
23.127032 0.000117
23.135784 0.000116
23.144536 0.000116
23.153288 0.000116
23.162041 0.000116
23.170793 0.000115
23.179545 0.000115
23.188297 0.000115
23.197049 0.000115
23.205801 0.000114
23.214554 0.000114
23.223306 0.000114
23.232058 0.000114
23.240810 0.000113
23.249562 0.000113
23.258315 0.000113
23.267067 0.000113
23.275819 0.000113
23.284571 0.000112
23.293323 0.000112
23.302076 0.000112
23.310828 0.000112
23.319580 0.000111
23.328332 0.000111
23.337084 0.000111
23.345836 0.000111
23.354589 0.000111
23.363341 0.000110
23.372093 0.000110
23.380845 0.000110
23.389597 0.000110
23.398350 0.000109
23.407102 0.000109
23.415854 0.000109
23.424606 0.000109
23.433358 0.000109
23.442111 0.000108
23.450863 0.000108
23.459615 0.000108
23.468367 0.000108
23.477119 0.000108
23.485871 0.000107
23.494624 0.000107
23.503376 0.000107
23.512128 0.000107
23.520880 0.000107
23.529632 0.000106
23.538385 0.000106
23.547137 0.000106
23.555889 0.000106
23.564641 0.000106
23.573393 0.000105
23.582146 0.000105
23.590898 0.000105
23.599650 0.000105
23.608402 0.000105
23.617154 0.000104
23.625906 0.000104
23.634659 0.000104
23.643411 0.000104
23.652163 0.000104
23.660915 0.000103
23.669667 0.000103
23.678420 0.000103
23.687172 0.000103
23.695924 0.000103
23.704676 0.000103
23.713428 0.000102
23.722181 0.000102
23.730933 0.000102
23.739685 0.000102
23.748437 0.000102
23.757189 0.000101
23.765941 0.000101
23.774694 0.000101
23.783446 0.000101
23.792198 0.000101
23.800950 0.000101
23.809702 0.000100
23.818455 0.000100
23.827207 0.000100
23.835959 0.000100
23.844711 0.000100
23.853463 0.000099
23.862216 0.000099
23.870968 0.000099
23.879720 0.000099
23.888472 0.000099
23.897224 0.000099
23.905976 0.000098
23.914729 0.000098
23.923481 0.000098
23.932233 0.000098
23.940985 0.000098
23.949737 0.000098
23.958490 0.000097
23.967242 0.000097
23.975994 0.000097
23.984746 0.000097
23.993498 0.000097
24.002251 0.000097
24.011003 0.000096
24.019755 0.000096
24.028507 0.000096
24.037259 0.000096
24.046012 0.000096
24.054764 0.000096
24.063516 0.000095
24.072268 0.000095
24.081020 0.000095
24.089772 0.000095
24.098525 0.000095
24.107277 0.000095
24.116029 0.000095
24.124781 0.000094
24.133533 0.000094
24.142286 0.000094
24.151038 0.000094
24.159790 0.000094
24.168542 0.000094
24.177294 0.000093
24.186047 0.000093
24.194799 0.000093
24.203551 0.000093
24.212303 0.000093
24.221055 0.000093
24.229807 0.000093
24.238560 0.000092
24.247312 0.000092
24.256064 0.000092
24.264816 0.000092
24.273568 0.000092
24.282321 0.000092
24.291073 0.000091
24.299825 0.000091
24.308577 0.000091
24.317329 0.000091
24.326082 0.000091
24.334834 0.000091
24.343586 0.000091
24.352338 0.000090
24.361090 0.000090
24.369842 0.000090
24.378595 0.000090
24.387347 0.000090
24.396099 0.000090
24.404851 0.000090
24.413603 0.000089
24.422356 0.000089
24.431108 0.000089
24.439860 0.000089
24.448612 0.000089
24.457364 0.000089
24.466117 0.000089
24.474869 0.000088
24.483621 0.000088
24.492373 0.000088
24.501125 0.000088
24.509877 0.000088
24.518630 0.000088
24.527382 0.000088
24.536134 0.000088
24.544886 0.000087
24.553638 0.000087
24.562391 0.000087
24.571143 0.000087
24.579895 0.000087
24.588647 0.000087
24.597399 0.000087
24.606152 0.000086
24.614904 0.000086
24.623656 0.000086
24.632408 0.000086
24.641160 0.000086
24.649912 0.000086
24.658665 0.000086
24.667417 0.000085
24.676169 0.000085
24.684921 0.000085
24.693673 0.000085
24.702426 0.000085
24.711178 0.000085
24.719930 0.000085
24.728682 0.000084
24.737434 0.000084
24.746187 0.000084
24.754939 0.000084
24.763691 0.000083
24.772443 0.000083
24.781195 0.000083
24.789947 0.000082
24.798700 0.000082
24.807452 0.000081
24.816204 0.000080
24.824956 0.000080
24.833708 0.000079
24.842461 0.000078
24.851213 0.000077
24.859965 0.000076
24.868717 0.000074
24.877469 0.000073
24.886222 0.000071
24.894974 0.000070
24.903726 0.000068
24.912478 0.000066
24.921230 0.000064
24.929982 0.000061
24.938735 0.000059
24.947487 0.000056
24.956239 0.000054
24.964991 0.000051
24.973743 0.000048
24.982496 0.000045
24.991248 0.000042

Sticks
-4.022256 0.020939
-3.995999 0.028873
-3.952238 0.038519
-3.864716 0.085241
-3.768442 0.047254
-2.525631 0.000056
-2.333083 0.003394
-2.131783 0.022018
-1.904226 0.016066
-1.790448 0.003312
-1.615404 0.000001
-1.422856 0.001009
-1.247812 0.000191
-0.547637 0.004390
-0.136284 0.000284
-0.013753 0.000020
2.725681 0.000003
2.734434 0.000002
2.751938 0.000002
2.760690 0.000003
2.786947 0.000039
2.804451 0.000025
2.848212 0.000021
2.891973 0.000005
2.900725 0.000002
2.918230 0.000003
3.163291 0.000262
3.172043 0.000681
3.180795 0.000200
3.189547 0.000098
3.233308 0.000290
3.242061 0.000117
3.399600 0.001688
13.438360 0.034166
13.534634 0.016562
14.514879 0.047842
15.390098 0.002129
15.468867 0.001788
16.064016 0.000414
16.247812 0.000037
16.702926 0.000502
20.011253 0.000010
20.072518 0.000001
20.431358 0.000224
20.457614 0.000150
20.553888 0.000722
