-10.000000 0.000079
-9.991248 0.000084
-9.982496 0.000090
-9.973743 0.000095
-9.964991 0.000100
-9.956239 0.000105
-9.947487 0.000110
-9.938735 0.000115
-9.929982 0.000119
-9.921230 0.000123
-9.912478 0.000127
-9.903726 0.000131
-9.894974 0.000134
-9.886222 0.000137
-9.877469 0.000140
-9.868717 0.000143
-9.859965 0.000145
-9.851213 0.000147
-9.842461 0.000149
-9.833708 0.000151
-9.824956 0.000152
-9.816204 0.000154
-9.807452 0.000155
-9.798700 0.000156
-9.789947 0.000157
-9.781195 0.000158
-9.772443 0.000159
-9.763691 0.000160
-9.754939 0.000161
-9.746187 0.000161
-9.737434 0.000162
-9.728682 0.000162
-9.719930 0.000163
-9.711178 0.000164
-9.702426 0.000164
-9.693673 0.000165
-9.684921 0.000165
-9.676169 0.000166
-9.667417 0.000166
-9.658665 0.000167
-9.649912 0.000167
-9.641160 0.000168
-9.632408 0.000168
-9.623656 0.000169
-9.614904 0.000169
-9.606152 0.000170
-9.597399 0.000170
-9.588647 0.000171
-9.579895 0.000171
-9.571143 0.000172
-9.562391 0.000172
-9.553638 0.000173
-9.544886 0.000173
-9.536134 0.000174
-9.527382 0.000174
-9.518630 0.000175
-9.509877 0.000175
-9.501125 0.000176
-9.492373 0.000176
-9.483621 0.000177
-9.474869 0.000177
-9.466117 0.000178
-9.457364 0.000178
-9.448612 0.000179
-9.439860 0.000180
-9.431108 0.000180
-9.422356 0.000181
-9.413603 0.000181
-9.404851 0.000182
-9.396099 0.000182
-9.387347 0.000183
-9.378595 0.000183
-9.369842 0.000184
-9.361090 0.000185
-9.352338 0.000185
-9.343586 0.000186
-9.334834 0.000186
-9.326082 0.000187
-9.317329 0.000187
-9.308577 0.000188
-9.299825 0.000189
-9.291073 0.000189
-9.282321 0.000190
-9.273568 0.000190
-9.264816 0.000191
-9.256064 0.000192
-9.247312 0.000192
-9.238560 0.000193
-9.229807 0.000193
-9.221055 0.000194
-9.212303 0.000195
-9.203551 0.000195
-9.194799 0.000196
-9.186047 0.000196
-9.177294 0.000197
-9.168542 0.000198
-9.159790 0.000198
-9.151038 0.000199
-9.142286 0.000200
-9.133533 0.000200
-9.124781 0.000201
-9.116029 0.000202
-9.107277 0.000202
-9.098525 0.000203
-9.089772 0.000203
-9.081020 0.000204
-9.072268 0.000205
-9.063516 0.000205
-9.054764 0.000206
-9.046012 0.000207
-9.037259 0.000207
-9.028507 0.000208
-9.019755 0.000209
-9.011003 0.000210
-9.002251 0.000210
-8.993498 0.000211
-8.984746 0.000212
-8.975994 0.000212
-8.967242 0.000213
-8.958490 0.000214
-8.949737 0.000214
-8.940985 0.000215
-8.932233 0.000216
-8.923481 0.000217
-8.914729 0.000217
-8.905976 0.000218
-8.897224 0.000219
-8.888472 0.000220
-8.879720 0.000220
-8.870968 0.000221
-8.862216 0.000222
-8.853463 0.000223
-8.844711 0.000223
-8.835959 0.000224
-8.827207 0.000225
-8.818455 0.000226
-8.809702 0.000226
-8.800950 0.000227
-8.792198 0.000228
-8.783446 0.000229
-8.774694 0.000230
-8.765941 0.000230
-8.757189 0.000231
-8.748437 0.000232
-8.739685 0.000233
-8.730933 0.000234
-8.722181 0.000234
-8.713428 0.000235
-8.704676 0.000236
-8.695924 0.000237
-8.687172 0.000238
-8.678420 0.000238
-8.669667 0.000239
-8.660915 0.000240
-8.652163 0.000241
-8.643411 0.000242
-8.634659 0.000243
-8.625906 0.000244
-8.617154 0.000244
-8.608402 0.000245
-8.599650 0.000246
-8.590898 0.000247
-8.582146 0.000248
-8.573393 0.000249
-8.564641 0.000250
-8.555889 0.000251
-8.547137 0.000252
-8.538385 0.000253
-8.529632 0.000253
-8.520880 0.000254
-8.512128 0.000255
-8.503376 0.000256
-8.494624 0.000257
-8.485871 0.000258
-8.477119 0.000259
-8.468367 0.000260
-8.459615 0.000261
-8.450863 0.000262
-8.442111 0.000263
-8.433358 0.000264
-8.424606 0.000265
-8.415854 0.000266
-8.407102 0.000267
-8.398350 0.000268
-8.389597 0.000269
-8.380845 0.000270
-8.372093 0.000271
-8.363341 0.000272
-8.354589 0.000273
-8.345836 0.000274
-8.337084 0.000275
-8.328332 0.000276
-8.319580 0.000277
-8.310828 0.000278
-8.302076 0.000279
-8.293323 0.000280
-8.284571 0.000281
-8.275819 0.000282
-8.267067 0.000284
-8.258315 0.000285
-8.249562 0.000286
-8.240810 0.000287
-8.232058 0.000288
-8.223306 0.000289
-8.214554 0.000290
-8.205801 0.000291
-8.197049 0.000293
-8.188297 0.000294
-8.179545 0.000295
-8.170793 0.000296
-8.162041 0.000297
-8.153288 0.000298
-8.144536 0.000300
-8.135784 0.000301
-8.127032 0.000302
-8.118280 0.000303
-8.109527 0.000304
-8.100775 0.000306
-8.092023 0.000307
-8.083271 0.000308
-8.074519 0.000309
-8.065766 0.000311
-8.057014 0.000312
-8.048262 0.000313
-8.039510 0.000314
-8.030758 0.000316
-8.022006 0.000317
-8.013253 0.000318
-8.004501 0.000320
-7.995749 0.000321
-7.986997 0.000322
-7.978245 0.000323
-7.969492 0.000325
-7.960740 0.000326
-7.951988 0.000328
-7.943236 0.000329
-7.934484 0.000330
-7.925731 0.000332
-7.916979 0.000333
-7.908227 0.000334
-7.899475 0.000336
-7.890723 0.000337
-7.881970 0.000339
-7.873218 0.000340
-7.864466 0.000342
-7.855714 0.000343
-7.846962 0.000345
-7.838210 0.000346
-7.829457 0.000347
-7.820705 0.000349
-7.811953 0.000350
-7.803201 0.000352
-7.794449 0.000354
-7.785696 0.000355
-7.776944 0.000357
-7.768192 0.000358
-7.759440 0.000360
-7.750688 0.000361
-7.741935 0.000363
-7.733183 0.000365
-7.724431 0.000366
-7.715679 0.000368
-7.706927 0.000369
-7.698175 0.000371
-7.689422 0.000373
-7.680670 0.000374
-7.671918 0.000376
-7.663166 0.000378
-7.654414 0.000379
-7.645661 0.000381
-7.636909 0.000383
-7.628157 0.000385
-7.619405 0.000386
-7.610653 0.000388
-7.601900 0.000390
-7.593148 0.000392
-7.584396 0.000393
-7.575644 0.000395
-7.566892 0.000397
-7.558140 0.000399
-7.549387 0.000401
-7.540635 0.000403
-7.531883 0.000404
-7.523131 0.000406
-7.514379 0.000408
-7.505626 0.000410
-7.496874 0.000412
-7.488122 0.000414
-7.479370 0.000416
-7.470618 0.000418
-7.461865 0.000420
-7.453113 0.000422
-7.444361 0.000424
-7.435609 0.000426
-7.426857 0.000428
-7.418105 0.000430
-7.409352 0.000432
-7.400600 0.000434
-7.391848 0.000436
-7.383096 0.000438
-7.374344 0.000441
-7.365591 0.000443
-7.356839 0.000445
-7.348087 0.000447
-7.339335 0.000449
-7.330583 0.000451
-7.321830 0.000454
-7.313078 0.000456
-7.304326 0.000458
-7.295574 0.000460
-7.286822 0.000463
-7.278070 0.000465
-7.269317 0.000467
-7.260565 0.000470
-7.251813 0.000472
-7.243061 0.000475
-7.234309 0.000477
-7.225556 0.000479
-7.216804 0.000482
-7.208052 0.000484
-7.199300 0.000487
-7.190548 0.000489
-7.181795 0.000492
-7.173043 0.000494
-7.164291 0.000497
-7.155539 0.000499
-7.146787 0.000502
-7.138035 0.000505
-7.129282 0.000507
-7.120530 0.000510
-7.111778 0.000513
-7.103026 0.000515
-7.094274 0.000518
-7.085521 0.000521
-7.076769 0.000524
-7.068017 0.000526
-7.059265 0.000529
-7.050513 0.000532
-7.041760 0.000535
-7.033008 0.000538
-7.024256 0.000541
-7.015504 0.000544
-7.006752 0.000547
-6.997999 0.000550
-6.989247 0.000553
-6.980495 0.000556
-6.971743 0.000559
-6.962991 0.000562
-6.954239 0.000565
-6.945486 0.000568
-6.936734 0.000571
-6.927982 0.000574
-6.919230 0.000578
-6.910478 0.000581
-6.901725 0.000584
-6.892973 0.000588
-6.884221 0.000591
-6.875469 0.000594
-6.866717 0.000598
-6.857964 0.000601
-6.849212 0.000604
-6.840460 0.000608
-6.831708 0.000611
-6.822956 0.000615
-6.814204 0.000619
-6.805451 0.000622
-6.796699 0.000626
-6.787947 0.000629
-6.779195 0.000633
-6.770443 0.000637
-6.761690 0.000641
-6.752938 0.000644
-6.744186 0.000648
-6.735434 0.000652
-6.726682 0.000656
-6.717929 0.000660
-6.709177 0.000664
-6.700425 0.000668
-6.691673 0.000672
-6.682921 0.000676
-6.674169 0.000680
-6.665416 0.000684
-6.656664 0.000689
-6.647912 0.000693
-6.639160 0.000697
-6.630408 0.000702
-6.621655 0.000706
-6.612903 0.000710
-6.604151 0.000715
-6.595399 0.000719
-6.586647 0.000724
-6.577894 0.000728
-6.569142 0.000733
-6.560390 0.000738
-6.551638 0.000742
-6.542886 0.000747
-6.534134 0.000752
-6.525381 0.000757
-6.516629 0.000762
-6.507877 0.000767
-6.499125 0.000772
-6.490373 0.000777
-6.481620 0.000782
-6.472868 0.000787
-6.464116 0.000792
-6.455364 0.000797
-6.446612 0.000803
-6.437859 0.000808
-6.429107 0.000813
-6.420355 0.000819
-6.411603 0.000824
-6.402851 0.000830
-6.394099 0.000836
-6.385346 0.000841
-6.376594 0.000847
-6.367842 0.000853
-6.359090 0.000859
-6.350338 0.000865
-6.341585 0.000871
-6.332833 0.000877
-6.324081 0.000883
-6.315329 0.000889
-6.306577 0.000895
-6.297824 0.000902
-6.289072 0.000908
-6.280320 0.000915
-6.271568 0.000921
-6.262816 0.000928
-6.254064 0.000934
-6.245311 0.000941
-6.236559 0.000948
-6.227807 0.000955
-6.219055 0.000962
-6.210303 0.000969
-6.201550 0.000976
-6.192798 0.000983
-6.184046 0.000991
-6.175294 0.000998
-6.166542 0.001006
-6.157789 0.001013
-6.149037 0.001021
-6.140285 0.001028
-6.131533 0.001036
-6.122781 0.001044
-6.114029 0.001052
-6.105276 0.001060
-6.096524 0.001069
-6.087772 0.001077
-6.079020 0.001085
-6.070268 0.001094
-6.061515 0.001102
-6.052763 0.001111
-6.044011 0.001120
-6.035259 0.001129
-6.026507 0.001138
-6.017754 0.001147
-6.009002 0.001156
-6.000250 0.001165
-5.991498 0.001175
-5.982746 0.001184
-5.973993 0.001194
-5.965241 0.001204
-5.956489 0.001214
-5.947737 0.001224
-5.938985 0.001234
-5.930233 0.001244
-5.921480 0.001255
-5.912728 0.001265
-5.903976 0.001276
-5.895224 0.001287
-5.886472 0.001298
-5.877719 0.001309
-5.868967 0.001320
-5.860215 0.001332
-5.851463 0.001343
-5.842711 0.001355
-5.833958 0.001367
-5.825206 0.001379
-5.816454 0.001391
-5.807702 0.001404
-5.798950 0.001416
-5.790198 0.001429
-5.781445 0.001442
-5.772693 0.001455
-5.763941 0.001468
-5.755189 0.001482
-5.746437 0.001495
-5.737684 0.001509
-5.728932 0.001523
-5.720180 0.001537
-5.711428 0.001552
-5.702676 0.001566
-5.693923 0.001581
-5.685171 0.001596
-5.676419 0.001612
-5.667667 0.001627
-5.658915 0.001643
-5.650163 0.001659
-5.641410 0.001675
-5.632658 0.001691
-5.623906 0.001708
-5.615154 0.001725
-5.606402 0.001742
-5.597649 0.001760
-5.588897 0.001777
-5.580145 0.001795
-5.571393 0.001814
-5.562641 0.001832
-5.553888 0.001851
-5.545136 0.001870
-5.536384 0.001890
-5.527632 0.001909
-5.518880 0.001929
-5.510128 0.001950
-5.501375 0.001970
-5.492623 0.001991
-5.483871 0.002013
-5.475119 0.002035
-5.466367 0.002057
-5.457614 0.002079
-5.448862 0.002102
-5.440110 0.002125
-5.431358 0.002149
-5.422606 0.002173
-5.413853 0.002197
-5.405101 0.002222
-5.396349 0.002247
-5.387597 0.002273
-5.378845 0.002299
-5.370093 0.002326
-5.361340 0.002353
-5.352588 0.002380
-5.343836 0.002408
-5.335084 0.002437
-5.326332 0.002466
-5.317579 0.002496
-5.308827 0.002526
-5.300075 0.002556
-5.291323 0.002588
-5.282571 0.002620
-5.273818 0.002652
-5.265066 0.002685
-5.256314 0.002719
-5.247562 0.002753
-5.238810 0.002788
-5.230058 0.002824
-5.221305 0.002860
-5.212553 0.002897
-5.203801 0.002935
-5.195049 0.002974
-5.186297 0.003013
-5.177544 0.003053
-5.168792 0.003094
-5.160040 0.003136
-5.151288 0.003179
-5.142536 0.003222
-5.133783 0.003267
-5.125031 0.003312
-5.116279 0.003359
-5.107527 0.003406
-5.098775 0.003454
-5.090023 0.003504
-5.081270 0.003554
-5.072518 0.003606
-5.063766 0.003659
-5.055014 0.003713
-5.046262 0.003768
-5.037509 0.003824
-5.028757 0.003882
-5.020005 0.003941
-5.011253 0.004001
-5.002501 0.004063
-4.993748 0.004126
-4.984996 0.004191
-4.976244 0.004258
-4.967492 0.004326
-4.958740 0.004395
-4.949987 0.004467
-4.941235 0.004540
-4.932483 0.004614
-4.923731 0.004691
-4.914979 0.004770
-4.906227 0.004851
-4.897474 0.004934
-4.888722 0.005019
-4.879970 0.005106
-4.871218 0.005196
-4.862466 0.005287
-4.853713 0.005382
-4.844961 0.005479
-4.836209 0.005579
-4.827457 0.005681
-4.818705 0.005786
-4.809952 0.005895
-4.801200 0.006006
-4.792448 0.006121
-4.783696 0.006239
-4.774944 0.006360
-4.766192 0.006485
-4.757439 0.006614
-4.748687 0.006747
-4.739935 0.006884
-4.731183 0.007024
-4.722431 0.007170
-4.713678 0.007320
-4.704926 0.007475
-4.696174 0.007634
-4.687422 0.007799
-4.678670 0.007969
-4.669917 0.008145
-4.661165 0.008327
-4.652413 0.008515
-4.643661 0.008710
-4.634909 0.008911
-4.626157 0.009119
-4.617404 0.009335
-4.608652 0.009559
-4.599900 0.009790
-4.591148 0.010030
-4.582396 0.010279
-4.573643 0.010537
-4.564891 0.010805
-4.556139 0.011083
-4.547387 0.011372
-4.538635 0.011672
-4.529882 0.011985
-4.521130 0.012309
-4.512378 0.012647
-4.503626 0.012999
-4.494874 0.013365
-4.486122 0.013746
-4.477369 0.014143
-4.468617 0.014557
-4.459865 0.014989
-4.451113 0.015440
-4.442361 0.015910
-4.433608 0.016401
-4.424856 0.016914
-4.416104 0.017450
-4.407352 0.018010
-4.398600 0.018595
-4.389847 0.019206
-4.381095 0.019846
-4.372343 0.020515
-4.363591 0.021214
-4.354839 0.021946
-4.346087 0.022711
-4.337334 0.023512
-4.328582 0.024349
-4.319830 0.025224
-4.311078 0.026139
-4.302326 0.027095
-4.293573 0.028093
-4.284821 0.029136
-4.276069 0.030223
-4.267317 0.031358
-4.258565 0.032540
-4.249812 0.033770
-4.241060 0.035050
-4.232308 0.036380
-4.223556 0.037760
-4.214804 0.039190
-4.206052 0.040671
-4.197299 0.042202
-4.188547 0.043781
-4.179795 0.045409
-4.171043 0.047083
-4.162291 0.048801
-4.153538 0.050561
-4.144786 0.052359
-4.136034 0.054194
-4.127282 0.056061
-4.118530 0.057955
-4.109777 0.059873
-4.101025 0.061808
-4.092273 0.063757
-4.083521 0.065711
-4.074769 0.067667
-4.066017 0.069616
-4.057264 0.071552
-4.048512 0.073469
-4.039760 0.075358
-4.031008 0.077212
-4.022256 0.079025
-4.013503 0.080788
-4.004751 0.082494
-3.995999 0.084136
-3.987247 0.085707
-3.978495 0.087199
-3.969742 0.088606
-3.960990 0.089923
-3.952238 0.091142
-3.943486 0.092258
-3.934734 0.093266
-3.925981 0.094162
-3.917229 0.094941
-3.908477 0.095600
-3.899725 0.096135
-3.890973 0.096545
-3.882221 0.096826
-3.873468 0.096978
-3.864716 0.097000
-3.855964 0.096891
-3.847212 0.096653
-3.838460 0.096286
-3.829707 0.095792
-3.820955 0.095173
-3.812203 0.094432
-3.803451 0.093572
-3.794699 0.092597
-3.785946 0.091511
-3.777194 0.090320
-3.768442 0.089029
-3.759690 0.087644
-3.750938 0.086171
-3.742186 0.084616
-3.733433 0.082987
-3.724681 0.081291
-3.715929 0.079534
-3.707177 0.077726
-3.698425 0.075872
-3.689672 0.073982
-3.680920 0.072061
-3.672168 0.070119
-3.663416 0.068162
-3.654664 0.066197
-3.645911 0.064231
-3.637159 0.062270
-3.628407 0.060321
-3.619655 0.058390
-3.610903 0.056481
-3.602151 0.054600
-3.593398 0.052751
-3.584646 0.050937
-3.575894 0.049164
-3.567142 0.047432
-3.558390 0.045746
-3.549637 0.044106
-3.540885 0.042515
-3.532133 0.040974
-3.523381 0.039484
-3.514629 0.038045
-3.505876 0.036657
-3.497124 0.035321
-3.488372 0.034035
-3.479620 0.032800
-3.470868 0.031614
-3.462116 0.030477
-3.453363 0.029387
-3.444611 0.028343
-3.435859 0.027344
-3.427107 0.026388
-3.418355 0.025474
-3.409602 0.024599
-3.400850 0.023764
-3.392098 0.022966
-3.383346 0.022203
-3.374594 0.021474
-3.365841 0.020777
-3.357089 0.020112
-3.348337 0.019476
-3.339585 0.018868
-3.330833 0.018287
-3.322081 0.017732
-3.313328 0.017201
-3.304576 0.016693
-3.295824 0.016207
-3.287072 0.015742
-3.278320 0.015297
-3.269567 0.014870
-3.260815 0.014462
-3.252063 0.014070
-3.243311 0.013695
-3.234559 0.013335
-3.225806 0.012990
-3.217054 0.012659
-3.208302 0.012341
-3.199550 0.012036
-3.190798 0.011742
-3.182046 0.011461
-3.173293 0.011190
-3.164541 0.010929
-3.155789 0.010679
-3.147037 0.010438
-3.138285 0.010206
-3.129532 0.009983
-3.120780 0.009768
-3.112028 0.009561
-3.103276 0.009362
-3.094524 0.009170
-3.085771 0.008984
-3.077019 0.008806
-3.068267 0.008634
-3.059515 0.008468
-3.050763 0.008308
-3.042011 0.008154
-3.033258 0.008005
-3.024506 0.007862
-3.015754 0.007724
-3.007002 0.007590
-2.998250 0.007462
-2.989497 0.007338
-2.980745 0.007218
-2.971993 0.007103
-2.963241 0.006991
-2.954489 0.006884
-2.945736 0.006781
-2.936984 0.006681
-2.928232 0.006586
-2.919480 0.006493
-2.910728 0.006405
-2.901975 0.006319
-2.893223 0.006237
-2.884471 0.006158
-2.875719 0.006083
-2.866967 0.006010
-2.858215 0.005941
-2.849462 0.005875
-2.840710 0.005811
-2.831958 0.005751
-2.823206 0.005693
-2.814454 0.005638
-2.805701 0.005586
-2.796949 0.005537
-2.788197 0.005491
-2.779445 0.005447
-2.770693 0.005406
-2.761940 0.005368
-2.753188 0.005332
-2.744436 0.005300
-2.735684 0.005270
-2.726932 0.005242
-2.718180 0.005218
-2.709427 0.005196
-2.700675 0.005177
-2.691923 0.005161
-2.683171 0.005148
-2.674419 0.005137
-2.665666 0.005130
-2.656914 0.005125
-2.648162 0.005124
-2.639410 0.005125
-2.630658 0.005130
-2.621905 0.005138
-2.613153 0.005149
-2.604401 0.005163
-2.595649 0.005180
-2.586897 0.005201
-2.578145 0.005226
-2.569392 0.005253
-2.560640 0.005285
-2.551888 0.005319
-2.543136 0.005358
-2.534384 0.005400
-2.525631 0.005446
-2.516879 0.005496
-2.508127 0.005550
-2.499375 0.005608
-2.490623 0.005670
-2.481870 0.005735
-2.473118 0.005805
-2.464366 0.005879
-2.455614 0.005957
-2.446862 0.006039
-2.438110 0.006125
-2.429357 0.006215
-2.420605 0.006309
-2.411853 0.006407
-2.403101 0.006508
-2.394349 0.006614
-2.385596 0.006723
-2.376844 0.006836
-2.368092 0.006952
-2.359340 0.007072
-2.350588 0.007194
-2.341835 0.007320
-2.333083 0.007448
-2.324331 0.007578
-2.315579 0.007710
-2.306827 0.007843
-2.298075 0.007978
-2.289322 0.008114
-2.280570 0.008251
-2.271818 0.008387
-2.263066 0.008523
-2.254314 0.008658
-2.245561 0.008792
-2.236809 0.008925
-2.228057 0.009055
-2.219305 0.009182
-2.210553 0.009307
-2.201800 0.009428
-2.193048 0.009545
-2.184296 0.009658
-2.175544 0.009767
-2.166792 0.009870
-2.158040 0.009969
-2.149287 0.010062
-2.140535 0.010150
-2.131783 0.010233
-2.123031 0.010310
-2.114279 0.010381
-2.105526 0.010447
-2.096774 0.010507
-2.088022 0.010562
-2.079270 0.010611
-2.070518 0.010655
-2.061765 0.010694
-2.053013 0.010727
-2.044261 0.010756
-2.035509 0.010780
-2.026757 0.010799
-2.018005 0.010813
-2.009252 0.010823
-2.000500 0.010828
-1.991748 0.010828
-1.982996 0.010823
-1.974244 0.010814
-1.965491 0.010799
-1.956739 0.010779
-1.947987 0.010754
-1.939235 0.010723
-1.930483 0.010686
-1.921730 0.010643
-1.912978 0.010594
-1.904226 0.010538
-1.895474 0.010475
-1.886722 0.010406
-1.877969 0.010329
-1.869217 0.010246
-1.860465 0.010155
-1.851713 0.010056
-1.842961 0.009951
-1.834209 0.009838
-1.825456 0.009718
-1.816704 0.009592
-1.807952 0.009458
-1.799200 0.009318
-1.790448 0.009172
-1.781695 0.009021
-1.772943 0.008864
-1.764191 0.008703
-1.755439 0.008537
-1.746687 0.008368
-1.737934 0.008195
-1.729182 0.008020
-1.720430 0.007843
-1.711678 0.007664
-1.702926 0.007485
-1.694174 0.007305
-1.685421 0.007126
-1.676669 0.006947
-1.667917 0.006770
-1.659165 0.006594
-1.650413 0.006421
-1.641660 0.006250
-1.632908 0.006083
-1.624156 0.005918
-1.615404 0.005758
-1.606652 0.005601
-1.597899 0.005448
-1.589147 0.005299
-1.580395 0.005155
-1.571643 0.005015
-1.562891 0.004880
-1.554139 0.004749
-1.545386 0.004622
-1.536634 0.004500
-1.527882 0.004383
-1.519130 0.004270
-1.510378 0.004161
-1.501625 0.004056
-1.492873 0.003955
-1.484121 0.003858
-1.475369 0.003765
-1.466617 0.003675
-1.457864 0.003589
-1.449112 0.003506
-1.440360 0.003426
-1.431608 0.003349
-1.422856 0.003275
-1.414104 0.003203
-1.405351 0.003135
-1.396599 0.003068
-1.387847 0.003004
-1.379095 0.002943
-1.370343 0.002883
-1.361590 0.002825
-1.352838 0.002769
-1.344086 0.002715
-1.335334 0.002663
-1.326582 0.002612
-1.317829 0.002563
-1.309077 0.002516
-1.300325 0.002470
-1.291573 0.002425
-1.282821 0.002382
-1.274069 0.002340
-1.265316 0.002300
-1.256564 0.002260
-1.247812 0.002222
-1.239060 0.002185
-1.230308 0.002149
-1.221555 0.002115
-1.212803 0.002081
-1.204051 0.002049
-1.195299 0.002017
-1.186547 0.001987
-1.177794 0.001958
-1.169042 0.001930
-1.160290 0.001902
-1.151538 0.001876
-1.142786 0.001850
-1.134034 0.001826
-1.125281 0.001803
-1.116529 0.001780
-1.107777 0.001758
-1.099025 0.001737
-1.090273 0.001717
-1.081520 0.001698
-1.072768 0.001680
-1.064016 0.001663
-1.055264 0.001646
-1.046512 0.001631
-1.037759 0.001616
-1.029007 0.001602
-1.020255 0.001589
-1.011503 0.001576
-1.002751 0.001565
-0.993998 0.001554
-0.985246 0.001544
-0.976494 0.001535
-0.967742 0.001527
-0.958990 0.001519
-0.950238 0.001513
-0.941485 0.001507
-0.932733 0.001502
-0.923981 0.001498
-0.915229 0.001495
-0.906477 0.001493
-0.897724 0.001492
-0.888972 0.001491
-0.880220 0.001492
-0.871468 0.001493
-0.862716 0.001495
-0.853963 0.001498
-0.845211 0.001502
-0.836459 0.001507
-0.827707 0.001513
-0.818955 0.001520
-0.810203 0.001528
-0.801450 0.001536
-0.792698 0.001546
-0.783946 0.001556
-0.775194 0.001567
-0.766442 0.001578
-0.757689 0.001590
-0.748937 0.001603
-0.740185 0.001617
-0.731433 0.001631
-0.722681 0.001645
-0.713928 0.001659
-0.705176 0.001674
-0.696424 0.001689
-0.687672 0.001703
-0.678920 0.001718
-0.670168 0.001732
-0.661415 0.001746
-0.652663 0.001759
-0.643911 0.001771
-0.635159 0.001783
-0.626407 0.001794
-0.617654 0.001803
-0.608902 0.001812
-0.600150 0.001819
-0.591398 0.001825
-0.582646 0.001829
-0.573893 0.001832
-0.565141 0.001833
-0.556389 0.001832
-0.547637 0.001830
-0.538885 0.001826
-0.530133 0.001821
-0.521380 0.001813
-0.512628 0.001804
-0.503876 0.001794
-0.495124 0.001782
-0.486372 0.001768
-0.477619 0.001753
-0.468867 0.001737
-0.460115 0.001720
-0.451363 0.001701
-0.442611 0.001682
-0.433858 0.001662
-0.425106 0.001642
-0.416354 0.001620
-0.407602 0.001599
-0.398850 0.001577
-0.390098 0.001555
-0.381345 0.001533
-0.372593 0.001511
-0.363841 0.001489
-0.355089 0.001468
-0.346337 0.001447
-0.337584 0.001426
-0.328832 0.001405
-0.320080 0.001386
-0.311328 0.001366
-0.302576 0.001347
-0.293823 0.001329
-0.285071 0.001311
-0.276319 0.001294
-0.267567 0.001278
-0.258815 0.001262
-0.250063 0.001246
-0.241310 0.001231
-0.232558 0.001217
-0.223806 0.001202
-0.215054 0.001188
-0.206302 0.001175
-0.197549 0.001162
-0.188797 0.001149
-0.180045 0.001136
-0.171293 0.001123
-0.162541 0.001110
-0.153788 0.001098
-0.145036 0.001085
-0.136284 0.001073
-0.127532 0.001060
-0.118780 0.001047
-0.110028 0.001035
-0.101275 0.001022
-0.092523 0.001009
-0.083771 0.000996
-0.075019 0.000984
-0.066267 0.000971
-0.057514 0.000957
-0.048762 0.000944
-0.040010 0.000931
-0.031258 0.000918
-0.022506 0.000905
-0.013753 0.000892
-0.005001 0.000879
0.003751 0.000866
0.012503 0.000853
0.021255 0.000840
0.030008 0.000828
0.038760 0.000815
0.047512 0.000803
0.056264 0.000791
0.065016 0.000779
0.073768 0.000767
0.082521 0.000756
0.091273 0.000745
0.100025 0.000734
0.108777 0.000723
0.117529 0.000713
0.126282 0.000703
0.135034 0.000693
0.143786 0.000683
0.152538 0.000674
0.161290 0.000665
0.170043 0.000656
0.178795 0.000647
0.187547 0.000639
0.196299 0.000631
0.205051 0.000623
0.213803 0.000616
0.222556 0.000608
0.231308 0.000601
0.240060 0.000594
0.248812 0.000588
0.257564 0.000581
0.266317 0.000575
0.275069 0.000569
0.283821 0.000563
0.292573 0.000557
0.301325 0.000552
0.310078 0.000546
0.318830 0.000541
0.327582 0.000536
0.336334 0.000531
0.345086 0.000526
0.353838 0.000521
0.362591 0.000516
0.371343 0.000512
0.380095 0.000508
0.388847 0.000503
0.397599 0.000499
0.406352 0.000495
0.415104 0.000491
0.423856 0.000487
0.432608 0.000483
0.441360 0.000480
0.450113 0.000476
0.458865 0.000472
0.467617 0.000469
0.476369 0.000466
0.485121 0.000462
0.493873 0.000459
0.502626 0.000456
0.511378 0.000453
0.520130 0.000449
0.528882 0.000446
0.537634 0.000443
0.546387 0.000440
0.555139 0.000438
0.563891 0.000435
0.572643 0.000432
0.581395 0.000429
0.590148 0.000427
0.598900 0.000424
0.607652 0.000421
0.616404 0.000419
0.625156 0.000416
0.633908 0.000414
0.642661 0.000411
0.651413 0.000409
0.660165 0.000407
0.668917 0.000404
0.677669 0.000402
0.686422 0.000400
0.695174 0.000398
0.703926 0.000395
0.712678 0.000393
0.721430 0.000391
0.730183 0.000389
0.738935 0.000387
0.747687 0.000385
0.756439 0.000383
0.765191 0.000381
0.773943 0.000379
0.782696 0.000377
0.791448 0.000375
0.800200 0.000373
0.808952 0.000371
0.817704 0.000369
0.826457 0.000368
0.835209 0.000366
0.843961 0.000364
0.852713 0.000362
0.861465 0.000361
0.870218 0.000359
0.878970 0.000357
0.887722 0.000355
0.896474 0.000354
0.905226 0.000352
0.913978 0.000351
0.922731 0.000349
0.931483 0.000347
0.940235 0.000346
0.948987 0.000344
0.957739 0.000343
0.966492 0.000341
0.975244 0.000340
0.983996 0.000338
0.992748 0.000337
1.001500 0.000335
1.010253 0.000334
1.019005 0.000333
1.027757 0.000331
1.036509 0.000330
1.045261 0.000328
1.054014 0.000327
1.062766 0.000326
1.071518 0.000324
1.080270 0.000323
1.089022 0.000322
1.097774 0.000321
1.106527 0.000319
1.115279 0.000318
1.124031 0.000317
1.132783 0.000316
1.141535 0.000314
1.150288 0.000313
1.159040 0.000312
1.167792 0.000311
1.176544 0.000310
1.185296 0.000309
1.194049 0.000307
1.202801 0.000306
1.211553 0.000305
1.220305 0.000304
1.229057 0.000303
1.237809 0.000302
1.246562 0.000301
1.255314 0.000300
1.264066 0.000299
1.272818 0.000298
1.281570 0.000297
1.290323 0.000296
1.299075 0.000295
1.307827 0.000294
1.316579 0.000293
1.325331 0.000292
1.334084 0.000291
1.342836 0.000290
1.351588 0.000289
1.360340 0.000288
1.369092 0.000287
1.377844 0.000286
1.386597 0.000285
1.395349 0.000284
1.404101 0.000283
1.412853 0.000283
1.421605 0.000282
1.430358 0.000281
1.439110 0.000280
1.447862 0.000279
1.456614 0.000278
1.465366 0.000278
1.474119 0.000277
1.482871 0.000276
1.491623 0.000275
1.500375 0.000274
1.509127 0.000274
1.517879 0.000273
1.526632 0.000272
1.535384 0.000271
1.544136 0.000271
1.552888 0.000270
1.561640 0.000269
1.570393 0.000269
1.579145 0.000268
1.587897 0.000267
1.596649 0.000267
1.605401 0.000266
1.614154 0.000265
1.622906 0.000265
1.631658 0.000264
1.640410 0.000263
1.649162 0.000263
1.657914 0.000262
1.666667 0.000262
1.675419 0.000261
1.684171 0.000261
1.692923 0.000260
1.701675 0.000259
1.710428 0.000259
1.719180 0.000258
1.727932 0.000258
1.736684 0.000257
1.745436 0.000257
1.754189 0.000256
1.762941 0.000256
1.771693 0.000255
1.780445 0.000255
1.789197 0.000255
1.797949 0.000254
1.806702 0.000254
1.815454 0.000253
1.824206 0.000253
1.832958 0.000252
1.841710 0.000252
1.850463 0.000252
1.859215 0.000251
1.867967 0.000251
1.876719 0.000251
1.885471 0.000250
1.894224 0.000250
1.902976 0.000250
1.911728 0.000250
1.920480 0.000249
1.929232 0.000249
1.937984 0.000249
1.946737 0.000249
1.955489 0.000248
1.964241 0.000248
1.972993 0.000248
1.981745 0.000248
1.990498 0.000248
1.999250 0.000248
2.008002 0.000247
2.016754 0.000247
2.025506 0.000247
2.034259 0.000247
2.043011 0.000247
2.051763 0.000247
2.060515 0.000247
2.069267 0.000247
2.078020 0.000247
2.086772 0.000247
2.095524 0.000247
2.104276 0.000247
2.113028 0.000247
2.121780 0.000247
2.130533 0.000248
2.139285 0.000248
2.148037 0.000248
2.156789 0.000248
2.165541 0.000248
2.174294 0.000249
2.183046 0.000249
2.191798 0.000249
2.200550 0.000249
2.209302 0.000250
2.218055 0.000250
2.226807 0.000251
2.235559 0.000251
2.244311 0.000252
2.253063 0.000252
2.261815 0.000253
2.270568 0.000253
2.279320 0.000254
2.288072 0.000255
2.296824 0.000255
2.305576 0.000256
2.314329 0.000257
2.323081 0.000258
2.331833 0.000259
2.340585 0.000260
2.349337 0.000260
2.358090 0.000262
2.366842 0.000263
2.375594 0.000264
2.384346 0.000265
2.393098 0.000266
2.401850 0.000268
2.410603 0.000269
2.419355 0.000270
2.428107 0.000272
2.436859 0.000274
2.445611 0.000275
2.454364 0.000277
2.463116 0.000279
2.471868 0.000281
2.480620 0.000283
2.489372 0.000285
2.498125 0.000287
2.506877 0.000289
2.515629 0.000292
2.524381 0.000294
2.533133 0.000297
2.541885 0.000300
2.550638 0.000303
2.559390 0.000306
2.568142 0.000309
2.576894 0.000312
2.585646 0.000315
2.594399 0.000319
2.603151 0.000322
2.611903 0.000326
2.620655 0.000330
2.629407 0.000334
2.638160 0.000338
2.646912 0.000343
2.655664 0.000347
2.664416 0.000352
2.673168 0.000357
2.681920 0.000362
2.690673 0.000368
2.699425 0.000373
2.708177 0.000379
2.716929 0.000385
2.725681 0.000391
2.734434 0.000398
2.743186 0.000404
2.751938 0.000411
2.760690 0.000419
2.769442 0.000426
2.778195 0.000434
2.786947 0.000442
2.795699 0.000451
2.804451 0.000460
2.813203 0.000469
2.821955 0.000479
2.830708 0.000489
2.839460 0.000499
2.848212 0.000510
2.856964 0.000522
2.865716 0.000534
2.874469 0.000546
2.883221 0.000559
2.891973 0.000572
2.900725 0.000586
2.909477 0.000600
2.918230 0.000615
2.926982 0.000631
2.935734 0.000647
2.944486 0.000663
2.953238 0.000680
2.961990 0.000697
2.970743 0.000715
2.979495 0.000733
2.988247 0.000752
2.996999 0.000770
3.005751 0.000789
3.014504 0.000809
3.023256 0.000828
3.032008 0.000847
3.040760 0.000867
3.049512 0.000886
3.058265 0.000905
3.067017 0.000924
3.075769 0.000942
3.084521 0.000960
3.093273 0.000978
3.102026 0.000994
3.110778 0.001011
3.119530 0.001026
3.128282 0.001041
3.137034 0.001054
3.145786 0.001067
3.154539 0.001079
3.163291 0.001089
3.172043 0.001098
3.180795 0.001107
3.189547 0.001114
3.198300 0.001119
3.207052 0.001124
3.215804 0.001127
3.224556 0.001129
3.233308 0.001130
3.242061 0.001130
3.250813 0.001128
3.259565 0.001125
3.268317 0.001121
3.277069 0.001116
3.285821 0.001110
3.294574 0.001103
3.303326 0.001095
3.312078 0.001086
3.320830 0.001076
3.329582 0.001065
3.338335 0.001054
3.347087 0.001042
3.355839 0.001029
3.364591 0.001015
3.373343 0.001000
3.382096 0.000986
3.390848 0.000970
3.399600 0.000954
3.408352 0.000938
3.417104 0.000921
3.425856 0.000904
3.434609 0.000886
3.443361 0.000868
3.452113 0.000850
3.460865 0.000832
3.469617 0.000814
3.478370 0.000796
3.487122 0.000777
3.495874 0.000759
3.504626 0.000740
3.513378 0.000722
3.522131 0.000704
3.530883 0.000686
3.539635 0.000668
3.548387 0.000651
3.557139 0.000634
3.565891 0.000617
3.574644 0.000600
3.583396 0.000584
3.592148 0.000569
3.600900 0.000553
3.609652 0.000538
3.618405 0.000524
3.627157 0.000510
3.635909 0.000496
3.644661 0.000483
3.653413 0.000470
3.662166 0.000458
3.670918 0.000446
3.679670 0.000435
3.688422 0.000424
3.697174 0.000413
3.705926 0.000403
3.714679 0.000394
3.723431 0.000384
3.732183 0.000376
3.740935 0.000367
3.749687 0.000359
3.758440 0.000351
3.767192 0.000344
3.775944 0.000336
3.784696 0.000329
3.793448 0.000323
3.802201 0.000317
3.810953 0.000310
3.819705 0.000305
3.828457 0.000299
3.837209 0.000294
3.845961 0.000289
3.854714 0.000284
3.863466 0.000279
3.872218 0.000274
3.880970 0.000270
3.889722 0.000266
3.898475 0.000262
3.907227 0.000258
3.915979 0.000254
3.924731 0.000251
3.933483 0.000247
3.942236 0.000244
3.950988 0.000241
3.959740 0.000238
3.968492 0.000235
3.977244 0.000232
3.985996 0.000229
3.994749 0.000226
4.003501 0.000224
4.012253 0.000221
4.021005 0.000219
4.029757 0.000216
4.038510 0.000214
4.047262 0.000212
4.056014 0.000210
4.064766 0.000208
4.073518 0.000206
4.082271 0.000204
4.091023 0.000202
4.099775 0.000200
4.108527 0.000198
4.117279 0.000196
4.126032 0.000195
4.134784 0.000193
4.143536 0.000191
4.152288 0.000190
4.161040 0.000188
4.169792 0.000187
4.178545 0.000185
4.187297 0.000184
4.196049 0.000183
4.204801 0.000181
4.213553 0.000180
4.222306 0.000179
4.231058 0.000178
4.239810 0.000176
4.248562 0.000175
4.257314 0.000174
4.266067 0.000173
4.274819 0.000172
4.283571 0.000171
4.292323 0.000170
4.301075 0.000169
4.309827 0.000168
4.318580 0.000167
4.327332 0.000166
4.336084 0.000165
4.344836 0.000164
4.353588 0.000163
4.362341 0.000162
4.371093 0.000161
4.379845 0.000160
4.388597 0.000160
4.397349 0.000159
4.406102 0.000158
4.414854 0.000157
4.423606 0.000156
4.432358 0.000156
4.441110 0.000155
4.449862 0.000154
4.458615 0.000154
4.467367 0.000153
4.476119 0.000152
4.484871 0.000151
4.493623 0.000151
4.502376 0.000150
4.511128 0.000150
4.519880 0.000149
4.528632 0.000148
4.537384 0.000148
4.546137 0.000147
4.554889 0.000147
4.563641 0.000146
4.572393 0.000145
4.581145 0.000145
4.589897 0.000144
4.598650 0.000144
4.607402 0.000143
4.616154 0.000143
4.624906 0.000142
4.633658 0.000142
4.642411 0.000141
4.651163 0.000141
4.659915 0.000140
4.668667 0.000140
4.677419 0.000139
4.686172 0.000139
4.694924 0.000138
4.703676 0.000138
4.712428 0.000138
4.721180 0.000137
4.729932 0.000137
4.738685 0.000136
4.747437 0.000136
4.756189 0.000135
4.764941 0.000135
4.773693 0.000135
4.782446 0.000134
4.791198 0.000134
4.799950 0.000133
4.808702 0.000133
4.817454 0.000133
4.826207 0.000132
4.834959 0.000132
4.843711 0.000132
4.852463 0.000131
4.861215 0.000131
4.869967 0.000131
4.878720 0.000130
4.887472 0.000130
4.896224 0.000130
4.904976 0.000129
4.913728 0.000129
4.922481 0.000129
4.931233 0.000128
4.939985 0.000128
4.948737 0.000128
4.957489 0.000127
4.966242 0.000127
4.974994 0.000127
4.983746 0.000126
4.992498 0.000126
5.001250 0.000126
5.010003 0.000126
5.018755 0.000125
5.027507 0.000125
5.036259 0.000125
5.045011 0.000125
5.053763 0.000124
5.062516 0.000124
5.071268 0.000124
5.080020 0.000124
5.088772 0.000123
5.097524 0.000123
5.106277 0.000123
5.115029 0.000123
5.123781 0.000122
5.132533 0.000122
5.141285 0.000122
5.150038 0.000122
5.158790 0.000121
5.167542 0.000121
5.176294 0.000121
5.185046 0.000121
5.193798 0.000120
5.202551 0.000120
5.211303 0.000120
5.220055 0.000120
5.228807 0.000120
5.237559 0.000119
5.246312 0.000119
5.255064 0.000119
5.263816 0.000119
5.272568 0.000119
5.281320 0.000118
5.290073 0.000118
5.298825 0.000118
5.307577 0.000118
5.316329 0.000118
5.325081 0.000117
5.333833 0.000117
5.342586 0.000117
5.351338 0.000117
5.360090 0.000117
5.368842 0.000116
5.377594 0.000116
5.386347 0.000116
5.395099 0.000116
5.403851 0.000116
5.412603 0.000116
5.421355 0.000115
5.430108 0.000115
5.438860 0.000115
5.447612 0.000115
5.456364 0.000115
5.465116 0.000115
5.473868 0.000115
5.482621 0.000114
5.491373 0.000114
5.500125 0.000114
5.508877 0.000114
5.517629 0.000114
5.526382 0.000114
5.535134 0.000113
5.543886 0.000113
5.552638 0.000113
5.561390 0.000113
5.570143 0.000113
5.578895 0.000113
5.587647 0.000113
5.596399 0.000112
5.605151 0.000112
5.613903 0.000112
5.622656 0.000112
5.631408 0.000112
5.640160 0.000112
5.648912 0.000112
5.657664 0.000112
5.666417 0.000111
5.675169 0.000111
5.683921 0.000111
5.692673 0.000111
5.701425 0.000111
5.710178 0.000111
5.718930 0.000111
5.727682 0.000111
5.736434 0.000111
5.745186 0.000110
5.753938 0.000110
5.762691 0.000110
5.771443 0.000110
5.780195 0.000110
5.788947 0.000110
5.797699 0.000110
5.806452 0.000110
5.815204 0.000110
5.823956 0.000109
5.832708 0.000109
5.841460 0.000109
5.850213 0.000109
5.858965 0.000109
5.867717 0.000109
5.876469 0.000109
5.885221 0.000109
5.893973 0.000109
5.902726 0.000109
5.911478 0.000109
5.920230 0.000108
5.928982 0.000108
5.937734 0.000108
5.946487 0.000108
5.955239 0.000108
5.963991 0.000108
5.972743 0.000108
5.981495 0.000108
5.990248 0.000108
5.999000 0.000108
6.007752 0.000108
6.016504 0.000108
6.025256 0.000108
6.034009 0.000107
6.042761 0.000107
6.051513 0.000107
6.060265 0.000107
6.069017 0.000107
6.077769 0.000107
6.086522 0.000107
6.095274 0.000107
6.104026 0.000107
6.112778 0.000107
6.121530 0.000107
6.130283 0.000107
6.139035 0.000107
6.147787 0.000107
6.156539 0.000107
6.165291 0.000106
6.174044 0.000106
6.182796 0.000106
6.191548 0.000106
6.200300 0.000106
6.209052 0.000106
6.217804 0.000106
6.226557 0.000106
6.235309 0.000106
6.244061 0.000106
6.252813 0.000106
6.261565 0.000106
6.270318 0.000106
6.279070 0.000106
6.287822 0.000106
6.296574 0.000106
6.305326 0.000106
6.314079 0.000106
6.322831 0.000106
6.331583 0.000106
6.340335 0.000106
6.349087 0.000105
6.357839 0.000105
6.366592 0.000105
6.375344 0.000105
6.384096 0.000105
6.392848 0.000105
6.401600 0.000105
6.410353 0.000105
6.419105 0.000105
6.427857 0.000105
6.436609 0.000105
6.445361 0.000105
6.454114 0.000105
6.462866 0.000105
6.471618 0.000105
6.480370 0.000105
6.489122 0.000105
6.497874 0.000105
6.506627 0.000105
6.515379 0.000105
6.524131 0.000105
6.532883 0.000105
6.541635 0.000105
6.550388 0.000105
6.559140 0.000105
6.567892 0.000105
6.576644 0.000105
6.585396 0.000105
6.594149 0.000105
6.602901 0.000105
6.611653 0.000105
6.620405 0.000105
6.629157 0.000105
6.637909 0.000105
6.646662 0.000105
6.655414 0.000105
6.664166 0.000105
6.672918 0.000105
6.681670 0.000105
6.690423 0.000105
6.699175 0.000105
6.707927 0.000105
6.716679 0.000105
6.725431 0.000105
6.734184 0.000105
6.742936 0.000105
6.751688 0.000105
6.760440 0.000105
6.769192 0.000105
6.777944 0.000105
6.786697 0.000105
6.795449 0.000105
6.804201 0.000105
6.812953 0.000105
6.821705 0.000105
6.830458 0.000105
6.839210 0.000105
6.847962 0.000105
6.856714 0.000105
6.865466 0.000105
6.874219 0.000105
6.882971 0.000105
6.891723 0.000105
6.900475 0.000105
6.909227 0.000105
6.917979 0.000105
6.926732 0.000105
6.935484 0.000105
6.944236 0.000105
6.952988 0.000105
6.961740 0.000105
6.970493 0.000105
6.979245 0.000105
6.987997 0.000105
6.996749 0.000105
7.005501 0.000105
7.014254 0.000105
7.023006 0.000105
7.031758 0.000105
7.040510 0.000105
7.049262 0.000105
7.058015 0.000105
7.066767 0.000105
7.075519 0.000105
7.084271 0.000105
7.093023 0.000105
7.101775 0.000105
7.110528 0.000105
7.119280 0.000106
7.128032 0.000106
7.136784 0.000106
7.145536 0.000106
7.154289 0.000106
7.163041 0.000106
7.171793 0.000106
7.180545 0.000106
7.189297 0.000106
7.198050 0.000106
7.206802 0.000106
7.215554 0.000106
7.224306 0.000106
7.233058 0.000106
7.241810 0.000106
7.250563 0.000106
7.259315 0.000106
7.268067 0.000106
7.276819 0.000106
7.285571 0.000106
7.294324 0.000106
7.303076 0.000107
7.311828 0.000107
7.320580 0.000107
7.329332 0.000107
7.338085 0.000107
7.346837 0.000107
7.355589 0.000107
7.364341 0.000107
7.373093 0.000107
7.381845 0.000107
7.390598 0.000107
7.399350 0.000107
7.408102 0.000107
7.416854 0.000107
7.425606 0.000107
7.434359 0.000107
7.443111 0.000108
7.451863 0.000108
7.460615 0.000108
7.469367 0.000108
7.478120 0.000108
7.486872 0.000108
7.495624 0.000108
7.504376 0.000108
7.513128 0.000108
7.521880 0.000108
7.530633 0.000108
7.539385 0.000108
7.548137 0.000108
7.556889 0.000109
7.565641 0.000109
7.574394 0.000109
7.583146 0.000109
7.591898 0.000109
7.600650 0.000109
7.609402 0.000109
7.618155 0.000109
7.626907 0.000109
7.635659 0.000109
7.644411 0.000109
7.653163 0.000110
7.661915 0.000110
7.670668 0.000110
7.679420 0.000110
7.688172 0.000110
7.696924 0.000110
7.705676 0.000110
7.714429 0.000110
7.723181 0.000110
7.731933 0.000110
7.740685 0.000111
7.749437 0.000111
7.758190 0.000111
7.766942 0.000111
7.775694 0.000111
7.784446 0.000111
7.793198 0.000111
7.801950 0.000111
7.810703 0.000111
7.819455 0.000112
7.828207 0.000112
7.836959 0.000112
7.845711 0.000112
7.854464 0.000112
7.863216 0.000112
7.871968 0.000112
7.880720 0.000112
7.889472 0.000113
7.898225 0.000113
7.906977 0.000113
7.915729 0.000113
7.924481 0.000113
7.933233 0.000113
7.941985 0.000113
7.950738 0.000113
7.959490 0.000114
7.968242 0.000114
7.976994 0.000114
7.985746 0.000114
7.994499 0.000114
8.003251 0.000114
8.012003 0.000114
8.020755 0.000115
8.029507 0.000115
8.038260 0.000115
8.047012 0.000115
8.055764 0.000115
8.064516 0.000115
8.073268 0.000115
8.082021 0.000116
8.090773 0.000116
8.099525 0.000116
8.108277 0.000116
8.117029 0.000116
8.125781 0.000116
8.134534 0.000116
8.143286 0.000117
8.152038 0.000117
8.160790 0.000117
8.169542 0.000117
8.178295 0.000117
8.187047 0.000117
8.195799 0.000118
8.204551 0.000118
8.213303 0.000118
8.222056 0.000118
8.230808 0.000118
8.239560 0.000118
8.248312 0.000119
8.257064 0.000119
8.265816 0.000119
8.274569 0.000119
8.283321 0.000119
8.292073 0.000120
8.300825 0.000120
8.309577 0.000120
8.318330 0.000120
8.327082 0.000120
8.335834 0.000120
8.344586 0.000121
8.353338 0.000121
8.362091 0.000121
8.370843 0.000121
8.379595 0.000121
8.388347 0.000122
8.397099 0.000122
8.405851 0.000122
8.414604 0.000122
8.423356 0.000122
8.432108 0.000123
8.440860 0.000123
8.449612 0.000123
8.458365 0.000123
8.467117 0.000123
8.475869 0.000124
8.484621 0.000124
8.493373 0.000124
8.502126 0.000124
8.510878 0.000125
8.519630 0.000125
8.528382 0.000125
8.537134 0.000125
8.545886 0.000125
8.554639 0.000126
8.563391 0.000126
8.572143 0.000126
8.580895 0.000126
8.589647 0.000127
8.598400 0.000127
8.607152 0.000127
8.615904 0.000127
8.624656 0.000128
8.633408 0.000128
8.642161 0.000128
8.650913 0.000128
8.659665 0.000129
8.668417 0.000129
8.677169 0.000129
8.685921 0.000129
8.694674 0.000130
8.703426 0.000130
8.712178 0.000130
8.720930 0.000130
8.729682 0.000131
8.738435 0.000131
8.747187 0.000131
8.755939 0.000131
8.764691 0.000132
8.773443 0.000132
8.782196 0.000132
8.790948 0.000132
8.799700 0.000133
8.808452 0.000133
8.817204 0.000133
8.825956 0.000134
8.834709 0.000134
8.843461 0.000134
8.852213 0.000134
8.860965 0.000135
8.869717 0.000135
8.878470 0.000135
8.887222 0.000136
8.895974 0.000136
8.904726 0.000136
8.913478 0.000137
8.922231 0.000137
8.930983 0.000137
8.939735 0.000137
8.948487 0.000138
8.957239 0.000138
8.965991 0.000138
8.974744 0.000139
8.983496 0.000139
8.992248 0.000139
9.001000 0.000140
9.009752 0.000140
9.018505 0.000140
9.027257 0.000141
9.036009 0.000141
9.044761 0.000141
9.053513 0.000142
9.062266 0.000142
9.071018 0.000142
9.079770 0.000143
9.088522 0.000143
9.097274 0.000143
9.106027 0.000144
9.114779 0.000144
9.123531 0.000145
9.132283 0.000145
9.141035 0.000145
9.149787 0.000146
9.158540 0.000146
9.167292 0.000146
9.176044 0.000147
9.184796 0.000147
9.193548 0.000148
9.202301 0.000148
9.211053 0.000148
9.219805 0.000149
9.228557 0.000149
9.237309 0.000149
9.246062 0.000150
9.254814 0.000150
9.263566 0.000151
9.272318 0.000151
9.281070 0.000151
9.289822 0.000152
9.298575 0.000152
9.307327 0.000153
9.316079 0.000153
9.324831 0.000154
9.333583 0.000154
9.342336 0.000154
9.351088 0.000155
9.359840 0.000155
9.368592 0.000156
9.377344 0.000156
9.386097 0.000157
9.394849 0.000157
9.403601 0.000158
9.412353 0.000158
9.421105 0.000158
9.429857 0.000159
9.438610 0.000159
9.447362 0.000160
9.456114 0.000160
9.464866 0.000161
9.473618 0.000161
9.482371 0.000162
9.491123 0.000162
9.499875 0.000163
9.508627 0.000163
9.517379 0.000164
9.526132 0.000164
9.534884 0.000165
9.543636 0.000165
9.552388 0.000166
9.561140 0.000166
9.569892 0.000167
9.578645 0.000167
9.587397 0.000168
9.596149 0.000168
9.604901 0.000169
9.613653 0.000169
9.622406 0.000170
9.631158 0.000171
9.639910 0.000171
9.648662 0.000172
9.657414 0.000172
9.666167 0.000173
9.674919 0.000173
9.683671 0.000174
9.692423 0.000175
9.701175 0.000175
9.709927 0.000176
9.718680 0.000176
9.727432 0.000177
9.736184 0.000177
9.744936 0.000178
9.753688 0.000179
9.762441 0.000179
9.771193 0.000180
9.779945 0.000181
9.788697 0.000181
9.797449 0.000182
9.806202 0.000182
9.814954 0.000183
9.823706 0.000184
9.832458 0.000184
9.841210 0.000185
9.849962 0.000186
9.858715 0.000186
9.867467 0.000187
9.876219 0.000188
9.884971 0.000188
9.893723 0.000189
9.902476 0.000190
9.911228 0.000190
9.919980 0.000191
9.928732 0.000192
9.937484 0.000193
9.946237 0.000193
9.954989 0.000194
9.963741 0.000195
9.972493 0.000196
9.981245 0.000196
9.989997 0.000197
9.998750 0.000198
10.007502 0.000199
10.016254 0.000199
10.025006 0.000200
10.033758 0.000201
10.042511 0.000202
10.051263 0.000202
10.060015 0.000203
10.068767 0.000204
10.077519 0.000205
10.086272 0.000206
10.095024 0.000207
10.103776 0.000207
10.112528 0.000208
10.121280 0.000209
10.130033 0.000210
10.138785 0.000211
10.147537 0.000212
10.156289 0.000212
10.165041 0.000213
10.173793 0.000214
10.182546 0.000215
10.191298 0.000216
10.200050 0.000217
10.208802 0.000218
10.217554 0.000219
10.226307 0.000220
10.235059 0.000221
10.243811 0.000222
10.252563 0.000223
10.261315 0.000224
10.270068 0.000224
10.278820 0.000225
10.287572 0.000226
10.296324 0.000227
10.305076 0.000228
10.313828 0.000229
10.322581 0.000230
10.331333 0.000232
10.340085 0.000233
10.348837 0.000234
10.357589 0.000235
10.366342 0.000236
10.375094 0.000237
10.383846 0.000238
10.392598 0.000239
10.401350 0.000240
10.410103 0.000241
10.418855 0.000242
10.427607 0.000243
10.436359 0.000245
10.445111 0.000246
10.453863 0.000247
10.462616 0.000248
10.471368 0.000249
10.480120 0.000250
10.488872 0.000252
10.497624 0.000253
10.506377 0.000254
10.515129 0.000255
10.523881 0.000257
10.532633 0.000258
10.541385 0.000259
10.550138 0.000260
10.558890 0.000262
10.567642 0.000263
10.576394 0.000264
10.585146 0.000266
10.593898 0.000267
10.602651 0.000268
10.611403 0.000270
10.620155 0.000271
10.628907 0.000272
10.637659 0.000274
10.646412 0.000275
10.655164 0.000277
10.663916 0.000278
10.672668 0.000280
10.681420 0.000281
10.690173 0.000283
10.698925 0.000284
10.707677 0.000286
10.716429 0.000287
10.725181 0.000289
10.733933 0.000290
10.742686 0.000292
10.751438 0.000293
10.760190 0.000295
10.768942 0.000297
10.777694 0.000298
10.786447 0.000300
10.795199 0.000302
10.803951 0.000303
10.812703 0.000305
10.821455 0.000307
10.830208 0.000308
10.838960 0.000310
10.847712 0.000312
10.856464 0.000314
10.865216 0.000316
10.873968 0.000317
10.882721 0.000319
10.891473 0.000321
10.900225 0.000323
10.908977 0.000325
10.917729 0.000327
10.926482 0.000329
10.935234 0.000331
10.943986 0.000333
10.952738 0.000335
10.961490 0.000337
10.970243 0.000339
10.978995 0.000341
10.987747 0.000343
10.996499 0.000345
11.005251 0.000347
11.014004 0.000349
11.022756 0.000351
11.031508 0.000354
11.040260 0.000356
11.049012 0.000358
11.057764 0.000360
11.066517 0.000363
11.075269 0.000365
11.084021 0.000367
11.092773 0.000370
11.101525 0.000372
11.110278 0.000375
11.119030 0.000377
11.127782 0.000379
11.136534 0.000382
11.145286 0.000384
11.154039 0.000387
11.162791 0.000390
11.171543 0.000392
11.180295 0.000395
11.189047 0.000398
11.197799 0.000400
11.206552 0.000403
11.215304 0.000406
11.224056 0.000409
11.232808 0.000411
11.241560 0.000414
11.250313 0.000417
11.259065 0.000420
11.267817 0.000423
11.276569 0.000426
11.285321 0.000429
11.294074 0.000432
11.302826 0.000435
11.311578 0.000439
11.320330 0.000442
11.329082 0.000445
11.337834 0.000448
11.346587 0.000452
11.355339 0.000455
11.364091 0.000458
11.372843 0.000462
11.381595 0.000465
11.390348 0.000469
11.399100 0.000472
11.407852 0.000476
11.416604 0.000480
11.425356 0.000483
11.434109 0.000487
11.442861 0.000491
11.451613 0.000495
11.460365 0.000499
11.469117 0.000502
11.477869 0.000506
11.486622 0.000511
11.495374 0.000515
11.504126 0.000519
11.512878 0.000523
11.521630 0.000527
11.530383 0.000532
11.539135 0.000536
11.547887 0.000540
11.556639 0.000545
11.565391 0.000549
11.574144 0.000554
11.582896 0.000559
11.591648 0.000564
11.600400 0.000568
11.609152 0.000573
11.617904 0.000578
11.626657 0.000583
11.635409 0.000588
11.644161 0.000593
11.652913 0.000599
11.661665 0.000604
11.670418 0.000609
11.679170 0.000615
11.687922 0.000620
11.696674 0.000626
11.705426 0.000632
11.714179 0.000638
11.722931 0.000643
11.731683 0.000649
11.740435 0.000655
11.749187 0.000662
11.757939 0.000668
11.766692 0.000674
11.775444 0.000681
11.784196 0.000687
11.792948 0.000694
11.801700 0.000701
11.810453 0.000707
11.819205 0.000714
11.827957 0.000721
11.836709 0.000729
11.845461 0.000736
11.854214 0.000743
11.862966 0.000751
11.871718 0.000758
11.880470 0.000766
11.889222 0.000774
11.897974 0.000782
11.906727 0.000790
11.915479 0.000799
11.924231 0.000807
11.932983 0.000816
11.941735 0.000824
11.950488 0.000833
11.959240 0.000842
11.967992 0.000851
11.976744 0.000861
11.985496 0.000870
11.994249 0.000880
12.003001 0.000890
12.011753 0.000900
12.020505 0.000910
12.029257 0.000920
12.038010 0.000931
12.046762 0.000942
12.055514 0.000953
12.064266 0.000964
12.073018 0.000975
12.081770 0.000987
12.090523 0.000999
12.099275 0.001011
12.108027 0.001023
12.116779 0.001035
12.125531 0.001048
12.134284 0.001061
12.143036 0.001074
12.151788 0.001088
12.160540 0.001102
12.169292 0.001116
12.178045 0.001130
12.186797 0.001144
12.195549 0.001159
12.204301 0.001175
12.213053 0.001190
12.221805 0.001206
12.230558 0.001222
12.239310 0.001239
12.248062 0.001256
12.256814 0.001273
12.265566 0.001290
12.274319 0.001308
12.283071 0.001327
12.291823 0.001346
12.300575 0.001365
12.309327 0.001384
12.318080 0.001404
12.326832 0.001425
12.335584 0.001446
12.344336 0.001468
12.353088 0.001490
12.361840 0.001512
12.370593 0.001535
12.379345 0.001559
12.388097 0.001583
12.396849 0.001608
12.405601 0.001633
12.414354 0.001659
12.423106 0.001686
12.431858 0.001713
12.440610 0.001741
12.449362 0.001770
12.458115 0.001799
12.466867 0.001829
12.475619 0.001860
12.484371 0.001892
12.493123 0.001925
12.501875 0.001958
12.510628 0.001993
12.519380 0.002028
12.528132 0.002065
12.536884 0.002102
12.545636 0.002141
12.554389 0.002180
12.563141 0.002221
12.571893 0.002263
12.580645 0.002306
12.589397 0.002350
12.598150 0.002396
12.606902 0.002443
12.615654 0.002491
12.624406 0.002541
12.633158 0.002593
12.641910 0.002646
12.650663 0.002701
12.659415 0.002757
12.668167 0.002816
12.676919 0.002876
12.685671 0.002939
12.694424 0.003003
12.703176 0.003070
12.711928 0.003139
12.720680 0.003210
12.729432 0.003284
12.738185 0.003360
12.746937 0.003439
12.755689 0.003521
12.764441 0.003606
12.773193 0.003694
12.781945 0.003785
12.790698 0.003880
12.799450 0.003978
12.808202 0.004080
12.816954 0.004186
12.825706 0.004297
12.834459 0.004411
12.843211 0.004531
12.851963 0.004655
12.860715 0.004784
12.869467 0.004919
12.878220 0.005059
12.886972 0.005205
12.895724 0.005358
12.904476 0.005517
12.913228 0.005683
12.921980 0.005857
12.930733 0.006038
12.939485 0.006227
12.948237 0.006425
12.956989 0.006633
12.965741 0.006849
12.974494 0.007076
12.983246 0.007314
12.991998 0.007562
13.000750 0.007822
13.009502 0.008095
13.018255 0.008381
13.027007 0.008680
13.035759 0.008993
13.044511 0.009322
13.053263 0.009666
13.062016 0.010026
13.070768 0.010403
13.079520 0.010798
13.088272 0.011211
13.097024 0.011643
13.105776 0.012095
13.114529 0.012566
13.123281 0.013058
13.132033 0.013570
13.140785 0.014104
13.149537 0.014658
13.158290 0.015234
13.167042 0.015832
13.175794 0.016449
13.184546 0.017088
13.193298 0.017746
13.202051 0.018423
13.210803 0.019117
13.219555 0.019828
13.228307 0.020554
13.237059 0.021292
13.245811 0.022041
13.254564 0.022798
13.263316 0.023561
13.272068 0.024326
13.280820 0.025090
13.289572 0.025850
13.298325 0.026601
13.307077 0.027341
13.315829 0.028065
13.324581 0.028768
13.333333 0.029447
13.342086 0.030097
13.350838 0.030715
13.359590 0.031295
13.368342 0.031834
13.377094 0.032328
13.385846 0.032773
13.394599 0.033167
13.403351 0.033506
13.412103 0.033787
13.420855 0.034009
13.429607 0.034170
13.438360 0.034269
13.447112 0.034305
13.455864 0.034278
13.464616 0.034188
13.473368 0.034036
13.482121 0.033824
13.490873 0.033553
13.499625 0.033225
13.508377 0.032844
13.517129 0.032413
13.525881 0.031934
13.534634 0.031412
13.543386 0.030849
13.552138 0.030251
13.560890 0.029621
13.569642 0.028964
13.578395 0.028283
13.587147 0.027583
13.595899 0.026868
13.604651 0.026142
13.613403 0.025408
13.622156 0.024670
13.630908 0.023931
13.639660 0.023196
13.648412 0.022465
13.657164 0.021743
13.665916 0.021031
13.674669 0.020331
13.683421 0.019646
13.692173 0.018977
13.700925 0.018326
13.709677 0.017693
13.718430 0.017079
13.727182 0.016485
13.735934 0.015912
13.744686 0.015360
13.753438 0.014829
13.762191 0.014319
13.770943 0.013830
13.779695 0.013362
13.788447 0.012915
13.797199 0.012487
13.805951 0.012080
13.814704 0.011692
13.823456 0.011323
13.832208 0.010972
13.840960 0.010638
13.849712 0.010322
13.858465 0.010023
13.867217 0.009739
13.875969 0.009471
13.884721 0.009217
13.893473 0.008978
13.902226 0.008752
13.910978 0.008540
13.919730 0.008340
13.928482 0.008153
13.937234 0.007977
13.945986 0.007813
13.954739 0.007660
13.963491 0.007517
13.972243 0.007385
13.980995 0.007262
13.989747 0.007149
13.998500 0.007046
14.007252 0.006952
14.016004 0.006867
14.024756 0.006791
14.033508 0.006723
14.042261 0.006664
14.051013 0.006613
14.059765 0.006571
14.068517 0.006537
14.077269 0.006511
14.086022 0.006494
14.094774 0.006485
14.103526 0.006484
14.112278 0.006491
14.121030 0.006506
14.129782 0.006530
14.138535 0.006563
14.147287 0.006603
14.156039 0.006653
14.164791 0.006711
14.173543 0.006778
14.182296 0.006853
14.191048 0.006938
14.199800 0.007031
14.208552 0.007134
14.217304 0.007245
14.226057 0.007365
14.234809 0.007493
14.243561 0.007631
14.252313 0.007777
14.261065 0.007931
14.269817 0.008093
14.278570 0.008262
14.287322 0.008439
14.296074 0.008622
14.304826 0.008812
14.313578 0.009006
14.322331 0.009205
14.331083 0.009407
14.339835 0.009613
14.348587 0.009819
14.357339 0.010026
14.366092 0.010233
14.374844 0.010437
14.383596 0.010637
14.392348 0.010833
14.401100 0.011023
14.409852 0.011205
14.418605 0.011377
14.427357 0.011539
14.436109 0.011690
14.444861 0.011826
14.453613 0.011948
14.462366 0.012055
14.471118 0.012144
14.479870 0.012216
14.488622 0.012269
14.497374 0.012303
14.506127 0.012317
14.514879 0.012311
14.523631 0.012285
14.532383 0.012239
14.541135 0.012173
14.549887 0.012087
14.558640 0.011982
14.567392 0.011859
14.576144 0.011719
14.584896 0.011562
14.593648 0.011390
14.602401 0.011203
14.611153 0.011004
14.619905 0.010793
14.628657 0.010572
14.637409 0.010342
14.646162 0.010105
14.654914 0.009862
14.663666 0.009615
14.672418 0.009364
14.681170 0.009112
14.689922 0.008858
14.698675 0.008605
14.707427 0.008354
14.716179 0.008105
14.724931 0.007859
14.733683 0.007617
14.742436 0.007380
14.751188 0.007149
14.759940 0.006923
14.768692 0.006704
14.777444 0.006491
14.786197 0.006286
14.794949 0.006087
14.803701 0.005896
14.812453 0.005712
14.821205 0.005535
14.829957 0.005366
14.838710 0.005204
14.847462 0.005050
14.856214 0.004903
14.864966 0.004762
14.873718 0.004629
14.882471 0.004502
14.891223 0.004381
14.899975 0.004267
14.908727 0.004159
14.917479 0.004057
14.926232 0.003961
14.934984 0.003870
14.943736 0.003785
14.952488 0.003704
14.961240 0.003629
14.969992 0.003559
14.978745 0.003493
14.987497 0.003433
14.996249 0.003376
15.005001 0.003324
15.013753 0.003276
15.022506 0.003232
15.031258 0.003192
15.040010 0.003156
15.048762 0.003124
15.057514 0.003095
15.066267 0.003070
15.075019 0.003049
15.083771 0.003031
15.092523 0.003016
15.101275 0.003005
15.110028 0.002997
15.118780 0.002992
15.127532 0.002990
15.136284 0.002991
15.145036 0.002995
15.153788 0.003001
15.162541 0.003010
15.171293 0.003022
15.180045 0.003035
15.188797 0.003051
15.197549 0.003068
15.206302 0.003088
15.215054 0.003108
15.223806 0.003130
15.232558 0.003153
15.241310 0.003177
15.250063 0.003201
15.258815 0.003225
15.267567 0.003248
15.276319 0.003272
15.285071 0.003294
15.293823 0.003316
15.302576 0.003335
15.311328 0.003354
15.320080 0.003370
15.328832 0.003383
15.337584 0.003394
15.346337 0.003403
15.355089 0.003408
15.363841 0.003410
15.372593 0.003408
15.381345 0.003403
15.390098 0.003394
15.398850 0.003381
15.407602 0.003364
15.416354 0.003344
15.425106 0.003319
15.433858 0.003291
15.442611 0.003260
15.451363 0.003224
15.460115 0.003186
15.468867 0.003144
15.477619 0.003099
15.486372 0.003052
15.495124 0.003002
15.503876 0.002949
15.512628 0.002895
15.521380 0.002839
15.530133 0.002782
15.538885 0.002723
15.547637 0.002664
15.556389 0.002604
15.565141 0.002543
15.573893 0.002483
15.582646 0.002423
15.591398 0.002363
15.600150 0.002303
15.608902 0.002244
15.617654 0.002186
15.626407 0.002129
15.635159 0.002074
15.643911 0.002019
15.652663 0.001966
15.661415 0.001914
15.670168 0.001864
15.678920 0.001815
15.687672 0.001768
15.696424 0.001722
15.705176 0.001678
15.713928 0.001636
15.722681 0.001595
15.731433 0.001556
15.740185 0.001518
15.748937 0.001482
15.757689 0.001447
15.766442 0.001414
15.775194 0.001382
15.783946 0.001352
15.792698 0.001323
15.801450 0.001295
15.810203 0.001269
15.818955 0.001243
15.827707 0.001219
15.836459 0.001196
15.845211 0.001174
15.853963 0.001153
15.862716 0.001133
15.871468 0.001114
15.880220 0.001095
15.888972 0.001078
15.897724 0.001061
15.906477 0.001045
15.915229 0.001030
15.923981 0.001015
15.932733 0.001001
15.941485 0.000987
15.950238 0.000974
15.958990 0.000962
15.967742 0.000950
15.976494 0.000938
15.985246 0.000927
15.993998 0.000916
16.002751 0.000905
16.011503 0.000895
16.020255 0.000885
16.029007 0.000875
16.037759 0.000865
16.046512 0.000856
16.055264 0.000846
16.064016 0.000837
16.072768 0.000828
16.081520 0.000819
16.090273 0.000810
16.099025 0.000802
16.107777 0.000793
16.116529 0.000784
16.125281 0.000776
16.134034 0.000767
16.142786 0.000759
16.151538 0.000751
16.160290 0.000742
16.169042 0.000734
16.177794 0.000726
16.186547 0.000718
16.195299 0.000710
16.204051 0.000702
16.212803 0.000694
16.221555 0.000687
16.230308 0.000679
16.239060 0.000672
16.247812 0.000664
16.256564 0.000657
16.265316 0.000650
16.274069 0.000643
16.282821 0.000636
16.291573 0.000629
16.300325 0.000622
16.309077 0.000616
16.317829 0.000609
16.326582 0.000603
16.335334 0.000597
16.344086 0.000591
16.352838 0.000586
16.361590 0.000580
16.370343 0.000575
16.379095 0.000570
16.387847 0.000565
16.396599 0.000560
16.405351 0.000556
16.414104 0.000551
16.422856 0.000547
16.431608 0.000543
16.440360 0.000540
16.449112 0.000536
16.457864 0.000533
16.466617 0.000530
16.475369 0.000527
16.484121 0.000524
16.492873 0.000521
16.501625 0.000519
16.510378 0.000516
16.519130 0.000514
16.527882 0.000512
16.536634 0.000510
16.545386 0.000508
16.554139 0.000506
16.562891 0.000504
16.571643 0.000503
16.580395 0.000501
16.589147 0.000499
16.597899 0.000497
16.606652 0.000496
16.615404 0.000494
16.624156 0.000492
16.632908 0.000490
16.641660 0.000488
16.650413 0.000486
16.659165 0.000483
16.667917 0.000481
16.676669 0.000478
16.685421 0.000475
16.694174 0.000473
16.702926 0.000470
16.711678 0.000466
16.720430 0.000463
16.729182 0.000459
16.737934 0.000456
16.746687 0.000452
16.755439 0.000448
16.764191 0.000444
16.772943 0.000439
16.781695 0.000435
16.790448 0.000431
16.799200 0.000426
16.807952 0.000421
16.816704 0.000417
16.825456 0.000412
16.834209 0.000407
16.842961 0.000402
16.851713 0.000397
16.860465 0.000393
16.869217 0.000388
16.877969 0.000383
16.886722 0.000378
16.895474 0.000374
16.904226 0.000369
16.912978 0.000364
16.921730 0.000360
16.930483 0.000355
16.939235 0.000351
16.947987 0.000347
16.956739 0.000343
16.965491 0.000339
16.974244 0.000335
16.982996 0.000331
16.991748 0.000327
17.000500 0.000323
17.009252 0.000319
17.018005 0.000316
17.026757 0.000313
17.035509 0.000309
17.044261 0.000306
17.053013 0.000303
17.061765 0.000300
17.070518 0.000297
17.079270 0.000294
17.088022 0.000291
17.096774 0.000288
17.105526 0.000285
17.114279 0.000283
17.123031 0.000280
17.131783 0.000278
17.140535 0.000275
17.149287 0.000273
17.158040 0.000271
17.166792 0.000268
17.175544 0.000266
17.184296 0.000264
17.193048 0.000262
17.201800 0.000260
17.210553 0.000258
17.219305 0.000256
17.228057 0.000254
17.236809 0.000252
17.245561 0.000250
17.254314 0.000248
17.263066 0.000246
17.271818 0.000245
17.280570 0.000243
17.289322 0.000241
17.298075 0.000240
17.306827 0.000238
17.315579 0.000236
17.324331 0.000235
17.333083 0.000233
17.341835 0.000232
17.350588 0.000230
17.359340 0.000229
17.368092 0.000227
17.376844 0.000226
17.385596 0.000224
17.394349 0.000223
17.403101 0.000222
17.411853 0.000220
17.420605 0.000219
17.429357 0.000217
17.438110 0.000216
17.446862 0.000215
17.455614 0.000214
17.464366 0.000212
17.473118 0.000211
17.481870 0.000210
17.490623 0.000209
17.499375 0.000208
17.508127 0.000206
17.516879 0.000205
17.525631 0.000204
17.534384 0.000203
17.543136 0.000202
17.551888 0.000201
17.560640 0.000200
17.569392 0.000198
17.578145 0.000197
17.586897 0.000196
17.595649 0.000195
17.604401 0.000194
17.613153 0.000193
17.621905 0.000192
17.630658 0.000191
17.639410 0.000190
17.648162 0.000189
17.656914 0.000188
17.665666 0.000187
17.674419 0.000186
17.683171 0.000185
17.691923 0.000185
17.700675 0.000184
17.709427 0.000183
17.718180 0.000182
17.726932 0.000181
17.735684 0.000180
17.744436 0.000179
17.753188 0.000178
17.761940 0.000177
17.770693 0.000177
17.779445 0.000176
17.788197 0.000175
17.796949 0.000174
17.805701 0.000173
17.814454 0.000172
17.823206 0.000172
17.831958 0.000171
17.840710 0.000170
17.849462 0.000169
17.858215 0.000169
17.866967 0.000168
17.875719 0.000167
17.884471 0.000166
17.893223 0.000166
17.901975 0.000165
17.910728 0.000164
17.919480 0.000163
17.928232 0.000163
17.936984 0.000162
17.945736 0.000161
17.954489 0.000160
17.963241 0.000160
17.971993 0.000159
17.980745 0.000158
17.989497 0.000158
17.998250 0.000157
18.007002 0.000156
18.015754 0.000156
18.024506 0.000155
18.033258 0.000154
18.042011 0.000154
18.050763 0.000153
18.059515 0.000153
18.068267 0.000152
18.077019 0.000151
18.085771 0.000151
18.094524 0.000150
18.103276 0.000149
18.112028 0.000149
18.120780 0.000148
18.129532 0.000148
18.138285 0.000147
18.147037 0.000146
18.155789 0.000146
18.164541 0.000145
18.173293 0.000145
18.182046 0.000144
18.190798 0.000144
18.199550 0.000143
18.208302 0.000143
18.217054 0.000142
18.225806 0.000141
18.234559 0.000141
18.243311 0.000140
18.252063 0.000140
18.260815 0.000139
18.269567 0.000139
18.278320 0.000138
18.287072 0.000138
18.295824 0.000137
18.304576 0.000137
18.313328 0.000136
18.322081 0.000136
18.330833 0.000135
18.339585 0.000135
18.348337 0.000134
18.357089 0.000134
18.365841 0.000133
18.374594 0.000133
18.383346 0.000132
18.392098 0.000132
18.400850 0.000132
18.409602 0.000131
18.418355 0.000131
18.427107 0.000130
18.435859 0.000130
18.444611 0.000129
18.453363 0.000129
18.462116 0.000128
18.470868 0.000128
18.479620 0.000128
18.488372 0.000127
18.497124 0.000127
18.505876 0.000126
18.514629 0.000126
18.523381 0.000126
18.532133 0.000125
18.540885 0.000125
18.549637 0.000124
18.558390 0.000124
18.567142 0.000124
18.575894 0.000123
18.584646 0.000123
18.593398 0.000122
18.602151 0.000122
18.610903 0.000122
18.619655 0.000121
18.628407 0.000121
18.637159 0.000121
18.645911 0.000120
18.654664 0.000120
18.663416 0.000119
18.672168 0.000119
18.680920 0.000119
18.689672 0.000118
18.698425 0.000118
18.707177 0.000118
18.715929 0.000117
18.724681 0.000117
18.733433 0.000117
18.742186 0.000116
18.750938 0.000116
18.759690 0.000116
18.768442 0.000115
18.777194 0.000115
18.785946 0.000115
18.794699 0.000115
18.803451 0.000114
18.812203 0.000114
18.820955 0.000114
18.829707 0.000113
18.838460 0.000113
18.847212 0.000113
18.855964 0.000112
18.864716 0.000112
18.873468 0.000112
18.882221 0.000112
18.890973 0.000111
18.899725 0.000111
18.908477 0.000111
18.917229 0.000111
18.925981 0.000110
18.934734 0.000110
18.943486 0.000110
18.952238 0.000110
18.960990 0.000109
18.969742 0.000109
18.978495 0.000109
18.987247 0.000109
18.995999 0.000108
19.004751 0.000108
19.013503 0.000108
19.022256 0.000108
19.031008 0.000108
19.039760 0.000107
19.048512 0.000107
19.057264 0.000107
19.066017 0.000107
19.074769 0.000107
19.083521 0.000106
19.092273 0.000106
19.101025 0.000106
19.109777 0.000106
19.118530 0.000106
19.127282 0.000106
19.136034 0.000105
19.144786 0.000105
19.153538 0.000105
19.162291 0.000105
19.171043 0.000105
19.179795 0.000105
19.188547 0.000104
19.197299 0.000104
19.206052 0.000104
19.214804 0.000104
19.223556 0.000104
19.232308 0.000104
19.241060 0.000104
19.249812 0.000104
19.258565 0.000104
19.267317 0.000103
19.276069 0.000103
19.284821 0.000103
19.293573 0.000103
19.302326 0.000103
19.311078 0.000103
19.319830 0.000103
19.328582 0.000103
19.337334 0.000103
19.346087 0.000103
19.354839 0.000103
19.363591 0.000103
19.372343 0.000103
19.381095 0.000103
19.389847 0.000103
19.398600 0.000103
19.407352 0.000103
19.416104 0.000103
19.424856 0.000103
19.433608 0.000103
19.442361 0.000103
19.451113 0.000103
19.459865 0.000103
19.468617 0.000103
19.477369 0.000103
19.486122 0.000104
19.494874 0.000104
19.503626 0.000104
19.512378 0.000104
19.521130 0.000104
19.529882 0.000104
19.538635 0.000104
19.547387 0.000105
19.556139 0.000105
19.564891 0.000105
19.573643 0.000105
19.582396 0.000105
19.591148 0.000106
19.599900 0.000106
19.608652 0.000106
19.617404 0.000107
19.626157 0.000107
19.634909 0.000107
19.643661 0.000108
19.652413 0.000108
19.661165 0.000109
19.669917 0.000109
19.678670 0.000109
19.687422 0.000110
19.696174 0.000110
19.704926 0.000111
19.713678 0.000112
19.722431 0.000112
19.731183 0.000113
19.739935 0.000113
19.748687 0.000114
19.757439 0.000115
19.766192 0.000116
19.774944 0.000116
19.783696 0.000117
19.792448 0.000118
19.801200 0.000119
19.809952 0.000120
19.818705 0.000121
19.827457 0.000122
19.836209 0.000123
19.844961 0.000124
19.853713 0.000125
19.862466 0.000126
19.871218 0.000128
19.879970 0.000129
19.888722 0.000130
19.897474 0.000132
19.906227 0.000133
19.914979 0.000135
19.923731 0.000136
19.932483 0.000138
19.941235 0.000140
19.949987 0.000142
19.958740 0.000144
19.967492 0.000146
19.976244 0.000148
19.984996 0.000150
19.993748 0.000152
20.002501 0.000155
20.011253 0.000157
20.020005 0.000160
20.028757 0.000162
20.037509 0.000165
20.046262 0.000168
20.055014 0.000171
20.063766 0.000175
20.072518 0.000178
20.081270 0.000182
20.090023 0.000186
20.098775 0.000189
20.107527 0.000194
20.116279 0.000198
20.125031 0.000202
20.133783 0.000207
20.142536 0.000212
20.151288 0.000217
20.160040 0.000223
20.168792 0.000228
20.177544 0.000234
20.186297 0.000240
20.195049 0.000246
20.203801 0.000253
20.212553 0.000259
20.221305 0.000266
20.230058 0.000273
20.238810 0.000281
20.247562 0.000288
20.256314 0.000296
20.265066 0.000303
20.273818 0.000311
20.282571 0.000319
20.291323 0.000327
20.300075 0.000335
20.308827 0.000343
20.317579 0.000351
20.326332 0.000358
20.335084 0.000366
20.343836 0.000374
20.352588 0.000381
20.361340 0.000388
20.370093 0.000395
20.378845 0.000401
20.387597 0.000407
20.396349 0.000413
20.405101 0.000418
20.413853 0.000423
20.422606 0.000428
20.431358 0.000431
20.440110 0.000435
20.448862 0.000437
20.457614 0.000439
20.466367 0.000441
20.475119 0.000442
20.483871 0.000442
20.492623 0.000441
20.501375 0.000440
20.510128 0.000439
20.518880 0.000437
20.527632 0.000434
20.536384 0.000430
20.545136 0.000426
20.553888 0.000422
20.562641 0.000417
20.571393 0.000411
20.580145 0.000406
20.588897 0.000399
20.597649 0.000393
20.606402 0.000386
20.615154 0.000378
20.623906 0.000371
20.632658 0.000363
20.641410 0.000355
20.650163 0.000347
20.658915 0.000339
20.667667 0.000331
20.676419 0.000323
20.685171 0.000314
20.693923 0.000306
20.702676 0.000298
20.711428 0.000290
20.720180 0.000282
20.728932 0.000274
20.737684 0.000266
20.746437 0.000259
20.755189 0.000252
20.763941 0.000244
20.772693 0.000237
20.781445 0.000231
20.790198 0.000224
20.798950 0.000218
20.807702 0.000212
20.816454 0.000206
20.825206 0.000200
20.833958 0.000194
20.842711 0.000189
20.851463 0.000184
20.860215 0.000179
20.868967 0.000175
20.877719 0.000170
20.886472 0.000166
20.895224 0.000162
20.903976 0.000158
20.912728 0.000154
20.921480 0.000150
20.930233 0.000147
20.938985 0.000144
20.947737 0.000141
20.956489 0.000138
20.965241 0.000135
20.973993 0.000132
20.982746 0.000129
20.991498 0.000127
21.000250 0.000124
21.009002 0.000122
21.017754 0.000120
21.026507 0.000118
21.035259 0.000116
21.044011 0.000114
21.052763 0.000112
21.061515 0.000110
21.070268 0.000108
21.079020 0.000106
21.087772 0.000105
21.096524 0.000103
21.105276 0.000102
21.114029 0.000100
21.122781 0.000099
21.131533 0.000098
21.140285 0.000096
21.149037 0.000095
21.157789 0.000094
21.166542 0.000093
21.175294 0.000092
21.184046 0.000091
21.192798 0.000089
21.201550 0.000088
21.210303 0.000087
21.219055 0.000087
21.227807 0.000086
21.236559 0.000085
21.245311 0.000084
21.254064 0.000083
21.262816 0.000082
21.271568 0.000081
21.280320 0.000081
21.289072 0.000080
21.297824 0.000079
21.306577 0.000078
21.315329 0.000078
21.324081 0.000077
21.332833 0.000076
21.341585 0.000076
21.350338 0.000075
21.359090 0.000075
21.367842 0.000074
21.376594 0.000073
21.385346 0.000073
21.394099 0.000072
21.402851 0.000072
21.411603 0.000071
21.420355 0.000071
21.429107 0.000070
21.437859 0.000070
21.446612 0.000069
21.455364 0.000069
21.464116 0.000068
21.472868 0.000068
21.481620 0.000067
21.490373 0.000067
21.499125 0.000067
21.507877 0.000066
21.516629 0.000066
21.525381 0.000065
21.534134 0.000065
21.542886 0.000065
21.551638 0.000064
21.560390 0.000064
21.569142 0.000063
21.577894 0.000063
21.586647 0.000063
21.595399 0.000062
21.604151 0.000062
21.612903 0.000062
21.621655 0.000061
21.630408 0.000061
21.639160 0.000061
21.647912 0.000061
21.656664 0.000060
21.665416 0.000060
21.674169 0.000060
21.682921 0.000059
21.691673 0.000059
21.700425 0.000059
21.709177 0.000059
21.717929 0.000058
21.726682 0.000058
21.735434 0.000058
21.744186 0.000057
21.752938 0.000057
21.761690 0.000057
21.770443 0.000057
21.779195 0.000057
21.787947 0.000056
21.796699 0.000056
21.805451 0.000056
21.814204 0.000056
21.822956 0.000055
21.831708 0.000055
21.840460 0.000055
21.849212 0.000055
21.857964 0.000054
21.866717 0.000054
21.875469 0.000054
21.884221 0.000054
21.892973 0.000054
21.901725 0.000053
21.910478 0.000053
21.919230 0.000053
21.927982 0.000053
21.936734 0.000053
21.945486 0.000052
21.954239 0.000052
21.962991 0.000052
21.971743 0.000052
21.980495 0.000052
21.989247 0.000052
21.997999 0.000051
22.006752 0.000051
22.015504 0.000051
22.024256 0.000051
22.033008 0.000051
22.041760 0.000051
22.050513 0.000050
22.059265 0.000050
22.068017 0.000050
22.076769 0.000050
22.085521 0.000050
22.094274 0.000050
22.103026 0.000049
22.111778 0.000049
22.120530 0.000049
22.129282 0.000049
22.138035 0.000049
22.146787 0.000049
22.155539 0.000048
22.164291 0.000048
22.173043 0.000048
22.181795 0.000048
22.190548 0.000048
22.199300 0.000048
22.208052 0.000048
22.216804 0.000047
22.225556 0.000047
22.234309 0.000047
22.243061 0.000047
22.251813 0.000047
22.260565 0.000047
22.269317 0.000047
22.278070 0.000047
22.286822 0.000046
22.295574 0.000046
22.304326 0.000046
22.313078 0.000046
22.321830 0.000046
22.330583 0.000046
22.339335 0.000046
22.348087 0.000046
22.356839 0.000045
22.365591 0.000045
22.374344 0.000045
22.383096 0.000045
22.391848 0.000045
22.400600 0.000045
22.409352 0.000045
22.418105 0.000045
22.426857 0.000044
22.435609 0.000044
22.444361 0.000044
22.453113 0.000044
22.461865 0.000044
22.470618 0.000044
22.479370 0.000044
22.488122 0.000044
22.496874 0.000044
22.505626 0.000043
22.514379 0.000043
22.523131 0.000043
22.531883 0.000043
22.540635 0.000043
22.549387 0.000043
22.558140 0.000043
22.566892 0.000043
22.575644 0.000043
22.584396 0.000042
22.593148 0.000042
22.601900 0.000042
22.610653 0.000042
22.619405 0.000042
22.628157 0.000042
22.636909 0.000042
22.645661 0.000042
22.654414 0.000042
22.663166 0.000042
22.671918 0.000042
22.680670 0.000041
22.689422 0.000041
22.698175 0.000041
22.706927 0.000041
22.715679 0.000041
22.724431 0.000041
22.733183 0.000041
22.741935 0.000041
22.750688 0.000041
22.759440 0.000041
22.768192 0.000040
22.776944 0.000040
22.785696 0.000040
22.794449 0.000040
22.803201 0.000040
22.811953 0.000040
22.820705 0.000040
22.829457 0.000040
22.838210 0.000040
22.846962 0.000040
22.855714 0.000040
22.864466 0.000040
22.873218 0.000039
22.881970 0.000039
22.890723 0.000039
22.899475 0.000039
22.908227 0.000039
22.916979 0.000039
22.925731 0.000039
22.934484 0.000039
22.943236 0.000039
22.951988 0.000039
22.960740 0.000039
22.969492 0.000039
22.978245 0.000038
22.986997 0.000038
22.995749 0.000038
23.004501 0.000038
23.013253 0.000038
23.022006 0.000038
23.030758 0.000038
23.039510 0.000038
23.048262 0.000038
23.057014 0.000038
23.065766 0.000038
23.074519 0.000038
23.083271 0.000038
23.092023 0.000037
23.100775 0.000037
23.109527 0.000037
23.118280 0.000037
23.127032 0.000037
23.135784 0.000037
23.144536 0.000037
23.153288 0.000037
23.162041 0.000037
23.170793 0.000037
23.179545 0.000037
23.188297 0.000037
23.197049 0.000037
23.205801 0.000037
23.214554 0.000036
23.223306 0.000036
23.232058 0.000036
23.240810 0.000036
23.249562 0.000036
23.258315 0.000036
23.267067 0.000036
23.275819 0.000036
23.284571 0.000036
23.293323 0.000036
23.302076 0.000036
23.310828 0.000036
23.319580 0.000036
23.328332 0.000036
23.337084 0.000035
23.345836 0.000035
23.354589 0.000035
23.363341 0.000035
23.372093 0.000035
23.380845 0.000035
23.389597 0.000035
23.398350 0.000035
23.407102 0.000035
23.415854 0.000035
23.424606 0.000035
23.433358 0.000035
23.442111 0.000035
23.450863 0.000035
23.459615 0.000035
23.468367 0.000035
23.477119 0.000034
23.485871 0.000034
23.494624 0.000034
23.503376 0.000034
23.512128 0.000034
23.520880 0.000034
23.529632 0.000034
23.538385 0.000034
23.547137 0.000034
23.555889 0.000034
23.564641 0.000034
23.573393 0.000034
23.582146 0.000034
23.590898 0.000034
23.599650 0.000034
23.608402 0.000034
23.617154 0.000033
23.625906 0.000033
23.634659 0.000033
23.643411 0.000033
23.652163 0.000033
23.660915 0.000033
23.669667 0.000033
23.678420 0.000033
23.687172 0.000033
23.695924 0.000033
23.704676 0.000033
23.713428 0.000033
23.722181 0.000033
23.730933 0.000033
23.739685 0.000033
23.748437 0.000033
23.757189 0.000033
23.765941 0.000033
23.774694 0.000032
23.783446 0.000032
23.792198 0.000032
23.800950 0.000032
23.809702 0.000032
23.818455 0.000032
23.827207 0.000032
23.835959 0.000032
23.844711 0.000032
23.853463 0.000032
23.862216 0.000032
23.870968 0.000032
23.879720 0.000032
23.888472 0.000032
23.897224 0.000032
23.905976 0.000032
23.914729 0.000032
23.923481 0.000032
23.932233 0.000031
23.940985 0.000031
23.949737 0.000031
23.958490 0.000031
23.967242 0.000031
23.975994 0.000031
23.984746 0.000031
23.993498 0.000031
24.002251 0.000031
24.011003 0.000031
24.019755 0.000031
24.028507 0.000031
24.037259 0.000031
24.046012 0.000031
24.054764 0.000031
24.063516 0.000031
24.072268 0.000031
24.081020 0.000031
24.089772 0.000031
24.098525 0.000031
24.107277 0.000030
24.116029 0.000030
24.124781 0.000030
24.133533 0.000030
24.142286 0.000030
24.151038 0.000030
24.159790 0.000030
24.168542 0.000030
24.177294 0.000030
24.186047 0.000030
24.194799 0.000030
24.203551 0.000030
24.212303 0.000030
24.221055 0.000030
24.229807 0.000030
24.238560 0.000030
24.247312 0.000030
24.256064 0.000030
24.264816 0.000030
24.273568 0.000030
24.282321 0.000030
24.291073 0.000029
24.299825 0.000029
24.308577 0.000029
24.317329 0.000029
24.326082 0.000029
24.334834 0.000029
24.343586 0.000029
24.352338 0.000029
24.361090 0.000029
24.369842 0.000029
24.378595 0.000029
24.387347 0.000029
24.396099 0.000029
24.404851 0.000029
24.413603 0.000029
24.422356 0.000029
24.431108 0.000029
24.439860 0.000029
24.448612 0.000029
24.457364 0.000029
24.466117 0.000029
24.474869 0.000029
24.483621 0.000029
24.492373 0.000028
24.501125 0.000028
24.509877 0.000028
24.518630 0.000028
24.527382 0.000028
24.536134 0.000028
24.544886 0.000028
24.553638 0.000028
24.562391 0.000028
24.571143 0.000028
24.579895 0.000028
24.588647 0.000028
24.597399 0.000028
24.606152 0.000028
24.614904 0.000028
24.623656 0.000028
24.632408 0.000028
24.641160 0.000028
24.649912 0.000028
24.658665 0.000028
24.667417 0.000028
24.676169 0.000028
24.684921 0.000028
24.693673 0.000027
24.702426 0.000027
24.711178 0.000027
24.719930 0.000027
24.728682 0.000027
24.737434 0.000027
24.746187 0.000027
24.754939 0.000027
24.763691 0.000027
24.772443 0.000027
24.781195 0.000027
24.789947 0.000027
24.798700 0.000026
24.807452 0.000026
24.816204 0.000026
24.824956 0.000026
24.833708 0.000026
24.842461 0.000025
24.851213 0.000025
24.859965 0.000025
24.868717 0.000024
24.877469 0.000024
24.886222 0.000023
24.894974 0.000023
24.903726 0.000022
24.912478 0.000021
24.921230 0.000021
24.929982 0.000020
24.938735 0.000019
24.947487 0.000018
24.956239 0.000017
24.964991 0.000016
24.973743 0.000016
24.982496 0.000015
24.991248 0.000014

Sticks
-4.022256 0.003503
-3.995999 0.004831
-3.952238 0.025630
-3.864716 0.014262
-3.768442 0.031442
-2.525631 0.000037
-2.333083 0.000568
-2.131783 0.003684
-1.904226 0.002688
-1.790448 0.002204
-1.422856 0.000169
-1.247812 0.000032
-0.547637 0.000734
-0.136284 0.000189
-0.013753 0.000003
2.725681 0.000002
2.734434 0.000002
2.760690 0.000003
2.786947 -0.000010
2.804451 0.000025
2.848212 -0.000005
2.891973 0.000005
2.918230 0.000003
3.163291 0.000173
3.172043 0.000112
3.180795 0.000112
3.189547 0.000098
3.233308 -0.000072
3.242061 0.000116
3.399600 0.000282
13.438360 0.022733
13.534634 0.002771
14.514879 0.008004
15.390098 0.001417
15.468867 0.000299
16.064016 0.000069
16.247812 0.000025
16.702926 0.000084
20.011253 0.000004
20.072518 0.000001
20.431358 0.000149
20.457614 0.000025
20.553888 0.000121
