7110.000000 0.000160
7110.020000 0.000172
7110.040000 0.000185
7110.060000 0.000197
7110.080000 0.000208
7110.100000 0.000220
7110.120000 0.000230
7110.140000 0.000240
7110.160000 0.000250
7110.180000 0.000259
7110.200000 0.000267
7110.220000 0.000274
7110.240000 0.000281
7110.260000 0.000287
7110.280000 0.000292
7110.300000 0.000297
7110.320000 0.000301
7110.340000 0.000305
7110.360000 0.000308
7110.380000 0.000311
7110.400000 0.000314
7110.420000 0.000316
7110.440000 0.000318
7110.460000 0.000320
7110.480000 0.000322
7110.500000 0.000324
7110.520000 0.000325
7110.540000 0.000326
7110.560000 0.000328
7110.580000 0.000329
7110.600000 0.000330
7110.620000 0.000331
7110.640000 0.000332
7110.660000 0.000334
7110.680000 0.000335
7110.700000 0.000336
7110.720000 0.000337
7110.740000 0.000338
7110.760000 0.000339
7110.780000 0.000340
7110.800000 0.000342
7110.820000 0.000343
7110.840000 0.000344
7110.860000 0.000345
7110.880000 0.000346
7110.900000 0.000347
7110.920000 0.000348
7110.940000 0.000350
7110.960000 0.000351
7110.980000 0.000352
7111.000000 0.000353
7111.020000 0.000354
7111.040000 0.000356
7111.060000 0.000357
7111.080000 0.000358
7111.100000 0.000359
7111.120000 0.000360
7111.140000 0.000362
7111.160000 0.000363
7111.180000 0.000364
7111.200000 0.000365
7111.220000 0.000367
7111.240000 0.000368
7111.260000 0.000369
7111.280000 0.000370
7111.300000 0.000372
7111.320000 0.000373
7111.340000 0.000374
7111.360000 0.000376
7111.380000 0.000377
7111.400000 0.000378
7111.420000 0.000379
7111.440000 0.000381
7111.460000 0.000382
7111.480000 0.000383
7111.500000 0.000385
7111.520000 0.000386
7111.540000 0.000388
7111.560000 0.000389
7111.580000 0.000390
7111.600000 0.000392
7111.620000 0.000393
7111.640000 0.000395
7111.660000 0.000396
7111.680000 0.000397
7111.700000 0.000399
7111.720000 0.000400
7111.740000 0.000402
7111.760000 0.000403
7111.780000 0.000405
7111.800000 0.000406
7111.820000 0.000407
7111.840000 0.000409
7111.860000 0.000410
7111.880000 0.000412
7111.900000 0.000413
7111.920000 0.000415
7111.940000 0.000416
7111.960000 0.000418
7111.980000 0.000420
7112.000000 0.000421
7112.020000 0.000423
7112.040000 0.000424
7112.060000 0.000426
7112.080000 0.000427
7112.100000 0.000429
7112.120000 0.000431
7112.140000 0.000432
7112.160000 0.000434
7112.180000 0.000435
7112.200000 0.000437
7112.220000 0.000439
7112.240000 0.000440
7112.260000 0.000442
7112.280000 0.000444
7112.300000 0.000445
7112.320000 0.000447
7112.340000 0.000449
7112.360000 0.000451
7112.380000 0.000452
7112.400000 0.000454
7112.420000 0.000456
7112.440000 0.000457
7112.460000 0.000459
7112.480000 0.000461
7112.500000 0.000463
7112.520000 0.000465
7112.540000 0.000466
7112.560000 0.000468
7112.580000 0.000470
7112.600000 0.000472
7112.620000 0.000474
7112.640000 0.000476
7112.660000 0.000477
7112.680000 0.000479
7112.700000 0.000481
7112.720000 0.000483
7112.740000 0.000485
7112.760000 0.000487
7112.780000 0.000489
7112.800000 0.000491
7112.820000 0.000493
7112.840000 0.000495
7112.860000 0.000497
7112.880000 0.000499
7112.900000 0.000501
7112.920000 0.000503
7112.940000 0.000505
7112.960000 0.000507
7112.980000 0.000509
7113.000000 0.000511
7113.020000 0.000513
7113.040000 0.000515
7113.060000 0.000517
7113.080000 0.000519
7113.100000 0.000522
7113.120000 0.000524
7113.140000 0.000526
7113.160000 0.000528
7113.180000 0.000530
7113.200000 0.000532
7113.220000 0.000535
7113.240000 0.000537
7113.260000 0.000539
7113.280000 0.000541
7113.300000 0.000544
7113.320000 0.000546
7113.340000 0.000548
7113.360000 0.000551
7113.380000 0.000553
7113.400000 0.000555
7113.420000 0.000558
7113.440000 0.000560
7113.460000 0.000562
7113.480000 0.000565
7113.500000 0.000567
7113.520000 0.000570
7113.540000 0.000572
7113.560000 0.000575
7113.580000 0.000577
7113.600000 0.000580
7113.620000 0.000582
7113.640000 0.000585
7113.660000 0.000587
7113.680000 0.000590
7113.700000 0.000593
7113.720000 0.000595
7113.740000 0.000598
7113.760000 0.000600
7113.780000 0.000603
7113.800000 0.000606
7113.820000 0.000608
7113.840000 0.000611
7113.860000 0.000614
7113.880000 0.000617
7113.900000 0.000619
7113.920000 0.000622
7113.940000 0.000625
7113.960000 0.000628
7113.980000 0.000631
7114.000000 0.000634
7114.020000 0.000637
7114.040000 0.000639
7114.060000 0.000642
7114.080000 0.000645
7114.100000 0.000648
7114.120000 0.000651
7114.140000 0.000654
7114.160000 0.000657
7114.180000 0.000660
7114.200000 0.000663
7114.220000 0.000667
7114.240000 0.000670
7114.260000 0.000673
7114.280000 0.000676
7114.300000 0.000679
7114.320000 0.000682
7114.340000 0.000686
7114.360000 0.000689
7114.380000 0.000692
7114.400000 0.000695
7114.420000 0.000699
7114.440000 0.000702
7114.460000 0.000706
7114.480000 0.000709
7114.500000 0.000712
7114.520000 0.000716
7114.540000 0.000719
7114.560000 0.000723
7114.580000 0.000726
7114.600000 0.000730
7114.620000 0.000734
7114.640000 0.000737
7114.660000 0.000741
7114.680000 0.000744
7114.700000 0.000748
7114.720000 0.000752
7114.740000 0.000756
7114.760000 0.000759
7114.780000 0.000763
7114.800000 0.000767
7114.820000 0.000771
7114.840000 0.000775
7114.860000 0.000779
7114.880000 0.000783
7114.900000 0.000787
7114.920000 0.000791
7114.940000 0.000795
7114.960000 0.000799
7114.980000 0.000803
7115.000000 0.000807
7115.020000 0.000811
7115.040000 0.000815
7115.060000 0.000820
7115.080000 0.000824
7115.100000 0.000828
7115.120000 0.000833
7115.140000 0.000837
7115.160000 0.000841
7115.180000 0.000846
7115.200000 0.000850
7115.220000 0.000855
7115.240000 0.000859
7115.260000 0.000864
7115.280000 0.000869
7115.300000 0.000873
7115.320000 0.000878
7115.340000 0.000883
7115.360000 0.000888
7115.380000 0.000892
7115.400000 0.000897
7115.420000 0.000902
7115.440000 0.000907
7115.460000 0.000912
7115.480000 0.000917
7115.500000 0.000922
7115.520000 0.000927
7115.540000 0.000933
7115.560000 0.000938
7115.580000 0.000943
7115.600000 0.000948
7115.620000 0.000954
7115.640000 0.000959
7115.660000 0.000965
7115.680000 0.000970
7115.700000 0.000976
7115.720000 0.000981
7115.740000 0.000987
7115.760000 0.000992
7115.780000 0.000998
7115.800000 0.001004
7115.820000 0.001010
7115.840000 0.001016
7115.860000 0.001022
7115.880000 0.001028
7115.900000 0.001034
7115.920000 0.001040
7115.940000 0.001046
7115.960000 0.001052
7115.980000 0.001058
7116.000000 0.001065
7116.020000 0.001071
7116.040000 0.001077
7116.060000 0.001084
7116.080000 0.001091
7116.100000 0.001097
7116.120000 0.001104
7116.140000 0.001111
7116.160000 0.001117
7116.180000 0.001124
7116.200000 0.001131
7116.220000 0.001138
7116.240000 0.001145
7116.260000 0.001152
7116.280000 0.001160
7116.300000 0.001167
7116.320000 0.001174
7116.340000 0.001182
7116.360000 0.001189
7116.380000 0.001197
7116.400000 0.001204
7116.420000 0.001212
7116.440000 0.001220
7116.460000 0.001228
7116.480000 0.001235
7116.500000 0.001243
7116.520000 0.001252
7116.540000 0.001260
7116.560000 0.001268
7116.580000 0.001276
7116.600000 0.001285
7116.620000 0.001293
7116.640000 0.001302
7116.660000 0.001311
7116.680000 0.001319
7116.700000 0.001328
7116.720000 0.001337
7116.740000 0.001346
7116.760000 0.001355
7116.780000 0.001365
7116.800000 0.001374
7116.820000 0.001383
7116.840000 0.001393
7116.860000 0.001402
7116.880000 0.001412
7116.900000 0.001422
7116.920000 0.001432
7116.940000 0.001442
7116.960000 0.001452
7116.980000 0.001462
7117.000000 0.001473
7117.020000 0.001483
7117.040000 0.001494
7117.060000 0.001505
7117.080000 0.001515
7117.100000 0.001526
7117.120000 0.001538
7117.140000 0.001549
7117.160000 0.001560
7117.180000 0.001572
7117.200000 0.001583
7117.220000 0.001595
7117.240000 0.001607
7117.260000 0.001619
7117.280000 0.001631
7117.300000 0.001643
7117.320000 0.001656
7117.340000 0.001668
7117.360000 0.001681
7117.380000 0.001694
7117.400000 0.001707
7117.420000 0.001720
7117.440000 0.001733
7117.460000 0.001747
7117.480000 0.001760
7117.500000 0.001774
7117.520000 0.001788
7117.540000 0.001802
7117.560000 0.001817
7117.580000 0.001831
7117.600000 0.001846
7117.620000 0.001861
7117.640000 0.001876
7117.660000 0.001891
7117.680000 0.001906
7117.700000 0.001922
7117.720000 0.001938
7117.740000 0.001954
7117.760000 0.001970
7117.780000 0.001987
7117.800000 0.002003
7117.820000 0.002020
7117.840000 0.002037
7117.860000 0.002054
7117.880000 0.002072
7117.900000 0.002090
7117.920000 0.002108
7117.940000 0.002126
7117.960000 0.002145
7117.980000 0.002163
7118.000000 0.002182
7118.020000 0.002202
7118.040000 0.002221
7118.060000 0.002241
7118.080000 0.002261
7118.100000 0.002281
7118.120000 0.002302
7118.140000 0.002323
7118.160000 0.002344
7118.180000 0.002366
7118.200000 0.002388
7118.220000 0.002410
7118.240000 0.002432
7118.260000 0.002455
7118.280000 0.002478
7118.300000 0.002502
7118.320000 0.002526
7118.340000 0.002550
7118.360000 0.002574
7118.380000 0.002599
7118.400000 0.002625
7118.420000 0.002650
7118.440000 0.002676
7118.460000 0.002703
7118.480000 0.002730
7118.500000 0.002757
7118.520000 0.002785
7118.540000 0.002813
7118.560000 0.002842
7118.580000 0.002871
7118.600000 0.002900
7118.620000 0.002930
7118.640000 0.002961
7118.660000 0.002992
7118.680000 0.003023
7118.700000 0.003055
7118.720000 0.003088
7118.740000 0.003121
7118.760000 0.003155
7118.780000 0.003189
7118.800000 0.003224
7118.820000 0.003259
7118.840000 0.003295
7118.860000 0.003332
7118.880000 0.003369
7118.900000 0.003407
7118.920000 0.003446
7118.940000 0.003486
7118.960000 0.003526
7118.980000 0.003566
7119.000000 0.003608
7119.020000 0.003650
7119.040000 0.003693
7119.060000 0.003737
7119.080000 0.003782
7119.100000 0.003828
7119.120000 0.003874
7119.140000 0.003922
7119.160000 0.003970
7119.180000 0.004019
7119.200000 0.004069
7119.220000 0.004121
7119.240000 0.004173
7119.260000 0.004226
7119.280000 0.004281
7119.300000 0.004336
7119.320000 0.004393
7119.340000 0.004451
7119.360000 0.004510
7119.380000 0.004570
7119.400000 0.004632
7119.420000 0.004695
7119.440000 0.004759
7119.460000 0.004825
7119.480000 0.004892
7119.500000 0.004960
7119.520000 0.005031
7119.540000 0.005102
7119.560000 0.005176
7119.580000 0.005251
7119.600000 0.005328
7119.620000 0.005407
7119.640000 0.005487
7119.660000 0.005570
7119.680000 0.005655
7119.700000 0.005741
7119.720000 0.005830
7119.740000 0.005921
7119.760000 0.006015
7119.780000 0.006110
7119.800000 0.006208
7119.820000 0.006309
7119.840000 0.006413
7119.860000 0.006519
7119.880000 0.006628
7119.900000 0.006740
7119.920000 0.006855
7119.940000 0.006974
7119.960000 0.007095
7119.980000 0.007220
7120.000000 0.007349
7120.020000 0.007482
7120.040000 0.007618
7120.060000 0.007759
7120.080000 0.007904
7120.100000 0.008053
7120.120000 0.008207
7120.140000 0.008366
7120.160000 0.008530
7120.180000 0.008699
7120.200000 0.008874
7120.220000 0.009055
7120.240000 0.009241
7120.260000 0.009435
7120.280000 0.009634
7120.300000 0.009841
7120.320000 0.010056
7120.340000 0.010278
7120.360000 0.010509
7120.380000 0.010748
7120.400000 0.010996
7120.420000 0.011254
7120.440000 0.011522
7120.460000 0.011801
7120.480000 0.012092
7120.500000 0.012394
7120.520000 0.012710
7120.540000 0.013039
7120.560000 0.013383
7120.580000 0.013742
7120.600000 0.014117
7120.620000 0.014510
7120.640000 0.014922
7120.660000 0.015354
7120.680000 0.015808
7120.700000 0.016285
7120.720000 0.016786
7120.740000 0.017315
7120.760000 0.017872
7120.780000 0.018461
7120.800000 0.019084
7120.820000 0.019743
7120.840000 0.020442
7120.860000 0.021184
7120.880000 0.021974
7120.900000 0.022815
7120.920000 0.023713
7120.940000 0.024673
7120.960000 0.025700
7120.980000 0.026803
7121.000000 0.027987
7121.020000 0.029263
7121.040000 0.030638
7121.060000 0.032124
7121.080000 0.033731
7121.100000 0.035472
7121.120000 0.037362
7121.140000 0.039415
7121.160000 0.041646
7121.180000 0.044075
7121.200000 0.046718
7121.220000 0.049596
7121.240000 0.052728
7121.260000 0.056136
7121.280000 0.059839
7121.300000 0.063857
7121.320000 0.068210
7121.340000 0.072914
7121.360000 0.077983
7121.380000 0.083430
7121.400000 0.089260
7121.420000 0.095474
7121.440000 0.102067
7121.460000 0.109027
7121.480000 0.116331
7121.500000 0.123951
7121.520000 0.131847
7121.540000 0.139969
7121.560000 0.148258
7121.580000 0.156644
7121.600000 0.165051
7121.620000 0.173393
7121.640000 0.181577
7121.660000 0.189509
7121.680000 0.197088
7121.700000 0.204217
7121.720000 0.210800
7121.740000 0.216748
7121.760000 0.221977
7121.780000 0.226416
7121.800000 0.230008
7121.820000 0.232709
7121.840000 0.234493
7121.860000 0.235351
7121.880000 0.235292
7121.900000 0.234345
7121.920000 0.232554
7121.940000 0.229983
7121.960000 0.226707
7121.980000 0.222817
7122.000000 0.218412
7122.020000 0.213603
7122.040000 0.208503
7122.060000 0.203229
7122.080000 0.197900
7122.100000 0.192631
7122.120000 0.187536
7122.140000 0.182722
7122.160000 0.178289
7122.180000 0.174332
7122.200000 0.170934
7122.220000 0.168171
7122.240000 0.166111
7122.260000 0.164811
7122.280000 0.164319
7122.300000 0.164673
7122.320000 0.165904
7122.340000 0.168031
7122.360000 0.171065
7122.380000 0.175005
7122.400000 0.179842
7122.420000 0.185554
7122.440000 0.192108
7122.460000 0.199458
7122.480000 0.207547
7122.500000 0.216301
7122.520000 0.225635
7122.540000 0.235451
7122.560000 0.245636
7122.580000 0.256066
7122.600000 0.266607
7122.620000 0.277114
7122.640000 0.287439
7122.660000 0.297427
7122.680000 0.306925
7122.700000 0.315784
7122.720000 0.323860
7122.740000 0.331023
7122.760000 0.337154
7122.780000 0.342155
7122.800000 0.345949
7122.820000 0.348481
7122.840000 0.349724
7122.860000 0.349675
7122.880000 0.348359
7122.900000 0.345827
7122.920000 0.342153
7122.940000 0.337435
7122.960000 0.331790
7122.980000 0.325349
7123.000000 0.318256
7123.020000 0.310662
7123.040000 0.302723
7123.060000 0.294590
7123.080000 0.286412
7123.100000 0.278327
7123.120000 0.270463
7123.140000 0.262929
7123.160000 0.255819
7123.180000 0.249207
7123.200000 0.243147
7123.220000 0.237671
7123.240000 0.232792
7123.260000 0.228504
7123.280000 0.224780
7123.300000 0.221579
7123.320000 0.218845
7123.340000 0.216508
7123.360000 0.214492
7123.380000 0.212713
7123.400000 0.211082
7123.420000 0.209511
7123.440000 0.207915
7123.460000 0.206212
7123.480000 0.204327
7123.500000 0.202193
7123.520000 0.199758
7123.540000 0.196976
7123.560000 0.193817
7123.580000 0.190263
7123.600000 0.186310
7123.620000 0.181964
7123.640000 0.177244
7123.660000 0.172180
7123.680000 0.166808
7123.700000 0.161174
7123.720000 0.155328
7123.740000 0.149324
7123.760000 0.143217
7123.780000 0.137065
7123.800000 0.130920
7123.820000 0.124836
7123.840000 0.118860
7123.860000 0.113036
7123.880000 0.107402
7123.900000 0.101990
7123.920000 0.096829
7123.940000 0.091938
7123.960000 0.087335
7123.980000 0.083028
7124.000000 0.079025
7124.020000 0.075328
7124.040000 0.071936
7124.060000 0.068844
7124.080000 0.066046
7124.100000 0.063536
7124.120000 0.061305
7124.140000 0.059343
7124.160000 0.057643
7124.180000 0.056196
7124.200000 0.054994
7124.220000 0.054033
7124.240000 0.053306
7124.260000 0.052811
7124.280000 0.052545
7124.300000 0.052509
7124.320000 0.052706
7124.340000 0.053137
7124.360000 0.053808
7124.380000 0.054727
7124.400000 0.055901
7124.420000 0.057339
7124.440000 0.059050
7124.460000 0.061045
7124.480000 0.063334
7124.500000 0.065926
7124.520000 0.068829
7124.540000 0.072049
7124.560000 0.075589
7124.580000 0.079449
7124.600000 0.083624
7124.620000 0.088106
7124.640000 0.092878
7124.660000 0.097919
7124.680000 0.103200
7124.700000 0.108687
7124.720000 0.114334
7124.740000 0.120093
7124.760000 0.125906
7124.780000 0.131709
7124.800000 0.137433
7124.820000 0.143004
7124.840000 0.148348
7124.860000 0.153386
7124.880000 0.158044
7124.900000 0.162247
7124.920000 0.165926
7124.940000 0.169020
7124.960000 0.171474
7124.980000 0.173246
7125.000000 0.174301
7125.020000 0.174621
7125.040000 0.174196
7125.060000 0.173033
7125.080000 0.171150
7125.100000 0.168577
7125.120000 0.165355
7125.140000 0.161536
7125.160000 0.157178
7125.180000 0.152348
7125.200000 0.147115
7125.220000 0.141552
7125.240000 0.135734
7125.260000 0.129733
7125.280000 0.123619
7125.300000 0.117459
7125.320000 0.111313
7125.340000 0.105238
7125.360000 0.099283
7125.380000 0.093488
7125.400000 0.087890
7125.420000 0.082516
7125.440000 0.077388
7125.460000 0.072521
7125.480000 0.067923
7125.500000 0.063601
7125.520000 0.059553
7125.540000 0.055776
7125.560000 0.052262
7125.580000 0.049003
7125.600000 0.045986
7125.620000 0.043199
7125.640000 0.040628
7125.660000 0.038259
7125.680000 0.036078
7125.700000 0.034069
7125.720000 0.032220
7125.740000 0.030517
7125.760000 0.028948
7125.780000 0.027500
7125.800000 0.026162
7125.820000 0.024925
7125.840000 0.023778
7125.860000 0.022714
7125.880000 0.021725
7125.900000 0.020804
7125.920000 0.019944
7125.940000 0.019141
7125.960000 0.018389
7125.980000 0.017684
7126.000000 0.017021
7126.020000 0.016398
7126.040000 0.015812
7126.060000 0.015259
7126.080000 0.014737
7126.100000 0.014243
7126.120000 0.013777
7126.140000 0.013335
7126.160000 0.012916
7126.180000 0.012519
7126.200000 0.012142
7126.220000 0.011784
7126.240000 0.011443
7126.260000 0.011118
7126.280000 0.010809
7126.300000 0.010514
7126.320000 0.010233
7126.340000 0.009964
7126.360000 0.009707
7126.380000 0.009462
7126.400000 0.009226
7126.420000 0.009001
7126.440000 0.008784
7126.460000 0.008577
7126.480000 0.008377
7126.500000 0.008186
7126.520000 0.008002
7126.540000 0.007825
7126.560000 0.007654
7126.580000 0.007490
7126.600000 0.007332
7126.620000 0.007180
7126.640000 0.007033
7126.660000 0.006892
7126.680000 0.006755
7126.700000 0.006623
7126.720000 0.006495
7126.740000 0.006372
7126.760000 0.006253
7126.780000 0.006138
7126.800000 0.006027
7126.820000 0.005919
7126.840000 0.005814
7126.860000 0.005713
7126.880000 0.005615
7126.900000 0.005520
7126.920000 0.005428
7126.940000 0.005338
7126.960000 0.005251
7126.980000 0.005167
7127.000000 0.005085
7127.020000 0.005005
7127.040000 0.004927
7127.060000 0.004852
7127.080000 0.004778
7127.100000 0.004707
7127.120000 0.004637
7127.140000 0.004569
7127.160000 0.004503
7127.180000 0.004438
7127.200000 0.004375
7127.220000 0.004314
7127.240000 0.004254
7127.260000 0.004195
7127.280000 0.004138
7127.300000 0.004082
7127.320000 0.004027
7127.340000 0.003974
7127.360000 0.003921
7127.380000 0.003870
7127.400000 0.003820
7127.420000 0.003771
7127.440000 0.003723
7127.460000 0.003675
7127.480000 0.003629
7127.500000 0.003584
7127.520000 0.003540
7127.540000 0.003496
7127.560000 0.003454
7127.580000 0.003412
7127.600000 0.003371
7127.620000 0.003331
7127.640000 0.003291
7127.660000 0.003252
7127.680000 0.003214
7127.700000 0.003177
7127.720000 0.003140
7127.740000 0.003104
7127.760000 0.003069
7127.780000 0.003034
7127.800000 0.003000
7127.820000 0.002967
7127.840000 0.002934
7127.860000 0.002902
7127.880000 0.002870
7127.900000 0.002839
7127.920000 0.002808
7127.940000 0.002778
7127.960000 0.002748
7127.980000 0.002719
7128.000000 0.002690
7128.020000 0.002662
7128.040000 0.002635
7128.060000 0.002607
7128.080000 0.002581
7128.100000 0.002554
7128.120000 0.002529
7128.140000 0.002503
7128.160000 0.002478
7128.180000 0.002454
7128.200000 0.002429
7128.220000 0.002406
7128.240000 0.002382
7128.260000 0.002359
7128.280000 0.002337
7128.300000 0.002314
7128.320000 0.002292
7128.340000 0.002271
7128.360000 0.002249
7128.380000 0.002229
7128.400000 0.002208
7128.420000 0.002188
7128.440000 0.002168
7128.460000 0.002148
7128.480000 0.002128
7128.500000 0.002109
7128.520000 0.002090
7128.540000 0.002072
7128.560000 0.002054
7128.580000 0.002035
7128.600000 0.002018
7128.620000 0.002000
7128.640000 0.001983
7128.660000 0.001966
7128.680000 0.001949
7128.700000 0.001932
7128.720000 0.001916
7128.740000 0.001900
7128.760000 0.001884
7128.780000 0.001868
7128.800000 0.001853
7128.820000 0.001837
7128.840000 0.001822
7128.860000 0.001807
7128.880000 0.001792
7128.900000 0.001778
7128.920000 0.001764
7128.940000 0.001749
7128.960000 0.001735
7128.980000 0.001722
7129.000000 0.001708
7129.020000 0.001694
7129.040000 0.001681
7129.060000 0.001668
7129.080000 0.001655
7129.100000 0.001642
7129.120000 0.001630
7129.140000 0.001617
7129.160000 0.001605
7129.180000 0.001593
7129.200000 0.001580
7129.220000 0.001569
7129.240000 0.001557
7129.260000 0.001545
7129.280000 0.001534
7129.300000 0.001522
7129.320000 0.001511
7129.340000 0.001499
7129.360000 0.001488
7129.380000 0.001477
7129.400000 0.001466
7129.420000 0.001454
7129.440000 0.001443
7129.460000 0.001431
7129.480000 0.001420
7129.500000 0.001407
7129.520000 0.001395
7129.540000 0.001382
7129.560000 0.001368
7129.580000 0.001353
7129.600000 0.001337
7129.620000 0.001320
7129.640000 0.001301
7129.660000 0.001281
7129.680000 0.001259
7129.700000 0.001235
7129.720000 0.001209
7129.740000 0.001180
7129.760000 0.001149
7129.780000 0.001115
7129.800000 0.001079
7129.820000 0.001040
7129.840000 0.000998
7129.860000 0.000955
7129.880000 0.000909
7129.900000 0.000861
7129.920000 0.000811
7129.940000 0.000760
7129.960000 0.000708
7129.980000 0.000656

#Sticks
7121.840000 0.199533
7121.880000 0.001084
7122.820000 0.199211
7122.840000 0.000032
7122.860000 0.000079
7122.880000 0.090333
7122.900000 0.011059
7123.500000 0.079379
7123.580000 0.056070
7123.620000 0.001077
7124.040000 0.000320
7124.180000 0.000001
7124.760000 0.000205
7124.780000 0.000106
7125.000000 0.049932
7125.020000 0.098531
7125.040000 0.000010
7125.120000 0.001053
7125.140000 0.000559
7125.240000 0.010389
7125.480000 0.000006
7125.500000 0.000001
7125.780000 0.000901
7126.180000 0.000001
7126.220000 0.000070
7126.300000 0.000041
7127.320000 0.000005
7127.380000 0.000006
7127.720000 0.000007
