7110.000000 0.000160
7110.020000 0.000172
7110.040000 0.000185
7110.060000 0.000197
7110.080000 0.000208
7110.100000 0.000220
7110.120000 0.000230
7110.140000 0.000240
7110.160000 0.000250
7110.180000 0.000259
7110.200000 0.000267
7110.220000 0.000274
7110.240000 0.000281
7110.260000 0.000287
7110.280000 0.000292
7110.300000 0.000297
7110.320000 0.000301
7110.340000 0.000305
7110.360000 0.000308
7110.380000 0.000311
7110.400000 0.000314
7110.420000 0.000316
7110.440000 0.000318
7110.460000 0.000320
7110.480000 0.000322
7110.500000 0.000324
7110.520000 0.000325
7110.540000 0.000326
7110.560000 0.000328
7110.580000 0.000329
7110.600000 0.000330
7110.620000 0.000331
7110.640000 0.000332
7110.660000 0.000334
7110.680000 0.000335
7110.700000 0.000336
7110.720000 0.000337
7110.740000 0.000338
7110.760000 0.000339
7110.780000 0.000340
7110.800000 0.000341
7110.820000 0.000343
7110.840000 0.000344
7110.860000 0.000345
7110.880000 0.000346
7110.900000 0.000347
7110.920000 0.000348
7110.940000 0.000350
7110.960000 0.000351
7110.980000 0.000352
7111.000000 0.000353
7111.020000 0.000354
7111.040000 0.000355
7111.060000 0.000357
7111.080000 0.000358
7111.100000 0.000359
7111.120000 0.000360
7111.140000 0.000362
7111.160000 0.000363
7111.180000 0.000364
7111.200000 0.000365
7111.220000 0.000367
7111.240000 0.000368
7111.260000 0.000369
7111.280000 0.000370
7111.300000 0.000372
7111.320000 0.000373
7111.340000 0.000374
7111.360000 0.000376
7111.380000 0.000377
7111.400000 0.000378
7111.420000 0.000379
7111.440000 0.000381
7111.460000 0.000382
7111.480000 0.000383
7111.500000 0.000385
7111.520000 0.000386
7111.540000 0.000388
7111.560000 0.000389
7111.580000 0.000390
7111.600000 0.000392
7111.620000 0.000393
7111.640000 0.000394
7111.660000 0.000396
7111.680000 0.000397
7111.700000 0.000399
7111.720000 0.000400
7111.740000 0.000402
7111.760000 0.000403
7111.780000 0.000404
7111.800000 0.000406
7111.820000 0.000407
7111.840000 0.000409
7111.860000 0.000410
7111.880000 0.000412
7111.900000 0.000413
7111.920000 0.000415
7111.940000 0.000416
7111.960000 0.000418
7111.980000 0.000420
7112.000000 0.000421
7112.020000 0.000423
7112.040000 0.000424
7112.060000 0.000426
7112.080000 0.000427
7112.100000 0.000429
7112.120000 0.000431
7112.140000 0.000432
7112.160000 0.000434
7112.180000 0.000435
7112.200000 0.000437
7112.220000 0.000439
7112.240000 0.000440
7112.260000 0.000442
7112.280000 0.000444
7112.300000 0.000445
7112.320000 0.000447
7112.340000 0.000449
7112.360000 0.000450
7112.380000 0.000452
7112.400000 0.000454
7112.420000 0.000456
7112.440000 0.000457
7112.460000 0.000459
7112.480000 0.000461
7112.500000 0.000463
7112.520000 0.000465
7112.540000 0.000466
7112.560000 0.000468
7112.580000 0.000470
7112.600000 0.000472
7112.620000 0.000474
7112.640000 0.000476
7112.660000 0.000477
7112.680000 0.000479
7112.700000 0.000481
7112.720000 0.000483
7112.740000 0.000485
7112.760000 0.000487
7112.780000 0.000489
7112.800000 0.000491
7112.820000 0.000493
7112.840000 0.000495
7112.860000 0.000497
7112.880000 0.000499
7112.900000 0.000501
7112.920000 0.000503
7112.940000 0.000505
7112.960000 0.000507
7112.980000 0.000509
7113.000000 0.000511
7113.020000 0.000513
7113.040000 0.000515
7113.060000 0.000517
7113.080000 0.000519
7113.100000 0.000522
7113.120000 0.000524
7113.140000 0.000526
7113.160000 0.000528
7113.180000 0.000530
7113.200000 0.000532
7113.220000 0.000535
7113.240000 0.000537
7113.260000 0.000539
7113.280000 0.000541
7113.300000 0.000544
7113.320000 0.000546
7113.340000 0.000548
7113.360000 0.000551
7113.380000 0.000553
7113.400000 0.000555
7113.420000 0.000558
7113.440000 0.000560
7113.460000 0.000562
7113.480000 0.000565
7113.500000 0.000567
7113.520000 0.000570
7113.540000 0.000572
7113.560000 0.000575
7113.580000 0.000577
7113.600000 0.000580
7113.620000 0.000582
7113.640000 0.000585
7113.660000 0.000587
7113.680000 0.000590
7113.700000 0.000592
7113.720000 0.000595
7113.740000 0.000598
7113.760000 0.000600
7113.780000 0.000603
7113.800000 0.000606
7113.820000 0.000608
7113.840000 0.000611
7113.860000 0.000614
7113.880000 0.000617
7113.900000 0.000619
7113.920000 0.000622
7113.940000 0.000625
7113.960000 0.000628
7113.980000 0.000631
7114.000000 0.000634
7114.020000 0.000636
7114.040000 0.000639
7114.060000 0.000642
7114.080000 0.000645
7114.100000 0.000648
7114.120000 0.000651
7114.140000 0.000654
7114.160000 0.000657
7114.180000 0.000660
7114.200000 0.000663
7114.220000 0.000666
7114.240000 0.000670
7114.260000 0.000673
7114.280000 0.000676
7114.300000 0.000679
7114.320000 0.000682
7114.340000 0.000686
7114.360000 0.000689
7114.380000 0.000692
7114.400000 0.000695
7114.420000 0.000699
7114.440000 0.000702
7114.460000 0.000705
7114.480000 0.000709
7114.500000 0.000712
7114.520000 0.000716
7114.540000 0.000719
7114.560000 0.000723
7114.580000 0.000726
7114.600000 0.000730
7114.620000 0.000733
7114.640000 0.000737
7114.660000 0.000741
7114.680000 0.000744
7114.700000 0.000748
7114.720000 0.000752
7114.740000 0.000755
7114.760000 0.000759
7114.780000 0.000763
7114.800000 0.000767
7114.820000 0.000771
7114.840000 0.000775
7114.860000 0.000779
7114.880000 0.000783
7114.900000 0.000787
7114.920000 0.000791
7114.940000 0.000795
7114.960000 0.000799
7114.980000 0.000803
7115.000000 0.000807
7115.020000 0.000811
7115.040000 0.000815
7115.060000 0.000820
7115.080000 0.000824
7115.100000 0.000828
7115.120000 0.000833
7115.140000 0.000837
7115.160000 0.000841
7115.180000 0.000846
7115.200000 0.000850
7115.220000 0.000855
7115.240000 0.000859
7115.260000 0.000864
7115.280000 0.000869
7115.300000 0.000873
7115.320000 0.000878
7115.340000 0.000883
7115.360000 0.000887
7115.380000 0.000892
7115.400000 0.000897
7115.420000 0.000902
7115.440000 0.000907
7115.460000 0.000912
7115.480000 0.000917
7115.500000 0.000922
7115.520000 0.000927
7115.540000 0.000932
7115.560000 0.000938
7115.580000 0.000943
7115.600000 0.000948
7115.620000 0.000954
7115.640000 0.000959
7115.660000 0.000964
7115.680000 0.000970
7115.700000 0.000975
7115.720000 0.000981
7115.740000 0.000987
7115.760000 0.000992
7115.780000 0.000998
7115.800000 0.001004
7115.820000 0.001010
7115.840000 0.001015
7115.860000 0.001021
7115.880000 0.001027
7115.900000 0.001033
7115.920000 0.001040
7115.940000 0.001046
7115.960000 0.001052
7115.980000 0.001058
7116.000000 0.001064
7116.020000 0.001071
7116.040000 0.001077
7116.060000 0.001084
7116.080000 0.001090
7116.100000 0.001097
7116.120000 0.001104
7116.140000 0.001110
7116.160000 0.001117
7116.180000 0.001124
7116.200000 0.001131
7116.220000 0.001138
7116.240000 0.001145
7116.260000 0.001152
7116.280000 0.001159
7116.300000 0.001167
7116.320000 0.001174
7116.340000 0.001181
7116.360000 0.001189
7116.380000 0.001196
7116.400000 0.001204
7116.420000 0.001212
7116.440000 0.001219
7116.460000 0.001227
7116.480000 0.001235
7116.500000 0.001243
7116.520000 0.001251
7116.540000 0.001260
7116.560000 0.001268
7116.580000 0.001276
7116.600000 0.001285
7116.620000 0.001293
7116.640000 0.001302
7116.660000 0.001310
7116.680000 0.001319
7116.700000 0.001328
7116.720000 0.001337
7116.740000 0.001346
7116.760000 0.001355
7116.780000 0.001364
7116.800000 0.001374
7116.820000 0.001383
7116.840000 0.001393
7116.860000 0.001402
7116.880000 0.001412
7116.900000 0.001422
7116.920000 0.001432
7116.940000 0.001442
7116.960000 0.001452
7116.980000 0.001462
7117.000000 0.001473
7117.020000 0.001483
7117.040000 0.001494
7117.060000 0.001504
7117.080000 0.001515
7117.100000 0.001526
7117.120000 0.001537
7117.140000 0.001548
7117.160000 0.001560
7117.180000 0.001571
7117.200000 0.001583
7117.220000 0.001595
7117.240000 0.001606
7117.260000 0.001618
7117.280000 0.001631
7117.300000 0.001643
7117.320000 0.001655
7117.340000 0.001668
7117.360000 0.001680
7117.380000 0.001693
7117.400000 0.001706
7117.420000 0.001719
7117.440000 0.001733
7117.460000 0.001746
7117.480000 0.001760
7117.500000 0.001774
7117.520000 0.001788
7117.540000 0.001802
7117.560000 0.001816
7117.580000 0.001831
7117.600000 0.001845
7117.620000 0.001860
7117.640000 0.001875
7117.660000 0.001891
7117.680000 0.001906
7117.700000 0.001922
7117.720000 0.001937
7117.740000 0.001953
7117.760000 0.001970
7117.780000 0.001986
7117.800000 0.002003
7117.820000 0.002020
7117.840000 0.002037
7117.860000 0.002054
7117.880000 0.002071
7117.900000 0.002089
7117.920000 0.002107
7117.940000 0.002126
7117.960000 0.002144
7117.980000 0.002163
7118.000000 0.002182
7118.020000 0.002201
7118.040000 0.002221
7118.060000 0.002240
7118.080000 0.002260
7118.100000 0.002281
7118.120000 0.002301
7118.140000 0.002322
7118.160000 0.002344
7118.180000 0.002365
7118.200000 0.002387
7118.220000 0.002409
7118.240000 0.002432
7118.260000 0.002454
7118.280000 0.002478
7118.300000 0.002501
7118.320000 0.002525
7118.340000 0.002549
7118.360000 0.002574
7118.380000 0.002598
7118.400000 0.002624
7118.420000 0.002649
7118.440000 0.002675
7118.460000 0.002702
7118.480000 0.002729
7118.500000 0.002756
7118.520000 0.002784
7118.540000 0.002812
7118.560000 0.002841
7118.580000 0.002870
7118.600000 0.002899
7118.620000 0.002929
7118.640000 0.002960
7118.660000 0.002991
7118.680000 0.003022
7118.700000 0.003054
7118.720000 0.003087
7118.740000 0.003120
7118.760000 0.003154
7118.780000 0.003188
7118.800000 0.003223
7118.820000 0.003258
7118.840000 0.003294
7118.860000 0.003331
7118.880000 0.003368
7118.900000 0.003406
7118.920000 0.003445
7118.940000 0.003484
7118.960000 0.003524
7118.980000 0.003565
7119.000000 0.003607
7119.020000 0.003649
7119.040000 0.003692
7119.060000 0.003736
7119.080000 0.003781
7119.100000 0.003826
7119.120000 0.003873
7119.140000 0.003920
7119.160000 0.003968
7119.180000 0.004018
7119.200000 0.004068
7119.220000 0.004119
7119.240000 0.004171
7119.260000 0.004225
7119.280000 0.004279
7119.300000 0.004334
7119.320000 0.004391
7119.340000 0.004449
7119.360000 0.004508
7119.380000 0.004568
7119.400000 0.004630
7119.420000 0.004693
7119.440000 0.004757
7119.460000 0.004822
7119.480000 0.004890
7119.500000 0.004958
7119.520000 0.005028
7119.540000 0.005100
7119.560000 0.005174
7119.580000 0.005249
7119.600000 0.005326
7119.620000 0.005404
7119.640000 0.005485
7119.660000 0.005567
7119.680000 0.005652
7119.700000 0.005738
7119.720000 0.005827
7119.740000 0.005918
7119.760000 0.006011
7119.780000 0.006107
7119.800000 0.006205
7119.820000 0.006306
7119.840000 0.006409
7119.860000 0.006515
7119.880000 0.006624
7119.900000 0.006736
7119.920000 0.006851
7119.940000 0.006970
7119.960000 0.007091
7119.980000 0.007216
7120.000000 0.007345
7120.020000 0.007477
7120.040000 0.007614
7120.060000 0.007754
7120.080000 0.007899
7120.100000 0.008048
7120.120000 0.008202
7120.140000 0.008361
7120.160000 0.008524
7120.180000 0.008693
7120.200000 0.008868
7120.220000 0.009048
7120.240000 0.009235
7120.260000 0.009428
7120.280000 0.009628
7120.300000 0.009834
7120.320000 0.010049
7120.340000 0.010271
7120.360000 0.010501
7120.380000 0.010740
7120.400000 0.010988
7120.420000 0.011245
7120.440000 0.011513
7120.460000 0.011792
7120.480000 0.012082
7120.500000 0.012384
7120.520000 0.012699
7120.540000 0.013028
7120.560000 0.013371
7120.580000 0.013729
7120.600000 0.014104
7120.620000 0.014497
7120.640000 0.014908
7120.660000 0.015339
7120.680000 0.015792
7120.700000 0.016268
7120.720000 0.016769
7120.740000 0.017297
7120.760000 0.017853
7120.780000 0.018441
7120.800000 0.019062
7120.820000 0.019720
7120.840000 0.020417
7120.860000 0.021158
7120.880000 0.021946
7120.900000 0.022785
7120.920000 0.023681
7120.940000 0.024639
7120.960000 0.025664
7120.980000 0.026764
7121.000000 0.027945
7121.020000 0.029217
7121.040000 0.030589
7121.060000 0.032070
7121.080000 0.033673
7121.100000 0.035410
7121.120000 0.037294
7121.140000 0.039341
7121.160000 0.041566
7121.180000 0.043987
7121.200000 0.046623
7121.220000 0.049492
7121.240000 0.052615
7121.260000 0.056013
7121.280000 0.059705
7121.300000 0.063712
7121.320000 0.068052
7121.340000 0.072744
7121.360000 0.077801
7121.380000 0.083234
7121.400000 0.089050
7121.420000 0.095251
7121.440000 0.101832
7121.460000 0.108779
7121.480000 0.116072
7121.500000 0.123681
7121.520000 0.131568
7121.540000 0.139683
7121.560000 0.147967
7121.580000 0.156352
7121.600000 0.164759
7121.620000 0.173105
7121.640000 0.181297
7121.660000 0.189238
7121.680000 0.196832
7121.700000 0.203979
7121.720000 0.210583
7121.740000 0.216554
7121.760000 0.221809
7121.780000 0.226277
7121.800000 0.229900
7121.820000 0.232633
7121.840000 0.234449
7121.860000 0.235339
7121.880000 0.235312
7121.900000 0.234395
7121.920000 0.232634
7121.940000 0.230088
7121.960000 0.226835
7121.980000 0.222965
7122.000000 0.218577
7122.020000 0.213780
7122.040000 0.208688
7122.060000 0.203419
7122.080000 0.198089
7122.100000 0.192817
7122.120000 0.187714
7122.140000 0.182888
7122.160000 0.178440
7122.180000 0.174465
7122.200000 0.171046
7122.220000 0.168260
7122.240000 0.166175
7122.260000 0.164847
7122.280000 0.164326
7122.300000 0.164650
7122.320000 0.165850
7122.340000 0.167946
7122.360000 0.170948
7122.380000 0.174857
7122.400000 0.179663
7122.420000 0.185345
7122.440000 0.191870
7122.460000 0.199194
7122.480000 0.207258
7122.500000 0.215990
7122.520000 0.225306
7122.540000 0.235107
7122.560000 0.245281
7122.580000 0.255706
7122.600000 0.266245
7122.620000 0.276756
7122.640000 0.287090
7122.660000 0.297093
7122.680000 0.306611
7122.700000 0.315495
7122.720000 0.323601
7122.740000 0.330798
7122.760000 0.336967
7122.780000 0.342010
7122.800000 0.345847
7122.820000 0.348425
7122.840000 0.349714
7122.860000 0.349711
7122.880000 0.348439
7122.900000 0.345949
7122.920000 0.342315
7122.940000 0.337633
7122.960000 0.332019
7122.980000 0.325605
7123.000000 0.318534
7123.020000 0.310958
7123.040000 0.303030
7123.060000 0.294903
7123.080000 0.286727
7123.100000 0.278640
7123.120000 0.270769
7123.140000 0.263225
7123.160000 0.256102
7123.180000 0.249475
7123.200000 0.243398
7123.220000 0.237906
7123.240000 0.233010
7123.260000 0.228705
7123.280000 0.224967
7123.300000 0.221753
7123.320000 0.219007
7123.340000 0.216662
7123.360000 0.214640
7123.380000 0.212857
7123.400000 0.211226
7123.420000 0.209659
7123.440000 0.208068
7123.460000 0.206373
7123.480000 0.204497
7123.500000 0.202376
7123.520000 0.199953
7123.540000 0.197185
7123.560000 0.194041
7123.580000 0.190502
7123.600000 0.186562
7123.620000 0.182229
7123.640000 0.177520
7123.660000 0.172466
7123.680000 0.167102
7123.700000 0.161474
7123.720000 0.155631
7123.740000 0.149629
7123.760000 0.143522
7123.780000 0.137366
7123.800000 0.131217
7123.820000 0.125125
7123.840000 0.119141
7123.860000 0.113306
7123.880000 0.107661
7123.900000 0.102237
7123.920000 0.097063
7123.940000 0.092158
7123.960000 0.087540
7123.980000 0.083220
7124.000000 0.079202
7124.020000 0.075491
7124.040000 0.072084
7124.060000 0.068979
7124.080000 0.066168
7124.100000 0.063645
7124.120000 0.061401
7124.140000 0.059427
7124.160000 0.057716
7124.180000 0.056257
7124.200000 0.055045
7124.220000 0.054073
7124.240000 0.053335
7124.260000 0.052830
7124.280000 0.052554
7124.300000 0.052508
7124.320000 0.052694
7124.340000 0.053115
7124.360000 0.053776
7124.380000 0.054683
7124.400000 0.055846
7124.420000 0.057272
7124.440000 0.058971
7124.460000 0.060953
7124.480000 0.063229
7124.500000 0.065807
7124.520000 0.068696
7124.540000 0.071902
7124.560000 0.075428
7124.580000 0.079273
7124.600000 0.083434
7124.620000 0.087901
7124.640000 0.092659
7124.660000 0.097687
7124.680000 0.102957
7124.700000 0.108433
7124.720000 0.114071
7124.740000 0.119823
7124.760000 0.125630
7124.780000 0.131430
7124.800000 0.137154
7124.820000 0.142728
7124.840000 0.148077
7124.860000 0.153123
7124.880000 0.157792
7124.900000 0.162009
7124.920000 0.165705
7124.940000 0.168817
7124.960000 0.171293
7124.980000 0.173087
7125.000000 0.174167
7125.020000 0.174512
7125.040000 0.174113
7125.060000 0.172976
7125.080000 0.171119
7125.100000 0.168571
7125.120000 0.165373
7125.140000 0.161576
7125.160000 0.157239
7125.180000 0.152427
7125.200000 0.147210
7125.220000 0.141661
7125.240000 0.135855
7125.260000 0.129863
7125.280000 0.123756
7125.300000 0.117601
7125.320000 0.111458
7125.340000 0.105384
7125.360000 0.099428
7125.380000 0.093631
7125.400000 0.088030
7125.420000 0.082651
7125.440000 0.077518
7125.460000 0.072644
7125.480000 0.068041
7125.500000 0.063711
7125.520000 0.059657
7125.540000 0.055873
7125.560000 0.052352
7125.580000 0.049086
7125.600000 0.046063
7125.620000 0.043270
7125.640000 0.040693
7125.660000 0.038319
7125.680000 0.036132
7125.700000 0.034119
7125.720000 0.032266
7125.740000 0.030559
7125.760000 0.028986
7125.780000 0.027534
7125.800000 0.026194
7125.820000 0.024954
7125.840000 0.023805
7125.860000 0.022738
7125.880000 0.021747
7125.900000 0.020824
7125.920000 0.019963
7125.940000 0.019158
7125.960000 0.018405
7125.980000 0.017698
7126.000000 0.017035
7126.020000 0.016411
7126.040000 0.015824
7126.060000 0.015270
7126.080000 0.014747
7126.100000 0.014253
7126.120000 0.013786
7126.140000 0.013344
7126.160000 0.012925
7126.180000 0.012527
7126.200000 0.012150
7126.220000 0.011791
7126.240000 0.011450
7126.260000 0.011126
7126.280000 0.010816
7126.300000 0.010521
7126.320000 0.010240
7126.340000 0.009971
7126.360000 0.009714
7126.380000 0.009468
7126.400000 0.009232
7126.420000 0.009007
7126.440000 0.008790
7126.460000 0.008582
7126.480000 0.008383
7126.500000 0.008191
7126.520000 0.008007
7126.540000 0.007830
7126.560000 0.007659
7126.580000 0.007495
7126.600000 0.007337
7126.620000 0.007184
7126.640000 0.007037
7126.660000 0.006895
7126.680000 0.006759
7126.700000 0.006627
7126.720000 0.006499
7126.740000 0.006376
7126.760000 0.006256
7126.780000 0.006141
7126.800000 0.006030
7126.820000 0.005922
7126.840000 0.005817
7126.860000 0.005716
7126.880000 0.005617
7126.900000 0.005522
7126.920000 0.005430
7126.940000 0.005340
7126.960000 0.005253
7126.980000 0.005169
7127.000000 0.005086
7127.020000 0.005007
7127.040000 0.004929
7127.060000 0.004853
7127.080000 0.004780
7127.100000 0.004708
7127.120000 0.004638
7127.140000 0.004570
7127.160000 0.004504
7127.180000 0.004440
7127.200000 0.004376
7127.220000 0.004315
7127.240000 0.004255
7127.260000 0.004196
7127.280000 0.004139
7127.300000 0.004083
7127.320000 0.004028
7127.340000 0.003975
7127.360000 0.003922
7127.380000 0.003871
7127.400000 0.003821
7127.420000 0.003772
7127.440000 0.003724
7127.460000 0.003676
7127.480000 0.003630
7127.500000 0.003585
7127.520000 0.003541
7127.540000 0.003497
7127.560000 0.003454
7127.580000 0.003413
7127.600000 0.003372
7127.620000 0.003331
7127.640000 0.003292
7127.660000 0.003253
7127.680000 0.003215
7127.700000 0.003178
7127.720000 0.003141
7127.740000 0.003105
7127.760000 0.003070
7127.780000 0.003035
7127.800000 0.003001
7127.820000 0.002967
7127.840000 0.002935
7127.860000 0.002902
7127.880000 0.002870
7127.900000 0.002839
7127.920000 0.002809
7127.940000 0.002778
7127.960000 0.002749
7127.980000 0.002720
7128.000000 0.002691
7128.020000 0.002663
7128.040000 0.002635
7128.060000 0.002608
7128.080000 0.002581
7128.100000 0.002555
7128.120000 0.002529
7128.140000 0.002504
7128.160000 0.002479
7128.180000 0.002454
7128.200000 0.002430
7128.220000 0.002406
7128.240000 0.002383
7128.260000 0.002360
7128.280000 0.002337
7128.300000 0.002315
7128.320000 0.002293
7128.340000 0.002271
7128.360000 0.002250
7128.380000 0.002229
7128.400000 0.002208
7128.420000 0.002188
7128.440000 0.002168
7128.460000 0.002148
7128.480000 0.002129
7128.500000 0.002110
7128.520000 0.002091
7128.540000 0.002072
7128.560000 0.002054
7128.580000 0.002036
7128.600000 0.002018
7128.620000 0.002000
7128.640000 0.001983
7128.660000 0.001966
7128.680000 0.001949
7128.700000 0.001933
7128.720000 0.001916
7128.740000 0.001900
7128.760000 0.001884
7128.780000 0.001868
7128.800000 0.001853
7128.820000 0.001837
7128.840000 0.001822
7128.860000 0.001807
7128.880000 0.001793
7128.900000 0.001778
7128.920000 0.001764
7128.940000 0.001750
7128.960000 0.001736
7128.980000 0.001722
7129.000000 0.001708
7129.020000 0.001695
7129.040000 0.001681
7129.060000 0.001668
7129.080000 0.001655
7129.100000 0.001643
7129.120000 0.001630
7129.140000 0.001617
7129.160000 0.001605
7129.180000 0.001593
7129.200000 0.001581
7129.220000 0.001569
7129.240000 0.001557
7129.260000 0.001545
7129.280000 0.001534
7129.300000 0.001522
7129.320000 0.001511
7129.340000 0.001500
7129.360000 0.001488
7129.380000 0.001477
7129.400000 0.001466
7129.420000 0.001455
7129.440000 0.001443
7129.460000 0.001432
7129.480000 0.001420
7129.500000 0.001408
7129.520000 0.001395
7129.540000 0.001382
7129.560000 0.001368
7129.580000 0.001353
7129.600000 0.001337
7129.620000 0.001320
7129.640000 0.001302
7129.660000 0.001281
7129.680000 0.001259
7129.700000 0.001235
7129.720000 0.001209
7129.740000 0.001180
7129.760000 0.001149
7129.780000 0.001115
7129.800000 0.001079
7129.820000 0.001040
7129.840000 0.000999
7129.860000 0.000955
7129.880000 0.000909
7129.900000 0.000861
7129.920000 0.000811
7129.940000 0.000760
7129.960000 0.000709
7129.980000 0.000657

#Sticks
7121.840000 0.199533
7121.880000 0.001085
7122.820000 0.199222
7122.840000 0.000032
7122.860000 0.000078
7122.880000 0.090335
7122.900000 0.011044
7123.500000 0.079456
7123.580000 0.055926
7123.620000 0.001254
7124.040000 0.000322
7124.180000 0.000001
7124.760000 0.000203
7124.780000 0.000104
7125.000000 0.050068
7125.020000 0.098231
7125.040000 0.000011
7125.100000 0.001054
7125.120000 0.000009
7125.140000 0.000564
7125.240000 0.010431
7125.480000 0.000006
7125.500000 0.000001
7125.780000 0.000900
7126.180000 0.000001
7126.240000 0.000070
7126.300000 0.000041
7127.320000 0.000005
7127.380000 0.000006
7127.720000 0.000007
