7110.000000 0.000160
7110.020000 0.000172
7110.040000 0.000185
7110.060000 0.000197
7110.080000 0.000208
7110.100000 0.000220
7110.120000 0.000230
7110.140000 0.000240
7110.160000 0.000250
7110.180000 0.000259
7110.200000 0.000267
7110.220000 0.000274
7110.240000 0.000281
7110.260000 0.000287
7110.280000 0.000292
7110.300000 0.000297
7110.320000 0.000301
7110.340000 0.000305
7110.360000 0.000308
7110.380000 0.000311
7110.400000 0.000314
7110.420000 0.000316
7110.440000 0.000318
7110.460000 0.000320
7110.480000 0.000322
7110.500000 0.000324
7110.520000 0.000325
7110.540000 0.000326
7110.560000 0.000328
7110.580000 0.000329
7110.600000 0.000330
7110.620000 0.000331
7110.640000 0.000332
7110.660000 0.000334
7110.680000 0.000335
7110.700000 0.000336
7110.720000 0.000337
7110.740000 0.000338
7110.760000 0.000339
7110.780000 0.000340
7110.800000 0.000342
7110.820000 0.000343
7110.840000 0.000344
7110.860000 0.000345
7110.880000 0.000346
7110.900000 0.000347
7110.920000 0.000348
7110.940000 0.000350
7110.960000 0.000351
7110.980000 0.000352
7111.000000 0.000353
7111.020000 0.000354
7111.040000 0.000356
7111.060000 0.000357
7111.080000 0.000358
7111.100000 0.000359
7111.120000 0.000360
7111.140000 0.000362
7111.160000 0.000363
7111.180000 0.000364
7111.200000 0.000365
7111.220000 0.000367
7111.240000 0.000368
7111.260000 0.000369
7111.280000 0.000370
7111.300000 0.000372
7111.320000 0.000373
7111.340000 0.000374
7111.360000 0.000376
7111.380000 0.000377
7111.400000 0.000378
7111.420000 0.000379
7111.440000 0.000381
7111.460000 0.000382
7111.480000 0.000383
7111.500000 0.000385
7111.520000 0.000386
7111.540000 0.000388
7111.560000 0.000389
7111.580000 0.000390
7111.600000 0.000392
7111.620000 0.000393
7111.640000 0.000395
7111.660000 0.000396
7111.680000 0.000397
7111.700000 0.000399
7111.720000 0.000400
7111.740000 0.000402
7111.760000 0.000403
7111.780000 0.000405
7111.800000 0.000406
7111.820000 0.000407
7111.840000 0.000409
7111.860000 0.000410
7111.880000 0.000412
7111.900000 0.000413
7111.920000 0.000415
7111.940000 0.000416
7111.960000 0.000418
7111.980000 0.000420
7112.000000 0.000421
7112.020000 0.000423
7112.040000 0.000424
7112.060000 0.000426
7112.080000 0.000427
7112.100000 0.000429
7112.120000 0.000431
7112.140000 0.000432
7112.160000 0.000434
7112.180000 0.000435
7112.200000 0.000437
7112.220000 0.000439
7112.240000 0.000440
7112.260000 0.000442
7112.280000 0.000444
7112.300000 0.000445
7112.320000 0.000447
7112.340000 0.000449
7112.360000 0.000451
7112.380000 0.000452
7112.400000 0.000454
7112.420000 0.000456
7112.440000 0.000457
7112.460000 0.000459
7112.480000 0.000461
7112.500000 0.000463
7112.520000 0.000465
7112.540000 0.000466
7112.560000 0.000468
7112.580000 0.000470
7112.600000 0.000472
7112.620000 0.000474
7112.640000 0.000476
7112.660000 0.000477
7112.680000 0.000479
7112.700000 0.000481
7112.720000 0.000483
7112.740000 0.000485
7112.760000 0.000487
7112.780000 0.000489
7112.800000 0.000491
7112.820000 0.000493
7112.840000 0.000495
7112.860000 0.000497
7112.880000 0.000499
7112.900000 0.000501
7112.920000 0.000503
7112.940000 0.000505
7112.960000 0.000507
7112.980000 0.000509
7113.000000 0.000511
7113.020000 0.000513
7113.040000 0.000515
7113.060000 0.000517
7113.080000 0.000519
7113.100000 0.000522
7113.120000 0.000524
7113.140000 0.000526
7113.160000 0.000528
7113.180000 0.000530
7113.200000 0.000533
7113.220000 0.000535
7113.240000 0.000537
7113.260000 0.000539
7113.280000 0.000541
7113.300000 0.000544
7113.320000 0.000546
7113.340000 0.000548
7113.360000 0.000551
7113.380000 0.000553
7113.400000 0.000555
7113.420000 0.000558
7113.440000 0.000560
7113.460000 0.000563
7113.480000 0.000565
7113.500000 0.000567
7113.520000 0.000570
7113.540000 0.000572
7113.560000 0.000575
7113.580000 0.000577
7113.600000 0.000580
7113.620000 0.000582
7113.640000 0.000585
7113.660000 0.000587
7113.680000 0.000590
7113.700000 0.000593
7113.720000 0.000595
7113.740000 0.000598
7113.760000 0.000600
7113.780000 0.000603
7113.800000 0.000606
7113.820000 0.000609
7113.840000 0.000611
7113.860000 0.000614
7113.880000 0.000617
7113.900000 0.000619
7113.920000 0.000622
7113.940000 0.000625
7113.960000 0.000628
7113.980000 0.000631
7114.000000 0.000634
7114.020000 0.000637
7114.040000 0.000639
7114.060000 0.000642
7114.080000 0.000645
7114.100000 0.000648
7114.120000 0.000651
7114.140000 0.000654
7114.160000 0.000657
7114.180000 0.000660
7114.200000 0.000664
7114.220000 0.000667
7114.240000 0.000670
7114.260000 0.000673
7114.280000 0.000676
7114.300000 0.000679
7114.320000 0.000682
7114.340000 0.000686
7114.360000 0.000689
7114.380000 0.000692
7114.400000 0.000696
7114.420000 0.000699
7114.440000 0.000702
7114.460000 0.000706
7114.480000 0.000709
7114.500000 0.000712
7114.520000 0.000716
7114.540000 0.000719
7114.560000 0.000723
7114.580000 0.000726
7114.600000 0.000730
7114.620000 0.000734
7114.640000 0.000737
7114.660000 0.000741
7114.680000 0.000745
7114.700000 0.000748
7114.720000 0.000752
7114.740000 0.000756
7114.760000 0.000759
7114.780000 0.000763
7114.800000 0.000767
7114.820000 0.000771
7114.840000 0.000775
7114.860000 0.000779
7114.880000 0.000783
7114.900000 0.000787
7114.920000 0.000791
7114.940000 0.000795
7114.960000 0.000799
7114.980000 0.000803
7115.000000 0.000807
7115.020000 0.000811
7115.040000 0.000816
7115.060000 0.000820
7115.080000 0.000824
7115.100000 0.000828
7115.120000 0.000833
7115.140000 0.000837
7115.160000 0.000842
7115.180000 0.000846
7115.200000 0.000850
7115.220000 0.000855
7115.240000 0.000860
7115.260000 0.000864
7115.280000 0.000869
7115.300000 0.000873
7115.320000 0.000878
7115.340000 0.000883
7115.360000 0.000888
7115.380000 0.000893
7115.400000 0.000897
7115.420000 0.000902
7115.440000 0.000907
7115.460000 0.000912
7115.480000 0.000917
7115.500000 0.000922
7115.520000 0.000928
7115.540000 0.000933
7115.560000 0.000938
7115.580000 0.000943
7115.600000 0.000949
7115.620000 0.000954
7115.640000 0.000959
7115.660000 0.000965
7115.680000 0.000970
7115.700000 0.000976
7115.720000 0.000981
7115.740000 0.000987
7115.760000 0.000993
7115.780000 0.000998
7115.800000 0.001004
7115.820000 0.001010
7115.840000 0.001016
7115.860000 0.001022
7115.880000 0.001028
7115.900000 0.001034
7115.920000 0.001040
7115.940000 0.001046
7115.960000 0.001052
7115.980000 0.001059
7116.000000 0.001065
7116.020000 0.001071
7116.040000 0.001078
7116.060000 0.001084
7116.080000 0.001091
7116.100000 0.001097
7116.120000 0.001104
7116.140000 0.001111
7116.160000 0.001118
7116.180000 0.001124
7116.200000 0.001131
7116.220000 0.001138
7116.240000 0.001145
7116.260000 0.001153
7116.280000 0.001160
7116.300000 0.001167
7116.320000 0.001174
7116.340000 0.001182
7116.360000 0.001189
7116.380000 0.001197
7116.400000 0.001205
7116.420000 0.001212
7116.440000 0.001220
7116.460000 0.001228
7116.480000 0.001236
7116.500000 0.001244
7116.520000 0.001252
7116.540000 0.001260
7116.560000 0.001268
7116.580000 0.001277
7116.600000 0.001285
7116.620000 0.001294
7116.640000 0.001302
7116.660000 0.001311
7116.680000 0.001320
7116.700000 0.001329
7116.720000 0.001338
7116.740000 0.001347
7116.760000 0.001356
7116.780000 0.001365
7116.800000 0.001374
7116.820000 0.001384
7116.840000 0.001393
7116.860000 0.001403
7116.880000 0.001413
7116.900000 0.001422
7116.920000 0.001432
7116.940000 0.001442
7116.960000 0.001453
7116.980000 0.001463
7117.000000 0.001473
7117.020000 0.001484
7117.040000 0.001494
7117.060000 0.001505
7117.080000 0.001516
7117.100000 0.001527
7117.120000 0.001538
7117.140000 0.001549
7117.160000 0.001561
7117.180000 0.001572
7117.200000 0.001584
7117.220000 0.001595
7117.240000 0.001607
7117.260000 0.001619
7117.280000 0.001632
7117.300000 0.001644
7117.320000 0.001656
7117.340000 0.001669
7117.360000 0.001682
7117.380000 0.001694
7117.400000 0.001707
7117.420000 0.001721
7117.440000 0.001734
7117.460000 0.001747
7117.480000 0.001761
7117.500000 0.001775
7117.520000 0.001789
7117.540000 0.001803
7117.560000 0.001817
7117.580000 0.001832
7117.600000 0.001847
7117.620000 0.001862
7117.640000 0.001877
7117.660000 0.001892
7117.680000 0.001907
7117.700000 0.001923
7117.720000 0.001939
7117.740000 0.001955
7117.760000 0.001971
7117.780000 0.001988
7117.800000 0.002004
7117.820000 0.002021
7117.840000 0.002038
7117.860000 0.002056
7117.880000 0.002073
7117.900000 0.002091
7117.920000 0.002109
7117.940000 0.002127
7117.960000 0.002146
7117.980000 0.002165
7118.000000 0.002184
7118.020000 0.002203
7118.040000 0.002223
7118.060000 0.002242
7118.080000 0.002263
7118.100000 0.002283
7118.120000 0.002304
7118.140000 0.002325
7118.160000 0.002346
7118.180000 0.002367
7118.200000 0.002389
7118.220000 0.002412
7118.240000 0.002434
7118.260000 0.002457
7118.280000 0.002480
7118.300000 0.002504
7118.320000 0.002528
7118.340000 0.002552
7118.360000 0.002576
7118.380000 0.002601
7118.400000 0.002627
7118.420000 0.002652
7118.440000 0.002679
7118.460000 0.002705
7118.480000 0.002732
7118.500000 0.002759
7118.520000 0.002787
7118.540000 0.002815
7118.560000 0.002844
7118.580000 0.002873
7118.600000 0.002903
7118.620000 0.002933
7118.640000 0.002964
7118.660000 0.002995
7118.680000 0.003026
7118.700000 0.003058
7118.720000 0.003091
7118.740000 0.003124
7118.760000 0.003158
7118.780000 0.003192
7118.800000 0.003227
7118.820000 0.003263
7118.840000 0.003299
7118.860000 0.003336
7118.880000 0.003373
7118.900000 0.003411
7118.920000 0.003450
7118.940000 0.003490
7118.960000 0.003530
7118.980000 0.003571
7119.000000 0.003613
7119.020000 0.003655
7119.040000 0.003698
7119.060000 0.003742
7119.080000 0.003787
7119.100000 0.003833
7119.120000 0.003880
7119.140000 0.003927
7119.160000 0.003976
7119.180000 0.004025
7119.200000 0.004076
7119.220000 0.004127
7119.240000 0.004179
7119.260000 0.004233
7119.280000 0.004287
7119.300000 0.004343
7119.320000 0.004400
7119.340000 0.004458
7119.360000 0.004517
7119.380000 0.004578
7119.400000 0.004640
7119.420000 0.004703
7119.440000 0.004768
7119.460000 0.004834
7119.480000 0.004901
7119.500000 0.004970
7119.520000 0.005041
7119.540000 0.005113
7119.560000 0.005187
7119.580000 0.005262
7119.600000 0.005339
7119.620000 0.005419
7119.640000 0.005500
7119.660000 0.005583
7119.680000 0.005668
7119.700000 0.005755
7119.720000 0.005844
7119.740000 0.005936
7119.760000 0.006030
7119.780000 0.006126
7119.800000 0.006225
7119.820000 0.006326
7119.840000 0.006430
7119.860000 0.006537
7119.880000 0.006647
7119.900000 0.006759
7119.920000 0.006875
7119.940000 0.006994
7119.960000 0.007117
7119.980000 0.007243
7120.000000 0.007373
7120.020000 0.007506
7120.040000 0.007644
7120.060000 0.007785
7120.080000 0.007931
7120.100000 0.008082
7120.120000 0.008237
7120.140000 0.008397
7120.160000 0.008563
7120.180000 0.008733
7120.200000 0.008910
7120.220000 0.009092
7120.240000 0.009281
7120.260000 0.009476
7120.280000 0.009678
7120.300000 0.009887
7120.320000 0.010103
7120.340000 0.010328
7120.360000 0.010561
7120.380000 0.010803
7120.400000 0.011054
7120.420000 0.011315
7120.440000 0.011586
7120.460000 0.011869
7120.480000 0.012163
7120.500000 0.012469
7120.520000 0.012789
7120.540000 0.013123
7120.560000 0.013471
7120.580000 0.013835
7120.600000 0.014216
7120.620000 0.014616
7120.640000 0.015034
7120.660000 0.015473
7120.680000 0.015935
7120.700000 0.016420
7120.720000 0.016930
7120.740000 0.017469
7120.760000 0.018037
7120.780000 0.018637
7120.800000 0.019272
7120.820000 0.019945
7120.840000 0.020660
7120.860000 0.021419
7120.880000 0.022227
7120.900000 0.023088
7120.920000 0.024009
7120.940000 0.024993
7120.960000 0.026048
7120.980000 0.027181
7121.000000 0.028399
7121.020000 0.029712
7121.040000 0.031129
7121.060000 0.032660
7121.080000 0.034318
7121.100000 0.036116
7121.120000 0.038068
7121.140000 0.040189
7121.160000 0.042497
7121.180000 0.045008
7121.200000 0.047743
7121.220000 0.050720
7121.240000 0.053959
7121.260000 0.057482
7121.280000 0.061308
7121.300000 0.065457
7121.320000 0.069947
7121.340000 0.074794
7121.360000 0.080011
7121.380000 0.085607
7121.400000 0.091587
7121.420000 0.097948
7121.440000 0.104682
7121.460000 0.111773
7121.480000 0.119196
7121.500000 0.126916
7121.520000 0.134891
7121.540000 0.143066
7121.560000 0.151378
7121.580000 0.159753
7121.600000 0.168112
7121.620000 0.176365
7121.640000 0.184418
7121.660000 0.192175
7121.680000 0.199536
7121.700000 0.206403
7121.720000 0.212684
7121.740000 0.218292
7121.760000 0.223148
7121.780000 0.227186
7121.800000 0.230355
7121.820000 0.232617
7121.840000 0.233955
7121.860000 0.234366
7121.880000 0.233868
7121.900000 0.232495
7121.920000 0.230299
7121.940000 0.227349
7121.960000 0.223726
7121.980000 0.219524
7122.000000 0.214845
7122.020000 0.209801
7122.040000 0.204506
7122.060000 0.199076
7122.080000 0.193627
7122.100000 0.188274
7122.120000 0.183124
7122.140000 0.178282
7122.160000 0.173844
7122.180000 0.169898
7122.200000 0.166524
7122.220000 0.163794
7122.240000 0.161771
7122.260000 0.160507
7122.280000 0.160049
7122.300000 0.160431
7122.320000 0.161683
7122.340000 0.163823
7122.360000 0.166862
7122.380000 0.170800
7122.400000 0.175628
7122.420000 0.181327
7122.440000 0.187867
7122.460000 0.195206
7122.480000 0.203289
7122.500000 0.212048
7122.520000 0.221401
7122.540000 0.231255
7122.560000 0.241501
7122.580000 0.252019
7122.600000 0.262677
7122.620000 0.273334
7122.640000 0.283842
7122.660000 0.294049
7122.680000 0.303801
7122.700000 0.312947
7122.720000 0.321342
7122.740000 0.328851
7122.760000 0.335354
7122.780000 0.340747
7122.800000 0.344947
7122.820000 0.347895
7122.840000 0.349557
7122.860000 0.349924
7122.880000 0.349017
7122.900000 0.346880
7122.920000 0.343583
7122.940000 0.339221
7122.960000 0.333906
7122.980000 0.327768
7123.000000 0.320948
7123.020000 0.313597
7123.040000 0.305869
7123.060000 0.297917
7123.080000 0.289889
7123.100000 0.281925
7123.120000 0.274152
7123.140000 0.266683
7123.160000 0.259610
7123.180000 0.253011
7123.200000 0.246938
7123.220000 0.241427
7123.240000 0.236491
7123.260000 0.232123
7123.280000 0.228299
7123.300000 0.224978
7123.320000 0.222104
7123.340000 0.219611
7123.360000 0.217422
7123.380000 0.215455
7123.400000 0.213624
7123.420000 0.211844
7123.440000 0.210030
7123.460000 0.208104
7123.480000 0.205994
7123.500000 0.203637
7123.520000 0.200980
7123.540000 0.197985
7123.560000 0.194621
7123.580000 0.190874
7123.600000 0.186740
7123.620000 0.182229
7123.640000 0.177359
7123.660000 0.172162
7123.680000 0.166674
7123.700000 0.160941
7123.720000 0.155013
7123.740000 0.148942
7123.760000 0.142783
7123.780000 0.136591
7123.800000 0.130420
7123.820000 0.124319
7123.840000 0.118336
7123.860000 0.112512
7123.880000 0.106884
7123.900000 0.101484
7123.920000 0.096338
7123.940000 0.091466
7123.960000 0.086882
7123.980000 0.082597
7124.000000 0.078616
7124.020000 0.074941
7124.040000 0.071570
7124.060000 0.068500
7124.080000 0.065723
7124.100000 0.063233
7124.120000 0.061021
7124.140000 0.059077
7124.160000 0.057394
7124.180000 0.055964
7124.200000 0.054777
7124.220000 0.053830
7124.240000 0.053116
7124.260000 0.052632
7124.280000 0.052377
7124.300000 0.052351
7124.320000 0.052554
7124.340000 0.052992
7124.360000 0.053668
7124.380000 0.054590
7124.400000 0.055764
7124.420000 0.057201
7124.440000 0.058909
7124.460000 0.060899
7124.480000 0.063181
7124.500000 0.065764
7124.520000 0.068656
7124.540000 0.071863
7124.560000 0.075389
7124.580000 0.079234
7124.600000 0.083393
7124.620000 0.087859
7124.640000 0.092616
7124.660000 0.097644
7124.680000 0.102915
7124.700000 0.108393
7124.720000 0.114038
7124.740000 0.119799
7124.760000 0.125620
7124.780000 0.131438
7124.800000 0.137185
7124.820000 0.142789
7124.840000 0.148173
7124.860000 0.153261
7124.880000 0.157977
7124.900000 0.162246
7124.920000 0.165999
7124.940000 0.169172
7124.960000 0.171711
7124.980000 0.173570
7125.000000 0.174714
7125.020000 0.175121
7125.040000 0.174782
7125.060000 0.173700
7125.080000 0.171892
7125.100000 0.169385
7125.120000 0.166221
7125.140000 0.162448
7125.160000 0.158125
7125.180000 0.153318
7125.200000 0.148097
7125.220000 0.142535
7125.240000 0.136706
7125.260000 0.130684
7125.280000 0.124540
7125.300000 0.118342
7125.320000 0.112152
7125.340000 0.106028
7125.360000 0.100019
7125.380000 0.094168
7125.400000 0.088513
7125.420000 0.083082
7125.440000 0.077897
7125.460000 0.072974
7125.480000 0.068324
7125.500000 0.063951
7125.520000 0.059855
7125.540000 0.056033
7125.560000 0.052478
7125.580000 0.049180
7125.600000 0.046128
7125.620000 0.043308
7125.640000 0.040707
7125.660000 0.038311
7125.680000 0.036105
7125.700000 0.034074
7125.720000 0.032205
7125.740000 0.030485
7125.760000 0.028899
7125.780000 0.027437
7125.800000 0.026087
7125.820000 0.024839
7125.840000 0.023684
7125.860000 0.022613
7125.880000 0.021618
7125.900000 0.020692
7125.920000 0.019829
7125.940000 0.019023
7125.960000 0.018269
7125.980000 0.017564
7126.000000 0.016901
7126.020000 0.016279
7126.040000 0.015694
7126.060000 0.015143
7126.080000 0.014623
7126.100000 0.014132
7126.120000 0.013668
7126.140000 0.013230
7126.160000 0.012814
7126.180000 0.012420
7126.200000 0.012046
7126.220000 0.011691
7126.240000 0.011354
7126.260000 0.011033
7126.280000 0.010727
7126.300000 0.010436
7126.320000 0.010158
7126.340000 0.009893
7126.360000 0.009640
7126.380000 0.009398
7126.400000 0.009166
7126.420000 0.008944
7126.440000 0.008731
7126.460000 0.008527
7126.480000 0.008331
7126.500000 0.008142
7126.520000 0.007961
7126.540000 0.007787
7126.560000 0.007620
7126.580000 0.007458
7126.600000 0.007303
7126.620000 0.007153
7126.640000 0.007009
7126.660000 0.006869
7126.680000 0.006735
7126.700000 0.006605
7126.720000 0.006479
7126.740000 0.006357
7126.760000 0.006240
7126.780000 0.006126
7126.800000 0.006016
7126.820000 0.005909
7126.840000 0.005805
7126.860000 0.005705
7126.880000 0.005608
7126.900000 0.005513
7126.920000 0.005422
7126.940000 0.005333
7126.960000 0.005246
7126.980000 0.005162
7127.000000 0.005080
7127.020000 0.005001
7127.040000 0.004923
7127.060000 0.004848
7127.080000 0.004775
7127.100000 0.004703
7127.120000 0.004633
7127.140000 0.004566
7127.160000 0.004499
7127.180000 0.004435
7127.200000 0.004372
7127.220000 0.004310
7127.240000 0.004250
7127.260000 0.004191
7127.280000 0.004134
7127.300000 0.004078
7127.320000 0.004023
7127.340000 0.003969
7127.360000 0.003917
7127.380000 0.003866
7127.400000 0.003816
7127.420000 0.003766
7127.440000 0.003718
7127.460000 0.003671
7127.480000 0.003625
7127.500000 0.003580
7127.520000 0.003535
7127.540000 0.003492
7127.560000 0.003450
7127.580000 0.003408
7127.600000 0.003367
7127.620000 0.003327
7127.640000 0.003287
7127.660000 0.003249
7127.680000 0.003211
7127.700000 0.003174
7127.720000 0.003137
7127.740000 0.003101
7127.760000 0.003066
7127.780000 0.003032
7127.800000 0.002998
7127.820000 0.002964
7127.840000 0.002932
7127.860000 0.002900
7127.880000 0.002868
7127.900000 0.002837
7127.920000 0.002806
7127.940000 0.002776
7127.960000 0.002747
7127.980000 0.002718
7128.000000 0.002689
7128.020000 0.002661
7128.040000 0.002634
7128.060000 0.002607
7128.080000 0.002580
7128.100000 0.002554
7128.120000 0.002528
7128.140000 0.002503
7128.160000 0.002478
7128.180000 0.002454
7128.200000 0.002429
7128.220000 0.002406
7128.240000 0.002382
7128.260000 0.002359
7128.280000 0.002337
7128.300000 0.002315
7128.320000 0.002293
7128.340000 0.002271
7128.360000 0.002250
7128.380000 0.002229
7128.400000 0.002208
7128.420000 0.002188
7128.440000 0.002168
7128.460000 0.002148
7128.480000 0.002129
7128.500000 0.002110
7128.520000 0.002091
7128.540000 0.002072
7128.560000 0.002054
7128.580000 0.002036
7128.600000 0.002018
7128.620000 0.002001
7128.640000 0.001983
7128.660000 0.001966
7128.680000 0.001949
7128.700000 0.001933
7128.720000 0.001916
7128.740000 0.001900
7128.760000 0.001884
7128.780000 0.001869
7128.800000 0.001853
7128.820000 0.001838
7128.840000 0.001823
7128.860000 0.001808
7128.880000 0.001793
7128.900000 0.001778
7128.920000 0.001764
7128.940000 0.001750
7128.960000 0.001736
7128.980000 0.001722
7129.000000 0.001708
7129.020000 0.001695
7129.040000 0.001682
7129.060000 0.001669
7129.080000 0.001656
7129.100000 0.001643
7129.120000 0.001630
7129.140000 0.001618
7129.160000 0.001605
7129.180000 0.001593
7129.200000 0.001581
7129.220000 0.001569
7129.240000 0.001557
7129.260000 0.001546
7129.280000 0.001534
7129.300000 0.001523
7129.320000 0.001511
7129.340000 0.001500
7129.360000 0.001489
7129.380000 0.001477
7129.400000 0.001466
7129.420000 0.001455
7129.440000 0.001443
7129.460000 0.001432
7129.480000 0.001420
7129.500000 0.001408
7129.520000 0.001395
7129.540000 0.001382
7129.560000 0.001368
7129.580000 0.001353
7129.600000 0.001337
7129.620000 0.001320
7129.640000 0.001302
7129.660000 0.001282
7129.680000 0.001260
7129.700000 0.001235
7129.720000 0.001209
7129.740000 0.001181
7129.760000 0.001149
7129.780000 0.001116
7129.800000 0.001079
7129.820000 0.001040
7129.840000 0.000999
7129.860000 0.000955
7129.880000 0.000909
7129.900000 0.000861
7129.920000 0.000811
7129.940000 0.000760
7129.960000 0.000709
7129.980000 0.000657

#Sticks
7121.820000 0.000114
7121.840000 0.199592
7121.880000 0.000647
7122.820000 0.123075
7122.840000 0.079147
7122.860000 0.023410
7122.880000 0.070682
7122.900000 0.003063
7122.920000 0.000052
7123.460000 0.025310
7123.500000 0.045882
7123.520000 0.000293
7123.540000 0.001624
7123.580000 0.061822
7123.620000 0.003037
7124.040000 0.000117
7124.060000 0.000003
7124.140000 0.000026
7124.180000 0.000007
7124.200000 0.000003
7124.740000 0.000060
7124.760000 0.000522
7124.780000 0.000033
7125.000000 0.062963
7125.020000 0.061012
7125.040000 0.012723
7125.080000 0.014932
7125.100000 0.000887
7125.120000 0.000264
7125.140000 0.000263
7125.240000 0.006630
7125.280000 0.000188
7125.300000 0.000664
7125.480000 0.000194
7125.500000 0.000004
7125.780000 0.000557
7125.800000 0.000096
7125.820000 0.000035
7126.180000 0.000002
7126.200000 0.000000
7126.220000 0.000007
7126.240000 0.000014
7126.280000 0.000025
7126.300000 0.000007
7126.940000 0.000001
7127.300000 0.000005
7127.320000 0.000001
7127.360000 0.000001
7127.380000 0.000001
7127.720000 0.000003
7127.740000 0.000001
7127.760000 0.000001
