-10.000000 0.000102
-9.991248 0.000109
-9.982496 0.000116
-9.973743 0.000123
-9.964991 0.000129
-9.956239 0.000136
-9.947487 0.000142
-9.938735 0.000148
-9.929982 0.000153
-9.921230 0.000159
-9.912478 0.000164
-9.903726 0.000169
-9.894974 0.000173
-9.886222 0.000177
-9.877469 0.000181
-9.868717 0.000184
-9.859965 0.000187
-9.851213 0.000190
-9.842461 0.000192
-9.833708 0.000194
-9.824956 0.000196
-9.816204 0.000198
-9.807452 0.000200
-9.798700 0.000201
-9.789947 0.000203
-9.781195 0.000204
-9.772443 0.000205
-9.763691 0.000206
-9.754939 0.000207
-9.746187 0.000208
-9.737434 0.000209
-9.728682 0.000209
-9.719930 0.000210
-9.711178 0.000211
-9.702426 0.000212
-9.693673 0.000212
-9.684921 0.000213
-9.676169 0.000214
-9.667417 0.000214
-9.658665 0.000215
-9.649912 0.000216
-9.641160 0.000216
-9.632408 0.000217
-9.623656 0.000217
-9.614904 0.000218
-9.606152 0.000219
-9.597399 0.000219
-9.588647 0.000220
-9.579895 0.000221
-9.571143 0.000221
-9.562391 0.000222
-9.553638 0.000223
-9.544886 0.000223
-9.536134 0.000224
-9.527382 0.000225
-9.518630 0.000225
-9.509877 0.000226
-9.501125 0.000227
-9.492373 0.000228
-9.483621 0.000228
-9.474869 0.000229
-9.466117 0.000230
-9.457364 0.000230
-9.448612 0.000231
-9.439860 0.000232
-9.431108 0.000233
-9.422356 0.000233
-9.413603 0.000234
-9.404851 0.000235
-9.396099 0.000235
-9.387347 0.000236
-9.378595 0.000237
-9.369842 0.000238
-9.361090 0.000238
-9.352338 0.000239
-9.343586 0.000240
-9.334834 0.000241
-9.326082 0.000241
-9.317329 0.000242
-9.308577 0.000243
-9.299825 0.000244
-9.291073 0.000244
-9.282321 0.000245
-9.273568 0.000246
-9.264816 0.000247
-9.256064 0.000248
-9.247312 0.000248
-9.238560 0.000249
-9.229807 0.000250
-9.221055 0.000251
-9.212303 0.000252
-9.203551 0.000252
-9.194799 0.000253
-9.186047 0.000254
-9.177294 0.000255
-9.168542 0.000256
-9.159790 0.000256
-9.151038 0.000257
-9.142286 0.000258
-9.133533 0.000259
-9.124781 0.000260
-9.116029 0.000261
-9.107277 0.000262
-9.098525 0.000262
-9.089772 0.000263
-9.081020 0.000264
-9.072268 0.000265
-9.063516 0.000266
-9.054764 0.000267
-9.046012 0.000268
-9.037259 0.000269
-9.028507 0.000269
-9.019755 0.000270
-9.011003 0.000271
-9.002251 0.000272
-8.993498 0.000273
-8.984746 0.000274
-8.975994 0.000275
-8.967242 0.000276
-8.958490 0.000277
-8.949737 0.000278
-8.940985 0.000279
-8.932233 0.000280
-8.923481 0.000281
-8.914729 0.000282
-8.905976 0.000282
-8.897224 0.000283
-8.888472 0.000284
-8.879720 0.000285
-8.870968 0.000286
-8.862216 0.000287
-8.853463 0.000288
-8.844711 0.000289
-8.835959 0.000290
-8.827207 0.000291
-8.818455 0.000292
-8.809702 0.000293
-8.800950 0.000294
-8.792198 0.000295
-8.783446 0.000296
-8.774694 0.000297
-8.765941 0.000299
-8.757189 0.000300
-8.748437 0.000301
-8.739685 0.000302
-8.730933 0.000303
-8.722181 0.000304
-8.713428 0.000305
-8.704676 0.000306
-8.695924 0.000307
-8.687172 0.000308
-8.678420 0.000309
-8.669667 0.000310
-8.660915 0.000312
-8.652163 0.000313
-8.643411 0.000314
-8.634659 0.000315
-8.625906 0.000316
-8.617154 0.000317
-8.608402 0.000318
-8.599650 0.000319
-8.590898 0.000321
-8.582146 0.000322
-8.573393 0.000323
-8.564641 0.000324
-8.555889 0.000325
-8.547137 0.000327
-8.538385 0.000328
-8.529632 0.000329
-8.520880 0.000330
-8.512128 0.000331
-8.503376 0.000333
-8.494624 0.000334
-8.485871 0.000335
-8.477119 0.000336
-8.468367 0.000338
-8.459615 0.000339
-8.450863 0.000340
-8.442111 0.000341
-8.433358 0.000343
-8.424606 0.000344
-8.415854 0.000345
-8.407102 0.000347
-8.398350 0.000348
-8.389597 0.000349
-8.380845 0.000351
-8.372093 0.000352
-8.363341 0.000353
-8.354589 0.000355
-8.345836 0.000356
-8.337084 0.000357
-8.328332 0.000359
-8.319580 0.000360
-8.310828 0.000362
-8.302076 0.000363
-8.293323 0.000364
-8.284571 0.000366
-8.275819 0.000367
-8.267067 0.000369
-8.258315 0.000370
-8.249562 0.000372
-8.240810 0.000373
-8.232058 0.000375
-8.223306 0.000376
-8.214554 0.000377
-8.205801 0.000379
-8.197049 0.000380
-8.188297 0.000382
-8.179545 0.000384
-8.170793 0.000385
-8.162041 0.000387
-8.153288 0.000388
-8.144536 0.000390
-8.135784 0.000391
-8.127032 0.000393
-8.118280 0.000394
-8.109527 0.000396
-8.100775 0.000398
-8.092023 0.000399
-8.083271 0.000401
-8.074519 0.000403
-8.065766 0.000404
-8.057014 0.000406
-8.048262 0.000408
-8.039510 0.000409
-8.030758 0.000411
-8.022006 0.000413
-8.013253 0.000414
-8.004501 0.000416
-7.995749 0.000418
-7.986997 0.000420
-7.978245 0.000421
-7.969492 0.000423
-7.960740 0.000425
-7.951988 0.000427
-7.943236 0.000428
-7.934484 0.000430
-7.925731 0.000432
-7.916979 0.000434
-7.908227 0.000436
-7.899475 0.000438
-7.890723 0.000440
-7.881970 0.000441
-7.873218 0.000443
-7.864466 0.000445
-7.855714 0.000447
-7.846962 0.000449
-7.838210 0.000451
-7.829457 0.000453
-7.820705 0.000455
-7.811953 0.000457
-7.803201 0.000459
-7.794449 0.000461
-7.785696 0.000463
-7.776944 0.000465
-7.768192 0.000467
-7.759440 0.000469
-7.750688 0.000471
-7.741935 0.000473
-7.733183 0.000475
-7.724431 0.000478
-7.715679 0.000480
-7.706927 0.000482
-7.698175 0.000484
-7.689422 0.000486
-7.680670 0.000488
-7.671918 0.000491
-7.663166 0.000493
-7.654414 0.000495
-7.645661 0.000497
-7.636909 0.000500
-7.628157 0.000502
-7.619405 0.000504
-7.610653 0.000507
-7.601900 0.000509
-7.593148 0.000511
-7.584396 0.000514
-7.575644 0.000516
-7.566892 0.000518
-7.558140 0.000521
-7.549387 0.000523
-7.540635 0.000526
-7.531883 0.000528
-7.523131 0.000531
-7.514379 0.000533
-7.505626 0.000536
-7.496874 0.000538
-7.488122 0.000541
-7.479370 0.000543
-7.470618 0.000546
-7.461865 0.000549
-7.453113 0.000551
-7.444361 0.000554
-7.435609 0.000557
-7.426857 0.000559
-7.418105 0.000562
-7.409352 0.000565
-7.400600 0.000567
-7.391848 0.000570
-7.383096 0.000573
-7.374344 0.000576
-7.365591 0.000579
-7.356839 0.000581
-7.348087 0.000584
-7.339335 0.000587
-7.330583 0.000590
-7.321830 0.000593
-7.313078 0.000596
-7.304326 0.000599
-7.295574 0.000602
-7.286822 0.000605
-7.278070 0.000608
-7.269317 0.000611
-7.260565 0.000614
-7.251813 0.000618
-7.243061 0.000621
-7.234309 0.000624
-7.225556 0.000627
-7.216804 0.000630
-7.208052 0.000634
-7.199300 0.000637
-7.190548 0.000640
-7.181795 0.000643
-7.173043 0.000647
-7.164291 0.000650
-7.155539 0.000654
-7.146787 0.000657
-7.138035 0.000660
-7.129282 0.000664
-7.120530 0.000667
-7.111778 0.000671
-7.103026 0.000675
-7.094274 0.000678
-7.085521 0.000682
-7.076769 0.000686
-7.068017 0.000689
-7.059265 0.000693
-7.050513 0.000697
-7.041760 0.000700
-7.033008 0.000704
-7.024256 0.000708
-7.015504 0.000712
-7.006752 0.000716
-6.997999 0.000720
-6.989247 0.000724
-6.980495 0.000728
-6.971743 0.000732
-6.962991 0.000736
-6.954239 0.000740
-6.945486 0.000744
-6.936734 0.000748
-6.927982 0.000753
-6.919230 0.000757
-6.910478 0.000761
-6.901725 0.000765
-6.892973 0.000770
-6.884221 0.000774
-6.875469 0.000779
-6.866717 0.000783
-6.857964 0.000788
-6.849212 0.000792
-6.840460 0.000797
-6.831708 0.000801
-6.822956 0.000806
-6.814204 0.000811
-6.805451 0.000816
-6.796699 0.000820
-6.787947 0.000825
-6.779195 0.000830
-6.770443 0.000835
-6.761690 0.000840
-6.752938 0.000845
-6.744186 0.000850
-6.735434 0.000855
-6.726682 0.000860
-6.717929 0.000866
-6.709177 0.000871
-6.700425 0.000876
-6.691673 0.000881
-6.682921 0.000887
-6.674169 0.000892
-6.665416 0.000898
-6.656664 0.000903
-6.647912 0.000909
-6.639160 0.000915
-6.630408 0.000920
-6.621655 0.000926
-6.612903 0.000932
-6.604151 0.000938
-6.595399 0.000944
-6.586647 0.000950
-6.577894 0.000956
-6.569142 0.000962
-6.560390 0.000968
-6.551638 0.000974
-6.542886 0.000981
-6.534134 0.000987
-6.525381 0.000993
-6.516629 0.001000
-6.507877 0.001006
-6.499125 0.001013
-6.490373 0.001020
-6.481620 0.001026
-6.472868 0.001033
-6.464116 0.001040
-6.455364 0.001047
-6.446612 0.001054
-6.437859 0.001061
-6.429107 0.001068
-6.420355 0.001075
-6.411603 0.001083
-6.402851 0.001090
-6.394099 0.001097
-6.385346 0.001105
-6.376594 0.001113
-6.367842 0.001120
-6.359090 0.001128
-6.350338 0.001136
-6.341585 0.001144
-6.332833 0.001152
-6.324081 0.001160
-6.315329 0.001168
-6.306577 0.001176
-6.297824 0.001185
-6.289072 0.001193
-6.280320 0.001202
-6.271568 0.001210
-6.262816 0.001219
-6.254064 0.001228
-6.245311 0.001237
-6.236559 0.001246
-6.227807 0.001255
-6.219055 0.001264
-6.210303 0.001273
-6.201550 0.001283
-6.192798 0.001292
-6.184046 0.001302
-6.175294 0.001312
-6.166542 0.001321
-6.157789 0.001331
-6.149037 0.001341
-6.140285 0.001352
-6.131533 0.001362
-6.122781 0.001372
-6.114029 0.001383
-6.105276 0.001394
-6.096524 0.001404
-6.087772 0.001415
-6.079020 0.001426
-6.070268 0.001437
-6.061515 0.001449
-6.052763 0.001460
-6.044011 0.001472
-6.035259 0.001483
-6.026507 0.001495
-6.017754 0.001507
-6.009002 0.001519
-6.000250 0.001532
-5.991498 0.001544
-5.982746 0.001557
-5.973993 0.001570
-5.965241 0.001582
-5.956489 0.001596
-5.947737 0.001609
-5.938985 0.001622
-5.930233 0.001636
-5.921480 0.001650
-5.912728 0.001663
-5.903976 0.001678
-5.895224 0.001692
-5.886472 0.001706
-5.877719 0.001721
-5.868967 0.001736
-5.860215 0.001751
-5.851463 0.001766
-5.842711 0.001781
-5.833958 0.001797
-5.825206 0.001813
-5.816454 0.001829
-5.807702 0.001845
-5.798950 0.001862
-5.790198 0.001878
-5.781445 0.001895
-5.772693 0.001913
-5.763941 0.001930
-5.755189 0.001948
-5.746437 0.001966
-5.737684 0.001984
-5.728932 0.002002
-5.720180 0.002021
-5.711428 0.002040
-5.702676 0.002059
-5.693923 0.002078
-5.685171 0.002098
-5.676419 0.002118
-5.667667 0.002138
-5.658915 0.002159
-5.650163 0.002180
-5.641410 0.002201
-5.632658 0.002223
-5.623906 0.002245
-5.615154 0.002267
-5.606402 0.002289
-5.597649 0.002312
-5.588897 0.002335
-5.580145 0.002359
-5.571393 0.002383
-5.562641 0.002407
-5.553888 0.002432
-5.545136 0.002457
-5.536384 0.002482
-5.527632 0.002508
-5.518880 0.002534
-5.510128 0.002561
-5.501375 0.002588
-5.492623 0.002615
-5.483871 0.002643
-5.475119 0.002672
-5.466367 0.002701
-5.457614 0.002730
-5.448862 0.002760
-5.440110 0.002790
-5.431358 0.002821
-5.422606 0.002852
-5.413853 0.002884
-5.405101 0.002916
-5.396349 0.002949
-5.387597 0.002983
-5.378845 0.003017
-5.370093 0.003052
-5.361340 0.003087
-5.352588 0.003123
-5.343836 0.003159
-5.335084 0.003196
-5.326332 0.003234
-5.317579 0.003273
-5.308827 0.003312
-5.300075 0.003352
-5.291323 0.003393
-5.282571 0.003434
-5.273818 0.003476
-5.265066 0.003519
-5.256314 0.003563
-5.247562 0.003608
-5.238810 0.003653
-5.230058 0.003699
-5.221305 0.003747
-5.212553 0.003795
-5.203801 0.003844
-5.195049 0.003894
-5.186297 0.003945
-5.177544 0.003997
-5.168792 0.004050
-5.160040 0.004104
-5.151288 0.004159
-5.142536 0.004216
-5.133783 0.004273
-5.125031 0.004332
-5.116279 0.004392
-5.107527 0.004453
-5.098775 0.004515
-5.090023 0.004579
-5.081270 0.004645
-5.072518 0.004711
-5.063766 0.004779
-5.055014 0.004849
-5.046262 0.004920
-5.037509 0.004992
-5.028757 0.005067
-5.020005 0.005143
-5.011253 0.005220
-5.002501 0.005300
-4.993748 0.005381
-4.984996 0.005465
-4.976244 0.005550
-4.967492 0.005637
-4.958740 0.005726
-4.949987 0.005818
-4.941235 0.005911
-4.932483 0.006007
-4.923731 0.006106
-4.914979 0.006206
-4.906227 0.006310
-4.897474 0.006415
-4.888722 0.006524
-4.879970 0.006635
-4.871218 0.006750
-4.862466 0.006867
-4.853713 0.006987
-4.844961 0.007111
-4.836209 0.007238
-4.827457 0.007368
-4.818705 0.007502
-4.809952 0.007640
-4.801200 0.007781
-4.792448 0.007927
-4.783696 0.008076
-4.774944 0.008230
-4.766192 0.008388
-4.757439 0.008551
-4.748687 0.008719
-4.739935 0.008892
-4.731183 0.009070
-4.722431 0.009253
-4.713678 0.009442
-4.704926 0.009637
-4.696174 0.009838
-4.687422 0.010045
-4.678670 0.010259
-4.669917 0.010480
-4.661165 0.010708
-4.652413 0.010943
-4.643661 0.011187
-4.634909 0.011438
-4.626157 0.011698
-4.617404 0.011968
-4.608652 0.012246
-4.599900 0.012534
-4.591148 0.012833
-4.582396 0.013142
-4.573643 0.013463
-4.564891 0.013795
-4.556139 0.014140
-4.547387 0.014497
-4.538635 0.014869
-4.529882 0.015254
-4.521130 0.015654
-4.512378 0.016070
-4.503626 0.016503
-4.494874 0.016953
-4.486122 0.017421
-4.477369 0.017908
-4.468617 0.018415
-4.459865 0.018944
-4.451113 0.019494
-4.442361 0.020068
-4.433608 0.020666
-4.424856 0.021291
-4.416104 0.021942
-4.407352 0.022621
-4.398600 0.023331
-4.389847 0.024072
-4.381095 0.024846
-4.372343 0.025654
-4.363591 0.026498
-4.354839 0.027381
-4.346087 0.028303
-4.337334 0.029266
-4.328582 0.030273
-4.319830 0.031325
-4.311078 0.032424
-4.302326 0.033572
-4.293573 0.034770
-4.284821 0.036021
-4.276069 0.037327
-4.267317 0.038689
-4.258565 0.040109
-4.249812 0.041588
-4.241060 0.043129
-4.232308 0.044731
-4.223556 0.046398
-4.214804 0.048129
-4.206052 0.049926
-4.197299 0.051789
-4.188547 0.053718
-4.179795 0.055714
-4.171043 0.057776
-4.162291 0.059903
-4.153538 0.062095
-4.144786 0.064350
-4.136034 0.066667
-4.127282 0.069042
-4.118530 0.071474
-4.109777 0.073959
-4.101025 0.076493
-4.092273 0.079072
-4.083521 0.081691
-4.074769 0.084344
-4.066017 0.087026
-4.057264 0.089730
-4.048512 0.092449
-4.039760 0.095174
-4.031008 0.097899
-4.022256 0.100613
-4.013503 0.103309
-4.004751 0.105974
-3.995999 0.108601
-3.987247 0.111178
-3.978495 0.113693
-3.969742 0.116137
-3.960990 0.118498
-3.952238 0.120763
-3.943486 0.122923
-3.934734 0.124964
-3.925981 0.126878
-3.917229 0.128651
-3.908477 0.130275
-3.899725 0.131739
-3.890973 0.133033
-3.882221 0.134150
-3.873468 0.135082
-3.864716 0.135821
-3.855964 0.136363
-3.847212 0.136703
-3.838460 0.136836
-3.829707 0.136763
-3.820955 0.136480
-3.812203 0.135990
-3.803451 0.135293
-3.794699 0.134394
-3.785946 0.133297
-3.777194 0.132007
-3.768442 0.130531
-3.759690 0.128878
-3.750938 0.127058
-3.742186 0.125079
-3.733433 0.122953
-3.724681 0.120693
-3.715929 0.118310
-3.707177 0.115816
-3.698425 0.113226
-3.689672 0.110553
-3.680920 0.107809
-3.672168 0.105008
-3.663416 0.102163
-3.654664 0.099286
-3.645911 0.096390
-3.637159 0.093487
-3.628407 0.090588
-3.619655 0.087702
-3.610903 0.084840
-3.602151 0.082011
-3.593398 0.079222
-3.584646 0.076480
-3.575894 0.073793
-3.567142 0.071166
-3.558390 0.068602
-3.549637 0.066107
-3.540885 0.063684
-3.532133 0.061334
-3.523381 0.059060
-3.514629 0.056863
-3.505876 0.054743
-3.497124 0.052702
-3.488372 0.050737
-3.479620 0.048849
-3.470868 0.047037
-3.462116 0.045298
-3.453363 0.043632
-3.444611 0.042037
-3.435859 0.040510
-3.427107 0.039050
-3.418355 0.037653
-3.409602 0.036318
-3.400850 0.035043
-3.392098 0.033825
-3.383346 0.032661
-3.374594 0.031549
-3.365841 0.030487
-3.357089 0.029473
-3.348337 0.028504
-3.339585 0.027579
-3.330833 0.026694
-3.322081 0.025849
-3.313328 0.025040
-3.304576 0.024268
-3.295824 0.023528
-3.287072 0.022821
-3.278320 0.022144
-3.269567 0.021496
-3.260815 0.020875
-3.252063 0.020280
-3.243311 0.019710
-3.234559 0.019163
-3.225806 0.018638
-3.217054 0.018135
-3.208302 0.017651
-3.199550 0.017187
-3.190798 0.016741
-3.182046 0.016312
-3.173293 0.015900
-3.164541 0.015504
-3.155789 0.015122
-3.147037 0.014755
-3.138285 0.014401
-3.129532 0.014061
-3.120780 0.013732
-3.112028 0.013416
-3.103276 0.013111
-3.094524 0.012817
-3.085771 0.012533
-3.077019 0.012259
-3.068267 0.011994
-3.059515 0.011739
-3.050763 0.011492
-3.042011 0.011254
-3.033258 0.011023
-3.024506 0.010801
-3.015754 0.010586
-3.007002 0.010378
-2.998250 0.010176
-2.989497 0.009982
-2.980745 0.009793
-2.971993 0.009611
-2.963241 0.009435
-2.954489 0.009264
-2.945736 0.009099
-2.936984 0.008940
-2.928232 0.008785
-2.919480 0.008635
-2.910728 0.008491
-2.901975 0.008350
-2.893223 0.008215
-2.884471 0.008084
-2.875719 0.007957
-2.866967 0.007834
-2.858215 0.007716
-2.849462 0.007601
-2.840710 0.007490
-2.831958 0.007384
-2.823206 0.007280
-2.814454 0.007181
-2.805701 0.007085
-2.796949 0.006993
-2.788197 0.006904
-2.779445 0.006818
-2.770693 0.006736
-2.761940 0.006657
-2.753188 0.006582
-2.744436 0.006509
-2.735684 0.006440
-2.726932 0.006374
-2.718180 0.006312
-2.709427 0.006252
-2.700675 0.006196
-2.691923 0.006143
-2.683171 0.006093
-2.674419 0.006046
-2.665666 0.006002
-2.656914 0.005961
-2.648162 0.005924
-2.639410 0.005889
-2.630658 0.005857
-2.621905 0.005829
-2.613153 0.005803
-2.604401 0.005780
-2.595649 0.005760
-2.586897 0.005743
-2.578145 0.005729
-2.569392 0.005717
-2.560640 0.005708
-2.551888 0.005700
-2.543136 0.005696
-2.534384 0.005693
-2.525631 0.005692
-2.516879 0.005693
-2.508127 0.005695
-2.499375 0.005699
-2.490623 0.005703
-2.481870 0.005709
-2.473118 0.005715
-2.464366 0.005721
-2.455614 0.005726
-2.446862 0.005732
-2.438110 0.005736
-2.429357 0.005740
-2.420605 0.005742
-2.411853 0.005742
-2.403101 0.005741
-2.394349 0.005737
-2.385596 0.005731
-2.376844 0.005722
-2.368092 0.005710
-2.359340 0.005695
-2.350588 0.005676
-2.341835 0.005654
-2.333083 0.005629
-2.324331 0.005600
-2.315579 0.005568
-2.306827 0.005532
-2.298075 0.005492
-2.289322 0.005450
-2.280570 0.005404
-2.271818 0.005355
-2.263066 0.005303
-2.254314 0.005249
-2.245561 0.005193
-2.236809 0.005134
-2.228057 0.005074
-2.219305 0.005012
-2.210553 0.004950
-2.201800 0.004886
-2.193048 0.004822
-2.184296 0.004758
-2.175544 0.004694
-2.166792 0.004630
-2.158040 0.004567
-2.149287 0.004505
-2.140535 0.004445
-2.131783 0.004385
-2.123031 0.004328
-2.114279 0.004272
-2.105526 0.004218
-2.096774 0.004166
-2.088022 0.004117
-2.079270 0.004070
-2.070518 0.004025
-2.061765 0.003983
-2.053013 0.003943
-2.044261 0.003905
-2.035509 0.003871
-2.026757 0.003838
-2.018005 0.003808
-2.009252 0.003781
-2.000500 0.003755
-1.991748 0.003732
-1.982996 0.003711
-1.974244 0.003692
-1.965491 0.003674
-1.956739 0.003658
-1.947987 0.003644
-1.939235 0.003631
-1.930483 0.003619
-1.921730 0.003608
-1.912978 0.003598
-1.904226 0.003588
-1.895474 0.003579
-1.886722 0.003570
-1.877969 0.003561
-1.869217 0.003552
-1.860465 0.003542
-1.851713 0.003533
-1.842961 0.003522
-1.834209 0.003511
-1.825456 0.003499
-1.816704 0.003486
-1.807952 0.003472
-1.799200 0.003457
-1.790448 0.003441
-1.781695 0.003423
-1.772943 0.003405
-1.764191 0.003386
-1.755439 0.003365
-1.746687 0.003343
-1.737934 0.003321
-1.729182 0.003298
-1.720430 0.003274
-1.711678 0.003249
-1.702926 0.003224
-1.694174 0.003198
-1.685421 0.003172
-1.676669 0.003146
-1.667917 0.003120
-1.659165 0.003094
-1.650413 0.003068
-1.641660 0.003042
-1.632908 0.003017
-1.624156 0.002992
-1.615404 0.002968
-1.606652 0.002944
-1.597899 0.002921
-1.589147 0.002898
-1.580395 0.002876
-1.571643 0.002855
-1.562891 0.002834
-1.554139 0.002814
-1.545386 0.002794
-1.536634 0.002775
-1.527882 0.002756
-1.519130 0.002738
-1.510378 0.002719
-1.501625 0.002701
-1.492873 0.002683
-1.484121 0.002665
-1.475369 0.002647
-1.466617 0.002629
-1.457864 0.002611
-1.449112 0.002592
-1.440360 0.002573
-1.431608 0.002554
-1.422856 0.002534
-1.414104 0.002513
-1.405351 0.002493
-1.396599 0.002471
-1.387847 0.002450
-1.379095 0.002427
-1.370343 0.002405
-1.361590 0.002382
-1.352838 0.002358
-1.344086 0.002335
-1.335334 0.002311
-1.326582 0.002286
-1.317829 0.002262
-1.309077 0.002238
-1.300325 0.002214
-1.291573 0.002190
-1.282821 0.002166
-1.274069 0.002142
-1.265316 0.002119
-1.256564 0.002096
-1.247812 0.002074
-1.239060 0.002052
-1.230308 0.002031
-1.221555 0.002010
-1.212803 0.001990
-1.204051 0.001971
-1.195299 0.001953
-1.186547 0.001936
-1.177794 0.001920
-1.169042 0.001904
-1.160290 0.001890
-1.151538 0.001877
-1.142786 0.001864
-1.134034 0.001853
-1.125281 0.001843
-1.116529 0.001834
-1.107777 0.001826
-1.099025 0.001819
-1.090273 0.001813
-1.081520 0.001809
-1.072768 0.001805
-1.064016 0.001803
-1.055264 0.001802
-1.046512 0.001802
-1.037759 0.001804
-1.029007 0.001807
-1.020255 0.001811
-1.011503 0.001816
-1.002751 0.001823
-0.993998 0.001831
-0.985246 0.001841
-0.976494 0.001852
-0.967742 0.001864
-0.958990 0.001878
-0.950238 0.001894
-0.941485 0.001911
-0.932733 0.001930
-0.923981 0.001951
-0.915229 0.001973
-0.906477 0.001997
-0.897724 0.002024
-0.888972 0.002052
-0.880220 0.002082
-0.871468 0.002114
-0.862716 0.002148
-0.853963 0.002184
-0.845211 0.002222
-0.836459 0.002262
-0.827707 0.002304
-0.818955 0.002349
-0.810203 0.002395
-0.801450 0.002444
-0.792698 0.002494
-0.783946 0.002546
-0.775194 0.002600
-0.766442 0.002656
-0.757689 0.002713
-0.748937 0.002772
-0.740185 0.002831
-0.731433 0.002892
-0.722681 0.002953
-0.713928 0.003015
-0.705176 0.003076
-0.696424 0.003138
-0.687672 0.003198
-0.678920 0.003258
-0.670168 0.003317
-0.661415 0.003374
-0.652663 0.003429
-0.643911 0.003481
-0.635159 0.003531
-0.626407 0.003578
-0.617654 0.003621
-0.608902 0.003660
-0.600150 0.003695
-0.591398 0.003725
-0.582646 0.003750
-0.573893 0.003771
-0.565141 0.003786
-0.556389 0.003796
-0.547637 0.003801
-0.538885 0.003800
-0.530133 0.003794
-0.521380 0.003782
-0.512628 0.003765
-0.503876 0.003742
-0.495124 0.003715
-0.486372 0.003683
-0.477619 0.003647
-0.468867 0.003606
-0.460115 0.003561
-0.451363 0.003513
-0.442611 0.003462
-0.433858 0.003408
-0.425106 0.003351
-0.416354 0.003293
-0.407602 0.003233
-0.398850 0.003171
-0.390098 0.003109
-0.381345 0.003046
-0.372593 0.002983
-0.363841 0.002920
-0.355089 0.002858
-0.346337 0.002796
-0.337584 0.002735
-0.328832 0.002675
-0.320080 0.002617
-0.311328 0.002559
-0.302576 0.002504
-0.293823 0.002449
-0.285071 0.002397
-0.276319 0.002346
-0.267567 0.002296
-0.258815 0.002249
-0.250063 0.002203
-0.241310 0.002159
-0.232558 0.002116
-0.223806 0.002074
-0.215054 0.002035
-0.206302 0.001996
-0.197549 0.001959
-0.188797 0.001922
-0.180045 0.001887
-0.171293 0.001853
-0.162541 0.001820
-0.153788 0.001787
-0.145036 0.001756
-0.136284 0.001725
-0.127532 0.001694
-0.118780 0.001665
-0.110028 0.001635
-0.101275 0.001606
-0.092523 0.001578
-0.083771 0.001550
-0.075019 0.001522
-0.066267 0.001494
-0.057514 0.001467
-0.048762 0.001440
-0.040010 0.001414
-0.031258 0.001388
-0.022506 0.001362
-0.013753 0.001337
-0.005001 0.001312
0.003751 0.001287
0.012503 0.001263
0.021255 0.001240
0.030008 0.001216
0.038760 0.001194
0.047512 0.001171
0.056264 0.001149
0.065016 0.001128
0.073768 0.001107
0.082521 0.001087
0.091273 0.001067
0.100025 0.001048
0.108777 0.001030
0.117529 0.001012
0.126282 0.000994
0.135034 0.000977
0.143786 0.000960
0.152538 0.000944
0.161290 0.000929
0.170043 0.000914
0.178795 0.000899
0.187547 0.000885
0.196299 0.000872
0.205051 0.000859
0.213803 0.000846
0.222556 0.000834
0.231308 0.000822
0.240060 0.000810
0.248812 0.000799
0.257564 0.000789
0.266317 0.000778
0.275069 0.000768
0.283821 0.000758
0.292573 0.000749
0.301325 0.000740
0.310078 0.000731
0.318830 0.000722
0.327582 0.000714
0.336334 0.000706
0.345086 0.000698
0.353838 0.000690
0.362591 0.000683
0.371343 0.000676
0.380095 0.000669
0.388847 0.000662
0.397599 0.000655
0.406352 0.000649
0.415104 0.000642
0.423856 0.000636
0.432608 0.000630
0.441360 0.000624
0.450113 0.000619
0.458865 0.000613
0.467617 0.000608
0.476369 0.000602
0.485121 0.000597
0.493873 0.000592
0.502626 0.000587
0.511378 0.000582
0.520130 0.000577
0.528882 0.000573
0.537634 0.000568
0.546387 0.000564
0.555139 0.000559
0.563891 0.000555
0.572643 0.000551
0.581395 0.000547
0.590148 0.000543
0.598900 0.000539
0.607652 0.000535
0.616404 0.000531
0.625156 0.000527
0.633908 0.000524
0.642661 0.000520
0.651413 0.000516
0.660165 0.000513
0.668917 0.000509
0.677669 0.000506
0.686422 0.000503
0.695174 0.000499
0.703926 0.000496
0.712678 0.000493
0.721430 0.000490
0.730183 0.000487
0.738935 0.000484
0.747687 0.000481
0.756439 0.000478
0.765191 0.000475
0.773943 0.000472
0.782696 0.000470
0.791448 0.000467
0.800200 0.000464
0.808952 0.000461
0.817704 0.000459
0.826457 0.000456
0.835209 0.000454
0.843961 0.000451
0.852713 0.000449
0.861465 0.000446
0.870218 0.000444
0.878970 0.000441
0.887722 0.000439
0.896474 0.000437
0.905226 0.000434
0.913978 0.000432
0.922731 0.000430
0.931483 0.000428
0.940235 0.000426
0.948987 0.000423
0.957739 0.000421
0.966492 0.000419
0.975244 0.000417
0.983996 0.000415
0.992748 0.000413
1.001500 0.000411
1.010253 0.000409
1.019005 0.000407
1.027757 0.000405
1.036509 0.000403
1.045261 0.000401
1.054014 0.000400
1.062766 0.000398
1.071518 0.000396
1.080270 0.000394
1.089022 0.000392
1.097774 0.000391
1.106527 0.000389
1.115279 0.000387
1.124031 0.000386
1.132783 0.000384
1.141535 0.000382
1.150288 0.000381
1.159040 0.000379
1.167792 0.000377
1.176544 0.000376
1.185296 0.000374
1.194049 0.000373
1.202801 0.000371
1.211553 0.000370
1.220305 0.000368
1.229057 0.000367
1.237809 0.000365
1.246562 0.000364
1.255314 0.000362
1.264066 0.000361
1.272818 0.000360
1.281570 0.000358
1.290323 0.000357
1.299075 0.000356
1.307827 0.000354
1.316579 0.000353
1.325331 0.000352
1.334084 0.000350
1.342836 0.000349
1.351588 0.000348
1.360340 0.000346
1.369092 0.000345
1.377844 0.000344
1.386597 0.000343
1.395349 0.000342
1.404101 0.000340
1.412853 0.000339
1.421605 0.000338
1.430358 0.000337
1.439110 0.000336
1.447862 0.000335
1.456614 0.000334
1.465366 0.000333
1.474119 0.000331
1.482871 0.000330
1.491623 0.000329
1.500375 0.000328
1.509127 0.000327
1.517879 0.000326
1.526632 0.000325
1.535384 0.000324
1.544136 0.000323
1.552888 0.000322
1.561640 0.000321
1.570393 0.000321
1.579145 0.000320
1.587897 0.000319
1.596649 0.000318
1.605401 0.000317
1.614154 0.000316
1.622906 0.000315
1.631658 0.000314
1.640410 0.000313
1.649162 0.000313
1.657914 0.000312
1.666667 0.000311
1.675419 0.000310
1.684171 0.000309
1.692923 0.000309
1.701675 0.000308
1.710428 0.000307
1.719180 0.000307
1.727932 0.000306
1.736684 0.000305
1.745436 0.000304
1.754189 0.000304
1.762941 0.000303
1.771693 0.000302
1.780445 0.000302
1.789197 0.000301
1.797949 0.000301
1.806702 0.000300
1.815454 0.000299
1.824206 0.000299
1.832958 0.000298
1.841710 0.000298
1.850463 0.000297
1.859215 0.000297
1.867967 0.000296
1.876719 0.000296
1.885471 0.000295
1.894224 0.000295
1.902976 0.000294
1.911728 0.000294
1.920480 0.000294
1.929232 0.000293
1.937984 0.000293
1.946737 0.000293
1.955489 0.000292
1.964241 0.000292
1.972993 0.000292
1.981745 0.000291
1.990498 0.000291
1.999250 0.000291
2.008002 0.000291
2.016754 0.000290
2.025506 0.000290
2.034259 0.000290
2.043011 0.000290
2.051763 0.000290
2.060515 0.000290
2.069267 0.000290
2.078020 0.000290
2.086772 0.000289
2.095524 0.000289
2.104276 0.000289
2.113028 0.000290
2.121780 0.000290
2.130533 0.000290
2.139285 0.000290
2.148037 0.000290
2.156789 0.000290
2.165541 0.000290
2.174294 0.000291
2.183046 0.000291
2.191798 0.000291
2.200550 0.000292
2.209302 0.000292
2.218055 0.000292
2.226807 0.000293
2.235559 0.000293
2.244311 0.000294
2.253063 0.000294
2.261815 0.000295
2.270568 0.000296
2.279320 0.000297
2.288072 0.000297
2.296824 0.000298
2.305576 0.000299
2.314329 0.000300
2.323081 0.000301
2.331833 0.000302
2.340585 0.000303
2.349337 0.000304
2.358090 0.000306
2.366842 0.000307
2.375594 0.000308
2.384346 0.000310
2.393098 0.000311
2.401850 0.000313
2.410603 0.000315
2.419355 0.000316
2.428107 0.000318
2.436859 0.000320
2.445611 0.000322
2.454364 0.000325
2.463116 0.000327
2.471868 0.000329
2.480620 0.000332
2.489372 0.000335
2.498125 0.000337
2.506877 0.000340
2.515629 0.000343
2.524381 0.000347
2.533133 0.000350
2.541885 0.000354
2.550638 0.000357
2.559390 0.000361
2.568142 0.000365
2.576894 0.000369
2.585646 0.000374
2.594399 0.000378
2.603151 0.000383
2.611903 0.000388
2.620655 0.000393
2.629407 0.000398
2.638160 0.000404
2.646912 0.000409
2.655664 0.000415
2.664416 0.000421
2.673168 0.000428
2.681920 0.000434
2.690673 0.000441
2.699425 0.000448
2.708177 0.000455
2.716929 0.000463
2.725681 0.000470
2.734434 0.000479
2.743186 0.000487
2.751938 0.000495
2.760690 0.000504
2.769442 0.000514
2.778195 0.000523
2.786947 0.000533
2.795699 0.000543
2.804451 0.000554
2.813203 0.000565
2.821955 0.000577
2.830708 0.000589
2.839460 0.000601
2.848212 0.000614
2.856964 0.000627
2.865716 0.000641
2.874469 0.000656
2.883221 0.000671
2.891973 0.000686
2.900725 0.000702
2.909477 0.000719
2.918230 0.000736
2.926982 0.000754
2.935734 0.000772
2.944486 0.000791
2.953238 0.000811
2.961990 0.000830
2.970743 0.000851
2.979495 0.000871
2.988247 0.000892
2.996999 0.000913
3.005751 0.000934
3.014504 0.000955
3.023256 0.000976
3.032008 0.000997
3.040760 0.001018
3.049512 0.001039
3.058265 0.001058
3.067017 0.001078
3.075769 0.001096
3.084521 0.001114
3.093273 0.001130
3.102026 0.001146
3.110778 0.001160
3.119530 0.001173
3.128282 0.001185
3.137034 0.001194
3.145786 0.001203
3.154539 0.001209
3.163291 0.001214
3.172043 0.001217
3.180795 0.001218
3.189547 0.001217
3.198300 0.001214
3.207052 0.001209
3.215804 0.001203
3.224556 0.001195
3.233308 0.001185
3.242061 0.001173
3.250813 0.001160
3.259565 0.001145
3.268317 0.001128
3.277069 0.001111
3.285821 0.001092
3.294574 0.001073
3.303326 0.001052
3.312078 0.001031
3.320830 0.001008
3.329582 0.000986
3.338335 0.000963
3.347087 0.000939
3.355839 0.000916
3.364591 0.000892
3.373343 0.000869
3.382096 0.000845
3.390848 0.000822
3.399600 0.000799
3.408352 0.000776
3.417104 0.000754
3.425856 0.000732
3.434609 0.000711
3.443361 0.000690
3.452113 0.000670
3.460865 0.000651
3.469617 0.000632
3.478370 0.000613
3.487122 0.000596
3.495874 0.000579
3.504626 0.000562
3.513378 0.000547
3.522131 0.000532
3.530883 0.000517
3.539635 0.000503
3.548387 0.000490
3.557139 0.000477
3.565891 0.000465
3.574644 0.000453
3.583396 0.000442
3.592148 0.000431
3.600900 0.000421
3.609652 0.000411
3.618405 0.000402
3.627157 0.000393
3.635909 0.000385
3.644661 0.000376
3.653413 0.000369
3.662166 0.000361
3.670918 0.000354
3.679670 0.000347
3.688422 0.000341
3.697174 0.000334
3.705926 0.000328
3.714679 0.000322
3.723431 0.000317
3.732183 0.000312
3.740935 0.000306
3.749687 0.000302
3.758440 0.000297
3.767192 0.000292
3.775944 0.000288
3.784696 0.000284
3.793448 0.000280
3.802201 0.000276
3.810953 0.000272
3.819705 0.000268
3.828457 0.000265
3.837209 0.000262
3.845961 0.000258
3.854714 0.000255
3.863466 0.000252
3.872218 0.000249
3.880970 0.000246
3.889722 0.000244
3.898475 0.000241
3.907227 0.000238
3.915979 0.000236
3.924731 0.000233
3.933483 0.000231
3.942236 0.000229
3.950988 0.000227
3.959740 0.000224
3.968492 0.000222
3.977244 0.000220
3.985996 0.000218
3.994749 0.000216
4.003501 0.000215
4.012253 0.000213
4.021005 0.000211
4.029757 0.000209
4.038510 0.000208
4.047262 0.000206
4.056014 0.000204
4.064766 0.000203
4.073518 0.000201
4.082271 0.000200
4.091023 0.000198
4.099775 0.000197
4.108527 0.000196
4.117279 0.000194
4.126032 0.000193
4.134784 0.000192
4.143536 0.000190
4.152288 0.000189
4.161040 0.000188
4.169792 0.000187
4.178545 0.000186
4.187297 0.000184
4.196049 0.000183
4.204801 0.000182
4.213553 0.000181
4.222306 0.000180
4.231058 0.000179
4.239810 0.000178
4.248562 0.000177
4.257314 0.000176
4.266067 0.000175
4.274819 0.000174
4.283571 0.000173
4.292323 0.000172
4.301075 0.000172
4.309827 0.000171
4.318580 0.000170
4.327332 0.000169
4.336084 0.000168
4.344836 0.000167
4.353588 0.000167
4.362341 0.000166
4.371093 0.000165
4.379845 0.000164
4.388597 0.000164
4.397349 0.000163
4.406102 0.000162
4.414854 0.000161
4.423606 0.000161
4.432358 0.000160
4.441110 0.000159
4.449862 0.000159
4.458615 0.000158
4.467367 0.000157
4.476119 0.000157
4.484871 0.000156
4.493623 0.000156
4.502376 0.000155
4.511128 0.000154
4.519880 0.000154
4.528632 0.000153
4.537384 0.000153
4.546137 0.000152
4.554889 0.000151
4.563641 0.000151
4.572393 0.000150
4.581145 0.000150
4.589897 0.000149
4.598650 0.000149
4.607402 0.000148
4.616154 0.000148
4.624906 0.000147
4.633658 0.000147
4.642411 0.000146
4.651163 0.000146
4.659915 0.000145
4.668667 0.000145
4.677419 0.000144
4.686172 0.000144
4.694924 0.000143
4.703676 0.000143
4.712428 0.000143
4.721180 0.000142
4.729932 0.000142
4.738685 0.000141
4.747437 0.000141
4.756189 0.000140
4.764941 0.000140
4.773693 0.000140
4.782446 0.000139
4.791198 0.000139
4.799950 0.000138
4.808702 0.000138
4.817454 0.000138
4.826207 0.000137
4.834959 0.000137
4.843711 0.000136
4.852463 0.000136
4.861215 0.000136
4.869967 0.000135
4.878720 0.000135
4.887472 0.000134
4.896224 0.000134
4.904976 0.000134
4.913728 0.000133
4.922481 0.000133
4.931233 0.000133
4.939985 0.000132
4.948737 0.000132
4.957489 0.000132
4.966242 0.000131
4.974994 0.000131
4.983746 0.000131
4.992498 0.000130
5.001250 0.000130
5.010003 0.000130
5.018755 0.000129
5.027507 0.000129
5.036259 0.000129
5.045011 0.000129
5.053763 0.000128
5.062516 0.000128
5.071268 0.000128
5.080020 0.000127
5.088772 0.000127
5.097524 0.000127
5.106277 0.000126
5.115029 0.000126
5.123781 0.000126
5.132533 0.000126
5.141285 0.000125
5.150038 0.000125
5.158790 0.000125
5.167542 0.000124
5.176294 0.000124
5.185046 0.000124
5.193798 0.000124
5.202551 0.000123
5.211303 0.000123
5.220055 0.000123
5.228807 0.000123
5.237559 0.000122
5.246312 0.000122
5.255064 0.000122
5.263816 0.000122
5.272568 0.000121
5.281320 0.000121
5.290073 0.000121
5.298825 0.000121
5.307577 0.000120
5.316329 0.000120
5.325081 0.000120
5.333833 0.000120
5.342586 0.000119
5.351338 0.000119
5.360090 0.000119
5.368842 0.000119
5.377594 0.000119
5.386347 0.000118
5.395099 0.000118
5.403851 0.000118
5.412603 0.000118
5.421355 0.000117
5.430108 0.000117
5.438860 0.000117
5.447612 0.000117
5.456364 0.000117
5.465116 0.000116
5.473868 0.000116
5.482621 0.000116
5.491373 0.000116
5.500125 0.000116
5.508877 0.000115
5.517629 0.000115
5.526382 0.000115
5.535134 0.000115
5.543886 0.000115
5.552638 0.000114
5.561390 0.000114
5.570143 0.000114
5.578895 0.000114
5.587647 0.000114
5.596399 0.000113
5.605151 0.000113
5.613903 0.000113
5.622656 0.000113
5.631408 0.000113
5.640160 0.000112
5.648912 0.000112
5.657664 0.000112
5.666417 0.000112
5.675169 0.000112
5.683921 0.000112
5.692673 0.000111
5.701425 0.000111
5.710178 0.000111
5.718930 0.000111
5.727682 0.000111
5.736434 0.000110
5.745186 0.000110
5.753938 0.000110
5.762691 0.000110
5.771443 0.000110
5.780195 0.000110
5.788947 0.000109
5.797699 0.000109
5.806452 0.000109
5.815204 0.000109
5.823956 0.000109
5.832708 0.000109
5.841460 0.000109
5.850213 0.000108
5.858965 0.000108
5.867717 0.000108
5.876469 0.000108
5.885221 0.000108
5.893973 0.000108
5.902726 0.000107
5.911478 0.000107
5.920230 0.000107
5.928982 0.000107
5.937734 0.000107
5.946487 0.000107
5.955239 0.000107
5.963991 0.000106
5.972743 0.000106
5.981495 0.000106
5.990248 0.000106
5.999000 0.000106
6.007752 0.000106
6.016504 0.000106
6.025256 0.000105
6.034009 0.000105
6.042761 0.000105
6.051513 0.000105
6.060265 0.000105
6.069017 0.000105
6.077769 0.000105
6.086522 0.000105
6.095274 0.000104
6.104026 0.000104
6.112778 0.000104
6.121530 0.000104
6.130283 0.000104
6.139035 0.000104
6.147787 0.000104
6.156539 0.000104
6.165291 0.000103
6.174044 0.000103
6.182796 0.000103
6.191548 0.000103
6.200300 0.000103
6.209052 0.000103
6.217804 0.000103
6.226557 0.000103
6.235309 0.000102
6.244061 0.000102
6.252813 0.000102
6.261565 0.000102
6.270318 0.000102
6.279070 0.000102
6.287822 0.000102
6.296574 0.000102
6.305326 0.000102
6.314079 0.000101
6.322831 0.000101
6.331583 0.000101
6.340335 0.000101
6.349087 0.000101
6.357839 0.000101
6.366592 0.000101
6.375344 0.000101
6.384096 0.000101
6.392848 0.000100
6.401600 0.000100
6.410353 0.000100
6.419105 0.000100
6.427857 0.000100
6.436609 0.000100
6.445361 0.000100
6.454114 0.000100
6.462866 0.000100
6.471618 0.000100
6.480370 0.000100
6.489122 0.000099
6.497874 0.000099
6.506627 0.000099
6.515379 0.000099
6.524131 0.000099
6.532883 0.000099
6.541635 0.000099
6.550388 0.000099
6.559140 0.000099
6.567892 0.000099
6.576644 0.000099
6.585396 0.000098
6.594149 0.000098
6.602901 0.000098
6.611653 0.000098
6.620405 0.000098
6.629157 0.000098
6.637909 0.000098
6.646662 0.000098
6.655414 0.000098
6.664166 0.000098
6.672918 0.000098
6.681670 0.000098
6.690423 0.000098
6.699175 0.000097
6.707927 0.000097
6.716679 0.000097
6.725431 0.000097
6.734184 0.000097
6.742936 0.000097
6.751688 0.000097
6.760440 0.000097
6.769192 0.000097
6.777944 0.000097
6.786697 0.000097
6.795449 0.000097
6.804201 0.000097
6.812953 0.000097
6.821705 0.000096
6.830458 0.000096
6.839210 0.000096
6.847962 0.000096
6.856714 0.000096
6.865466 0.000096
6.874219 0.000096
6.882971 0.000096
6.891723 0.000096
6.900475 0.000096
6.909227 0.000096
6.917979 0.000096
6.926732 0.000096
6.935484 0.000096
6.944236 0.000096
6.952988 0.000096
6.961740 0.000095
6.970493 0.000095
6.979245 0.000095
6.987997 0.000095
6.996749 0.000095
7.005501 0.000095
7.014254 0.000095
7.023006 0.000095
7.031758 0.000095
7.040510 0.000095
7.049262 0.000095
7.058015 0.000095
7.066767 0.000095
7.075519 0.000095
7.084271 0.000095
7.093023 0.000095
7.101775 0.000095
7.110528 0.000095
7.119280 0.000095
7.128032 0.000095
7.136784 0.000095
7.145536 0.000094
7.154289 0.000094
7.163041 0.000094
7.171793 0.000094
7.180545 0.000094
7.189297 0.000094
7.198050 0.000094
7.206802 0.000094
7.215554 0.000094
7.224306 0.000094
7.233058 0.000094
7.241810 0.000094
7.250563 0.000094
7.259315 0.000094
7.268067 0.000094
7.276819 0.000094
7.285571 0.000094
7.294324 0.000094
7.303076 0.000094
7.311828 0.000094
7.320580 0.000094
7.329332 0.000094
7.338085 0.000094
7.346837 0.000094
7.355589 0.000094
7.364341 0.000094
7.373093 0.000094
7.381845 0.000094
7.390598 0.000094
7.399350 0.000094
7.408102 0.000094
7.416854 0.000094
7.425606 0.000094
7.434359 0.000093
7.443111 0.000093
7.451863 0.000093
7.460615 0.000093
7.469367 0.000093
7.478120 0.000093
7.486872 0.000093
7.495624 0.000093
7.504376 0.000093
7.513128 0.000093
7.521880 0.000093
7.530633 0.000093
7.539385 0.000093
7.548137 0.000093
7.556889 0.000093
7.565641 0.000093
7.574394 0.000093
7.583146 0.000093
7.591898 0.000093
7.600650 0.000093
7.609402 0.000093
7.618155 0.000093
7.626907 0.000093
7.635659 0.000093
7.644411 0.000093
7.653163 0.000093
7.661915 0.000093
7.670668 0.000093
7.679420 0.000093
7.688172 0.000093
7.696924 0.000093
7.705676 0.000093
7.714429 0.000093
7.723181 0.000093
7.731933 0.000093
7.740685 0.000093
7.749437 0.000093
7.758190 0.000093
7.766942 0.000093
7.775694 0.000093
7.784446 0.000093
7.793198 0.000093
7.801950 0.000093
7.810703 0.000093
7.819455 0.000093
7.828207 0.000093
7.836959 0.000093
7.845711 0.000093
7.854464 0.000093
7.863216 0.000093
7.871968 0.000093
7.880720 0.000093
7.889472 0.000093
7.898225 0.000093
7.906977 0.000094
7.915729 0.000094
7.924481 0.000094
7.933233 0.000094
7.941985 0.000094
7.950738 0.000094
7.959490 0.000094
7.968242 0.000094
7.976994 0.000094
7.985746 0.000094
7.994499 0.000094
8.003251 0.000094
8.012003 0.000094
8.020755 0.000094
8.029507 0.000094
8.038260 0.000094
8.047012 0.000094
8.055764 0.000094
8.064516 0.000094
8.073268 0.000094
8.082021 0.000094
8.090773 0.000094
8.099525 0.000094
8.108277 0.000094
8.117029 0.000094
8.125781 0.000094
8.134534 0.000094
8.143286 0.000094
8.152038 0.000094
8.160790 0.000094
8.169542 0.000094
8.178295 0.000095
8.187047 0.000095
8.195799 0.000095
8.204551 0.000095
8.213303 0.000095
8.222056 0.000095
8.230808 0.000095
8.239560 0.000095
8.248312 0.000095
8.257064 0.000095
8.265816 0.000095
8.274569 0.000095
8.283321 0.000095
8.292073 0.000095
8.300825 0.000095
8.309577 0.000095
8.318330 0.000095
8.327082 0.000095
8.335834 0.000095
8.344586 0.000096
8.353338 0.000096
8.362091 0.000096
8.370843 0.000096
8.379595 0.000096
8.388347 0.000096
8.397099 0.000096
8.405851 0.000096
8.414604 0.000096
8.423356 0.000096
8.432108 0.000096
8.440860 0.000096
8.449612 0.000096
8.458365 0.000096
8.467117 0.000096
8.475869 0.000097
8.484621 0.000097
8.493373 0.000097
8.502126 0.000097
8.510878 0.000097
8.519630 0.000097
8.528382 0.000097
8.537134 0.000097
8.545886 0.000097
8.554639 0.000097
8.563391 0.000097
8.572143 0.000097
8.580895 0.000098
8.589647 0.000098
8.598400 0.000098
8.607152 0.000098
8.615904 0.000098
8.624656 0.000098
8.633408 0.000098
8.642161 0.000098
8.650913 0.000098
8.659665 0.000098
8.668417 0.000098
8.677169 0.000099
8.685921 0.000099
8.694674 0.000099
8.703426 0.000099
8.712178 0.000099
8.720930 0.000099
8.729682 0.000099
8.738435 0.000099
8.747187 0.000099
8.755939 0.000100
8.764691 0.000100
8.773443 0.000100
8.782196 0.000100
8.790948 0.000100
8.799700 0.000100
8.808452 0.000100
8.817204 0.000100
8.825956 0.000100
8.834709 0.000101
8.843461 0.000101
8.852213 0.000101
8.860965 0.000101
8.869717 0.000101
8.878470 0.000101
8.887222 0.000101
8.895974 0.000101
8.904726 0.000102
8.913478 0.000102
8.922231 0.000102
8.930983 0.000102
8.939735 0.000102
8.948487 0.000102
8.957239 0.000102
8.965991 0.000103
8.974744 0.000103
8.983496 0.000103
8.992248 0.000103
9.001000 0.000103
9.009752 0.000103
9.018505 0.000103
9.027257 0.000104
9.036009 0.000104
9.044761 0.000104
9.053513 0.000104
9.062266 0.000104
9.071018 0.000104
9.079770 0.000104
9.088522 0.000105
9.097274 0.000105
9.106027 0.000105
9.114779 0.000105
9.123531 0.000105
9.132283 0.000105
9.141035 0.000106
9.149787 0.000106
9.158540 0.000106
9.167292 0.000106
9.176044 0.000106
9.184796 0.000106
9.193548 0.000107
9.202301 0.000107
9.211053 0.000107
9.219805 0.000107
9.228557 0.000107
9.237309 0.000108
9.246062 0.000108
9.254814 0.000108
9.263566 0.000108
9.272318 0.000108
9.281070 0.000109
9.289822 0.000109
9.298575 0.000109
9.307327 0.000109
9.316079 0.000109
9.324831 0.000110
9.333583 0.000110
9.342336 0.000110
9.351088 0.000110
9.359840 0.000110
9.368592 0.000111
9.377344 0.000111
9.386097 0.000111
9.394849 0.000111
9.403601 0.000111
9.412353 0.000112
9.421105 0.000112
9.429857 0.000112
9.438610 0.000112
9.447362 0.000113
9.456114 0.000113
9.464866 0.000113
9.473618 0.000113
9.482371 0.000114
9.491123 0.000114
9.499875 0.000114
9.508627 0.000114
9.517379 0.000115
9.526132 0.000115
9.534884 0.000115
9.543636 0.000115
9.552388 0.000116
9.561140 0.000116
9.569892 0.000116
9.578645 0.000116
9.587397 0.000117
9.596149 0.000117
9.604901 0.000117
9.613653 0.000117
9.622406 0.000118
9.631158 0.000118
9.639910 0.000118
9.648662 0.000118
9.657414 0.000119
9.666167 0.000119
9.674919 0.000119
9.683671 0.000120
9.692423 0.000120
9.701175 0.000120
9.709927 0.000121
9.718680 0.000121
9.727432 0.000121
9.736184 0.000121
9.744936 0.000122
9.753688 0.000122
9.762441 0.000122
9.771193 0.000123
9.779945 0.000123
9.788697 0.000123
9.797449 0.000124
9.806202 0.000124
9.814954 0.000124
9.823706 0.000125
9.832458 0.000125
9.841210 0.000125
9.849962 0.000126
9.858715 0.000126
9.867467 0.000126
9.876219 0.000127
9.884971 0.000127
9.893723 0.000127
9.902476 0.000128
9.911228 0.000128
9.919980 0.000129
9.928732 0.000129
9.937484 0.000129
9.946237 0.000130
9.954989 0.000130
9.963741 0.000130
9.972493 0.000131
9.981245 0.000131
9.989997 0.000132
9.998750 0.000132
10.007502 0.000132
10.016254 0.000133
10.025006 0.000133
10.033758 0.000134
10.042511 0.000134
10.051263 0.000134
10.060015 0.000135
10.068767 0.000135
10.077519 0.000136
10.086272 0.000136
10.095024 0.000137
10.103776 0.000137
10.112528 0.000137
10.121280 0.000138
10.130033 0.000138
10.138785 0.000139
10.147537 0.000139
10.156289 0.000140
10.165041 0.000140
10.173793 0.000141
10.182546 0.000141
10.191298 0.000142
10.200050 0.000142
10.208802 0.000143
10.217554 0.000143
10.226307 0.000144
10.235059 0.000144
10.243811 0.000145
10.252563 0.000145
10.261315 0.000146
10.270068 0.000146
10.278820 0.000147
10.287572 0.000147
10.296324 0.000148
10.305076 0.000148
10.313828 0.000149
10.322581 0.000149
10.331333 0.000150
10.340085 0.000151
10.348837 0.000151
10.357589 0.000152
10.366342 0.000152
10.375094 0.000153
10.383846 0.000153
10.392598 0.000154
10.401350 0.000155
10.410103 0.000155
10.418855 0.000156
10.427607 0.000157
10.436359 0.000157
10.445111 0.000158
10.453863 0.000158
10.462616 0.000159
10.471368 0.000160
10.480120 0.000160
10.488872 0.000161
10.497624 0.000162
10.506377 0.000162
10.515129 0.000163
10.523881 0.000164
10.532633 0.000164
10.541385 0.000165
10.550138 0.000166
10.558890 0.000167
10.567642 0.000167
10.576394 0.000168
10.585146 0.000169
10.593898 0.000169
10.602651 0.000170
10.611403 0.000171
10.620155 0.000172
10.628907 0.000172
10.637659 0.000173
10.646412 0.000174
10.655164 0.000175
10.663916 0.000176
10.672668 0.000176
10.681420 0.000177
10.690173 0.000178
10.698925 0.000179
10.707677 0.000180
10.716429 0.000181
10.725181 0.000181
10.733933 0.000182
10.742686 0.000183
10.751438 0.000184
10.760190 0.000185
10.768942 0.000186
10.777694 0.000187
10.786447 0.000188
10.795199 0.000189
10.803951 0.000190
10.812703 0.000190
10.821455 0.000191
10.830208 0.000192
10.838960 0.000193
10.847712 0.000194
10.856464 0.000195
10.865216 0.000196
10.873968 0.000197
10.882721 0.000198
10.891473 0.000199
10.900225 0.000201
10.908977 0.000202
10.917729 0.000203
10.926482 0.000204
10.935234 0.000205
10.943986 0.000206
10.952738 0.000207
10.961490 0.000208
10.970243 0.000209
10.978995 0.000211
10.987747 0.000212
10.996499 0.000213
11.005251 0.000214
11.014004 0.000215
11.022756 0.000216
11.031508 0.000218
11.040260 0.000219
11.049012 0.000220
11.057764 0.000222
11.066517 0.000223
11.075269 0.000224
11.084021 0.000225
11.092773 0.000227
11.101525 0.000228
11.110278 0.000230
11.119030 0.000231
11.127782 0.000232
11.136534 0.000234
11.145286 0.000235
11.154039 0.000237
11.162791 0.000238
11.171543 0.000240
11.180295 0.000241
11.189047 0.000243
11.197799 0.000244
11.206552 0.000246
11.215304 0.000247
11.224056 0.000249
11.232808 0.000250
11.241560 0.000252
11.250313 0.000254
11.259065 0.000255
11.267817 0.000257
11.276569 0.000259
11.285321 0.000260
11.294074 0.000262
11.302826 0.000264
11.311578 0.000266
11.320330 0.000268
11.329082 0.000269
11.337834 0.000271
11.346587 0.000273
11.355339 0.000275
11.364091 0.000277
11.372843 0.000279
11.381595 0.000281
11.390348 0.000283
11.399100 0.000285
11.407852 0.000287
11.416604 0.000289
11.425356 0.000291
11.434109 0.000293
11.442861 0.000296
11.451613 0.000298
11.460365 0.000300
11.469117 0.000302
11.477869 0.000305
11.486622 0.000307
11.495374 0.000309
11.504126 0.000312
11.512878 0.000314
11.521630 0.000316
11.530383 0.000319
11.539135 0.000321
11.547887 0.000324
11.556639 0.000326
11.565391 0.000329
11.574144 0.000332
11.582896 0.000334
11.591648 0.000337
11.600400 0.000340
11.609152 0.000343
11.617904 0.000346
11.626657 0.000348
11.635409 0.000351
11.644161 0.000354
11.652913 0.000357
11.661665 0.000360
11.670418 0.000363
11.679170 0.000367
11.687922 0.000370
11.696674 0.000373
11.705426 0.000376
11.714179 0.000380
11.722931 0.000383
11.731683 0.000386
11.740435 0.000390
11.749187 0.000393
11.757939 0.000397
11.766692 0.000401
11.775444 0.000404
11.784196 0.000408
11.792948 0.000412
11.801700 0.000416
11.810453 0.000420
11.819205 0.000424
11.827957 0.000428
11.836709 0.000432
11.845461 0.000436
11.854214 0.000440
11.862966 0.000445
11.871718 0.000449
11.880470 0.000454
11.889222 0.000458
11.897974 0.000463
11.906727 0.000468
11.915479 0.000472
11.924231 0.000477
11.932983 0.000482
11.941735 0.000487
11.950488 0.000492
11.959240 0.000498
11.967992 0.000503
11.976744 0.000508
11.985496 0.000514
11.994249 0.000519
12.003001 0.000525
12.011753 0.000531
12.020505 0.000537
12.029257 0.000543
12.038010 0.000549
12.046762 0.000555
12.055514 0.000561
12.064266 0.000568
12.073018 0.000574
12.081770 0.000581
12.090523 0.000588
12.099275 0.000595
12.108027 0.000602
12.116779 0.000609
12.125531 0.000616
12.134284 0.000624
12.143036 0.000631
12.151788 0.000639
12.160540 0.000647
12.169292 0.000655
12.178045 0.000663
12.186797 0.000672
12.195549 0.000680
12.204301 0.000689
12.213053 0.000698
12.221805 0.000707
12.230558 0.000717
12.239310 0.000726
12.248062 0.000736
12.256814 0.000746
12.265566 0.000756
12.274319 0.000766
12.283071 0.000777
12.291823 0.000788
12.300575 0.000799
12.309327 0.000810
12.318080 0.000822
12.326832 0.000834
12.335584 0.000846
12.344336 0.000858
12.353088 0.000871
12.361840 0.000884
12.370593 0.000897
12.379345 0.000911
12.388097 0.000924
12.396849 0.000939
12.405601 0.000953
12.414354 0.000968
12.423106 0.000983
12.431858 0.000999
12.440610 0.001015
12.449362 0.001032
12.458115 0.001049
12.466867 0.001066
12.475619 0.001084
12.484371 0.001102
12.493123 0.001121
12.501875 0.001140
12.510628 0.001160
12.519380 0.001180
12.528132 0.001201
12.536884 0.001222
12.545636 0.001244
12.554389 0.001267
12.563141 0.001290
12.571893 0.001314
12.580645 0.001338
12.589397 0.001364
12.598150 0.001390
12.606902 0.001416
12.615654 0.001444
12.624406 0.001472
12.633158 0.001502
12.641910 0.001532
12.650663 0.001563
12.659415 0.001595
12.668167 0.001628
12.676919 0.001662
12.685671 0.001698
12.694424 0.001734
12.703176 0.001772
12.711928 0.001811
12.720680 0.001851
12.729432 0.001892
12.738185 0.001935
12.746937 0.001980
12.755689 0.002026
12.764441 0.002074
12.773193 0.002123
12.781945 0.002174
12.790698 0.002227
12.799450 0.002282
12.808202 0.002339
12.816954 0.002399
12.825706 0.002460
12.834459 0.002524
12.843211 0.002590
12.851963 0.002660
12.860715 0.002731
12.869467 0.002806
12.878220 0.002884
12.886972 0.002965
12.895724 0.003049
12.904476 0.003137
12.913228 0.003229
12.921980 0.003324
12.930733 0.003424
12.939485 0.003528
12.948237 0.003637
12.956989 0.003750
12.965741 0.003869
12.974494 0.003993
12.983246 0.004123
12.991998 0.004259
13.000750 0.004401
13.009502 0.004550
13.018255 0.004705
13.027007 0.004868
13.035759 0.005039
13.044511 0.005218
13.053263 0.005405
13.062016 0.005601
13.070768 0.005806
13.079520 0.006021
13.088272 0.006246
13.097024 0.006482
13.105776 0.006728
13.114529 0.006986
13.123281 0.007255
13.132033 0.007536
13.140785 0.007829
13.149537 0.008135
13.158290 0.008454
13.167042 0.008785
13.175794 0.009129
13.184546 0.009486
13.193298 0.009857
13.202051 0.010239
13.210803 0.010635
13.219555 0.011042
13.228307 0.011461
13.237059 0.011891
13.245811 0.012331
13.254564 0.012780
13.263316 0.013238
13.272068 0.013702
13.280820 0.014173
13.289572 0.014647
13.298325 0.015124
13.307077 0.015601
13.315829 0.016077
13.324581 0.016550
13.333333 0.017017
13.342086 0.017477
13.350838 0.017926
13.359590 0.018363
13.368342 0.018785
13.377094 0.019189
13.385846 0.019574
13.394599 0.019937
13.403351 0.020275
13.412103 0.020586
13.420855 0.020869
13.429607 0.021121
13.438360 0.021341
13.447112 0.021527
13.455864 0.021677
13.464616 0.021792
13.473368 0.021869
13.482121 0.021909
13.490873 0.021911
13.499625 0.021874
13.508377 0.021801
13.517129 0.021690
13.525881 0.021542
13.534634 0.021360
13.543386 0.021144
13.552138 0.020895
13.560890 0.020615
13.569642 0.020307
13.578395 0.019971
13.587147 0.019612
13.595899 0.019230
13.604651 0.018828
13.613403 0.018408
13.622156 0.017973
13.630908 0.017526
13.639660 0.017068
13.648412 0.016603
13.657164 0.016131
13.665916 0.015656
13.674669 0.015180
13.683421 0.014704
13.692173 0.014230
13.700925 0.013760
13.709677 0.013296
13.718430 0.012839
13.727182 0.012389
13.735934 0.011949
13.744686 0.011519
13.753438 0.011100
13.762191 0.010692
13.770943 0.010296
13.779695 0.009913
13.788447 0.009542
13.797199 0.009184
13.805951 0.008839
13.814704 0.008507
13.823456 0.008188
13.832208 0.007881
13.840960 0.007587
13.849712 0.007305
13.858465 0.007035
13.867217 0.006777
13.875969 0.006530
13.884721 0.006294
13.893473 0.006068
13.902226 0.005852
13.910978 0.005647
13.919730 0.005450
13.928482 0.005262
13.937234 0.005083
13.945986 0.004912
13.954739 0.004749
13.963491 0.004593
13.972243 0.004444
13.980995 0.004302
13.989747 0.004166
13.998500 0.004036
14.007252 0.003912
14.016004 0.003793
14.024756 0.003680
14.033508 0.003571
14.042261 0.003467
14.051013 0.003367
14.059765 0.003272
14.068517 0.003180
14.077269 0.003093
14.086022 0.003009
14.094774 0.002928
14.103526 0.002851
14.112278 0.002776
14.121030 0.002705
14.129782 0.002637
14.138535 0.002571
14.147287 0.002507
14.156039 0.002446
14.164791 0.002388
14.173543 0.002331
14.182296 0.002277
14.191048 0.002224
14.199800 0.002174
14.208552 0.002125
14.217304 0.002078
14.226057 0.002033
14.234809 0.001989
14.243561 0.001947
14.252313 0.001906
14.261065 0.001867
14.269817 0.001829
14.278570 0.001792
14.287322 0.001757
14.296074 0.001723
14.304826 0.001689
14.313578 0.001657
14.322331 0.001626
14.331083 0.001596
14.339835 0.001567
14.348587 0.001539
14.357339 0.001512
14.366092 0.001486
14.374844 0.001460
14.383596 0.001435
14.392348 0.001411
14.401100 0.001388
14.409852 0.001366
14.418605 0.001344
14.427357 0.001323
14.436109 0.001302
14.444861 0.001283
14.453613 0.001263
14.462366 0.001245
14.471118 0.001227
14.479870 0.001209
14.488622 0.001193
14.497374 0.001176
14.506127 0.001160
14.514879 0.001145
14.523631 0.001130
14.532383 0.001116
14.541135 0.001102
14.549887 0.001088
14.558640 0.001075
14.567392 0.001063
14.576144 0.001051
14.584896 0.001039
14.593648 0.001028
14.602401 0.001017
14.611153 0.001006
14.619905 0.000996
14.628657 0.000987
14.637409 0.000977
14.646162 0.000968
14.654914 0.000960
14.663666 0.000951
14.672418 0.000944
14.681170 0.000936
14.689922 0.000929
14.698675 0.000922
14.707427 0.000916
14.716179 0.000910
14.724931 0.000904
14.733683 0.000899
14.742436 0.000894
14.751188 0.000889
14.759940 0.000885
14.768692 0.000881
14.777444 0.000877
14.786197 0.000874
14.794949 0.000871
14.803701 0.000869
14.812453 0.000867
14.821205 0.000866
14.829957 0.000864
14.838710 0.000864
14.847462 0.000863
14.856214 0.000864
14.864966 0.000864
14.873718 0.000865
14.882471 0.000867
14.891223 0.000869
14.899975 0.000872
14.908727 0.000875
14.917479 0.000878
14.926232 0.000883
14.934984 0.000887
14.943736 0.000893
14.952488 0.000899
14.961240 0.000906
14.969992 0.000913
14.978745 0.000921
14.987497 0.000930
14.996249 0.000940
15.005001 0.000950
15.013753 0.000962
15.022506 0.000974
15.031258 0.000987
15.040010 0.001001
15.048762 0.001016
15.057514 0.001032
15.066267 0.001049
15.075019 0.001068
15.083771 0.001087
15.092523 0.001107
15.101275 0.001129
15.110028 0.001152
15.118780 0.001176
15.127532 0.001201
15.136284 0.001227
15.145036 0.001255
15.153788 0.001284
15.162541 0.001314
15.171293 0.001345
15.180045 0.001377
15.188797 0.001411
15.197549 0.001445
15.206302 0.001481
15.215054 0.001517
15.223806 0.001554
15.232558 0.001591
15.241310 0.001629
15.250063 0.001668
15.258815 0.001707
15.267567 0.001745
15.276319 0.001784
15.285071 0.001822
15.293823 0.001860
15.302576 0.001897
15.311328 0.001933
15.320080 0.001968
15.328832 0.002001
15.337584 0.002033
15.346337 0.002063
15.355089 0.002091
15.363841 0.002116
15.372593 0.002139
15.381345 0.002159
15.390098 0.002177
15.398850 0.002191
15.407602 0.002203
15.416354 0.002211
15.425106 0.002216
15.433858 0.002218
15.442611 0.002216
15.451363 0.002211
15.460115 0.002202
15.468867 0.002190
15.477619 0.002175
15.486372 0.002157
15.495124 0.002136
15.503876 0.002112
15.512628 0.002086
15.521380 0.002057
15.530133 0.002026
15.538885 0.001992
15.547637 0.001957
15.556389 0.001921
15.565141 0.001882
15.573893 0.001843
15.582646 0.001803
15.591398 0.001762
15.600150 0.001721
15.608902 0.001680
15.617654 0.001638
15.626407 0.001596
15.635159 0.001555
15.643911 0.001515
15.652663 0.001475
15.661415 0.001435
15.670168 0.001397
15.678920 0.001359
15.687672 0.001323
15.696424 0.001288
15.705176 0.001254
15.713928 0.001221
15.722681 0.001189
15.731433 0.001159
15.740185 0.001131
15.748937 0.001103
15.757689 0.001077
15.766442 0.001052
15.775194 0.001029
15.783946 0.001007
15.792698 0.000986
15.801450 0.000966
15.810203 0.000948
15.818955 0.000931
15.827707 0.000915
15.836459 0.000900
15.845211 0.000886
15.853963 0.000874
15.862716 0.000862
15.871468 0.000851
15.880220 0.000841
15.888972 0.000831
15.897724 0.000823
15.906477 0.000815
15.915229 0.000808
15.923981 0.000801
15.932733 0.000795
15.941485 0.000789
15.950238 0.000783
15.958990 0.000778
15.967742 0.000773
15.976494 0.000769
15.985246 0.000764
15.993998 0.000759
16.002751 0.000755
16.011503 0.000750
16.020255 0.000745
16.029007 0.000740
16.037759 0.000735
16.046512 0.000730
16.055264 0.000725
16.064016 0.000719
16.072768 0.000713
16.081520 0.000707
16.090273 0.000700
16.099025 0.000693
16.107777 0.000686
16.116529 0.000678
16.125281 0.000670
16.134034 0.000662
16.142786 0.000654
16.151538 0.000645
16.160290 0.000636
16.169042 0.000627
16.177794 0.000617
16.186547 0.000608
16.195299 0.000598
16.204051 0.000588
16.212803 0.000578
16.221555 0.000568
16.230308 0.000558
16.239060 0.000548
16.247812 0.000537
16.256564 0.000527
16.265316 0.000517
16.274069 0.000507
16.282821 0.000497
16.291573 0.000487
16.300325 0.000478
16.309077 0.000468
16.317829 0.000459
16.326582 0.000450
16.335334 0.000440
16.344086 0.000432
16.352838 0.000423
16.361590 0.000414
16.370343 0.000406
16.379095 0.000398
16.387847 0.000390
16.396599 0.000382
16.405351 0.000375
16.414104 0.000368
16.422856 0.000360
16.431608 0.000354
16.440360 0.000347
16.449112 0.000340
16.457864 0.000334
16.466617 0.000328
16.475369 0.000322
16.484121 0.000317
16.492873 0.000311
16.501625 0.000306
16.510378 0.000301
16.519130 0.000296
16.527882 0.000291
16.536634 0.000286
16.545386 0.000282
16.554139 0.000277
16.562891 0.000273
16.571643 0.000269
16.580395 0.000265
16.589147 0.000261
16.597899 0.000257
16.606652 0.000254
16.615404 0.000250
16.624156 0.000247
16.632908 0.000244
16.641660 0.000241
16.650413 0.000237
16.659165 0.000234
16.667917 0.000232
16.676669 0.000229
16.685421 0.000226
16.694174 0.000223
16.702926 0.000221
16.711678 0.000218
16.720430 0.000216
16.729182 0.000213
16.737934 0.000211
16.746687 0.000209
16.755439 0.000207
16.764191 0.000204
16.772943 0.000202
16.781695 0.000200
16.790448 0.000198
16.799200 0.000196
16.807952 0.000194
16.816704 0.000193
16.825456 0.000191
16.834209 0.000189
16.842961 0.000187
16.851713 0.000185
16.860465 0.000184
16.869217 0.000182
16.877969 0.000181
16.886722 0.000179
16.895474 0.000177
16.904226 0.000176
16.912978 0.000174
16.921730 0.000173
16.930483 0.000172
16.939235 0.000170
16.947987 0.000169
16.956739 0.000167
16.965491 0.000166
16.974244 0.000165
16.982996 0.000164
16.991748 0.000162
17.000500 0.000161
17.009252 0.000160
17.018005 0.000159
17.026757 0.000157
17.035509 0.000156
17.044261 0.000155
17.053013 0.000154
17.061765 0.000153
17.070518 0.000152
17.079270 0.000151
17.088022 0.000150
17.096774 0.000149
17.105526 0.000148
17.114279 0.000147
17.123031 0.000146
17.131783 0.000145
17.140535 0.000144
17.149287 0.000143
17.158040 0.000142
17.166792 0.000141
17.175544 0.000140
17.184296 0.000139
17.193048 0.000138
17.201800 0.000137
17.210553 0.000136
17.219305 0.000136
17.228057 0.000135
17.236809 0.000134
17.245561 0.000133
17.254314 0.000132
17.263066 0.000132
17.271818 0.000131
17.280570 0.000130
17.289322 0.000129
17.298075 0.000128
17.306827 0.000128
17.315579 0.000127
17.324331 0.000126
17.333083 0.000126
17.341835 0.000125
17.350588 0.000124
17.359340 0.000123
17.368092 0.000123
17.376844 0.000122
17.385596 0.000121
17.394349 0.000121
17.403101 0.000120
17.411853 0.000119
17.420605 0.000119
17.429357 0.000118
17.438110 0.000118
17.446862 0.000117
17.455614 0.000116
17.464366 0.000116
17.473118 0.000115
17.481870 0.000115
17.490623 0.000114
17.499375 0.000113
17.508127 0.000113
17.516879 0.000112
17.525631 0.000112
17.534384 0.000111
17.543136 0.000111
17.551888 0.000110
17.560640 0.000109
17.569392 0.000109
17.578145 0.000108
17.586897 0.000108
17.595649 0.000107
17.604401 0.000107
17.613153 0.000106
17.621905 0.000106
17.630658 0.000105
17.639410 0.000105
17.648162 0.000104
17.656914 0.000104
17.665666 0.000103
17.674419 0.000103
17.683171 0.000102
17.691923 0.000102
17.700675 0.000102
17.709427 0.000101
17.718180 0.000101
17.726932 0.000100
17.735684 0.000100
17.744436 0.000099
17.753188 0.000099
17.761940 0.000098
17.770693 0.000098
17.779445 0.000098
17.788197 0.000097
17.796949 0.000097
17.805701 0.000096
17.814454 0.000096
17.823206 0.000095
17.831958 0.000095
17.840710 0.000095
17.849462 0.000094
17.858215 0.000094
17.866967 0.000094
17.875719 0.000093
17.884471 0.000093
17.893223 0.000092
17.901975 0.000092
17.910728 0.000092
17.919480 0.000091
17.928232 0.000091
17.936984 0.000091
17.945736 0.000090
17.954489 0.000090
17.963241 0.000089
17.971993 0.000089
17.980745 0.000089
17.989497 0.000088
17.998250 0.000088
18.007002 0.000088
18.015754 0.000087
18.024506 0.000087
18.033258 0.000087
18.042011 0.000086
18.050763 0.000086
18.059515 0.000086
18.068267 0.000085
18.077019 0.000085
18.085771 0.000085
18.094524 0.000084
18.103276 0.000084
18.112028 0.000084
18.120780 0.000084
18.129532 0.000083
18.138285 0.000083
18.147037 0.000083
18.155789 0.000082
18.164541 0.000082
18.173293 0.000082
18.182046 0.000081
18.190798 0.000081
18.199550 0.000081
18.208302 0.000081
18.217054 0.000080
18.225806 0.000080
18.234559 0.000080
18.243311 0.000080
18.252063 0.000079
18.260815 0.000079
18.269567 0.000079
18.278320 0.000078
18.287072 0.000078
18.295824 0.000078
18.304576 0.000078
18.313328 0.000077
18.322081 0.000077
18.330833 0.000077
18.339585 0.000077
18.348337 0.000076
18.357089 0.000076
18.365841 0.000076
18.374594 0.000076
18.383346 0.000075
18.392098 0.000075
18.400850 0.000075
18.409602 0.000075
18.418355 0.000075
18.427107 0.000074
18.435859 0.000074
18.444611 0.000074
18.453363 0.000074
18.462116 0.000073
18.470868 0.000073
18.479620 0.000073
18.488372 0.000073
18.497124 0.000073
18.505876 0.000072
18.514629 0.000072
18.523381 0.000072
18.532133 0.000072
18.540885 0.000071
18.549637 0.000071
18.558390 0.000071
18.567142 0.000071
18.575894 0.000071
18.584646 0.000070
18.593398 0.000070
18.602151 0.000070
18.610903 0.000070
18.619655 0.000070
18.628407 0.000069
18.637159 0.000069
18.645911 0.000069
18.654664 0.000069
18.663416 0.000069
18.672168 0.000069
18.680920 0.000068
18.689672 0.000068
18.698425 0.000068
18.707177 0.000068
18.715929 0.000068
18.724681 0.000068
18.733433 0.000067
18.742186 0.000067
18.750938 0.000067
18.759690 0.000067
18.768442 0.000067
18.777194 0.000067
18.785946 0.000066
18.794699 0.000066
18.803451 0.000066
18.812203 0.000066
18.820955 0.000066
18.829707 0.000066
18.838460 0.000065
18.847212 0.000065
18.855964 0.000065
18.864716 0.000065
18.873468 0.000065
18.882221 0.000065
18.890973 0.000065
18.899725 0.000064
18.908477 0.000064
18.917229 0.000064
18.925981 0.000064
18.934734 0.000064
18.943486 0.000064
18.952238 0.000064
18.960990 0.000064
18.969742 0.000063
18.978495 0.000063
18.987247 0.000063
18.995999 0.000063
19.004751 0.000063
19.013503 0.000063
19.022256 0.000063
19.031008 0.000063
19.039760 0.000062
19.048512 0.000062
19.057264 0.000062
19.066017 0.000062
19.074769 0.000062
19.083521 0.000062
19.092273 0.000062
19.101025 0.000062
19.109777 0.000062
19.118530 0.000062
19.127282 0.000061
19.136034 0.000061
19.144786 0.000061
19.153538 0.000061
19.162291 0.000061
19.171043 0.000061
19.179795 0.000061
19.188547 0.000061
19.197299 0.000061
19.206052 0.000061
19.214804 0.000061
19.223556 0.000061
19.232308 0.000061
19.241060 0.000061
19.249812 0.000061
19.258565 0.000060
19.267317 0.000060
19.276069 0.000060
19.284821 0.000060
19.293573 0.000060
19.302326 0.000060
19.311078 0.000060
19.319830 0.000060
19.328582 0.000060
19.337334 0.000060
19.346087 0.000060
19.354839 0.000060
19.363591 0.000060
19.372343 0.000060
19.381095 0.000060
19.389847 0.000060
19.398600 0.000060
19.407352 0.000060
19.416104 0.000060
19.424856 0.000060
19.433608 0.000060
19.442361 0.000060
19.451113 0.000060
19.459865 0.000060
19.468617 0.000060
19.477369 0.000060
19.486122 0.000060
19.494874 0.000061
19.503626 0.000061
19.512378 0.000061
19.521130 0.000061
19.529882 0.000061
19.538635 0.000061
19.547387 0.000061
19.556139 0.000061
19.564891 0.000061
19.573643 0.000061
19.582396 0.000062
19.591148 0.000062
19.599900 0.000062
19.608652 0.000062
19.617404 0.000062
19.626157 0.000063
19.634909 0.000063
19.643661 0.000063
19.652413 0.000063
19.661165 0.000063
19.669917 0.000064
19.678670 0.000064
19.687422 0.000064
19.696174 0.000065
19.704926 0.000065
19.713678 0.000065
19.722431 0.000066
19.731183 0.000066
19.739935 0.000066
19.748687 0.000067
19.757439 0.000067
19.766192 0.000068
19.774944 0.000068
19.783696 0.000069
19.792448 0.000069
19.801200 0.000070
19.809952 0.000070
19.818705 0.000071
19.827457 0.000071
19.836209 0.000072
19.844961 0.000073
19.853713 0.000073
19.862466 0.000074
19.871218 0.000075
19.879970 0.000075
19.888722 0.000076
19.897474 0.000077
19.906227 0.000078
19.914979 0.000079
19.923731 0.000080
19.932483 0.000081
19.941235 0.000081
19.949987 0.000082
19.958740 0.000084
19.967492 0.000085
19.976244 0.000086
19.984996 0.000087
19.993748 0.000088
20.002501 0.000089
20.011253 0.000091
20.020005 0.000092
20.028757 0.000094
20.037509 0.000095
20.046262 0.000097
20.055014 0.000098
20.063766 0.000100
20.072518 0.000102
20.081270 0.000103
20.090023 0.000105
20.098775 0.000107
20.107527 0.000110
20.116279 0.000112
20.125031 0.000114
20.133783 0.000116
20.142536 0.000119
20.151288 0.000122
20.160040 0.000124
20.168792 0.000127
20.177544 0.000130
20.186297 0.000133
20.195049 0.000136
20.203801 0.000140
20.212553 0.000143
20.221305 0.000146
20.230058 0.000150
20.238810 0.000153
20.247562 0.000157
20.256314 0.000161
20.265066 0.000165
20.273818 0.000168
20.282571 0.000172
20.291323 0.000176
20.300075 0.000180
20.308827 0.000183
20.317579 0.000187
20.326332 0.000190
20.335084 0.000194
20.343836 0.000197
20.352588 0.000200
20.361340 0.000203
20.370093 0.000205
20.378845 0.000208
20.387597 0.000210
20.396349 0.000212
20.405101 0.000213
20.413853 0.000215
20.422606 0.000215
20.431358 0.000216
20.440110 0.000216
20.448862 0.000216
20.457614 0.000216
20.466367 0.000215
20.475119 0.000214
20.483871 0.000213
20.492623 0.000211
20.501375 0.000209
20.510128 0.000207
20.518880 0.000205
20.527632 0.000202
20.536384 0.000199
20.545136 0.000196
20.553888 0.000192
20.562641 0.000189
20.571393 0.000185
20.580145 0.000181
20.588897 0.000177
20.597649 0.000173
20.606402 0.000169
20.615154 0.000165
20.623906 0.000161
20.632658 0.000157
20.641410 0.000153
20.650163 0.000149
20.658915 0.000145
20.667667 0.000141
20.676419 0.000137
20.685171 0.000134
20.693923 0.000130
20.702676 0.000126
20.711428 0.000123
20.720180 0.000120
20.728932 0.000116
20.737684 0.000113
20.746437 0.000110
20.755189 0.000107
20.763941 0.000105
20.772693 0.000102
20.781445 0.000099
20.790198 0.000097
20.798950 0.000094
20.807702 0.000092
20.816454 0.000090
20.825206 0.000088
20.833958 0.000086
20.842711 0.000084
20.851463 0.000082
20.860215 0.000081
20.868967 0.000079
20.877719 0.000077
20.886472 0.000076
20.895224 0.000074
20.903976 0.000073
20.912728 0.000072
20.921480 0.000070
20.930233 0.000069
20.938985 0.000068
20.947737 0.000067
20.956489 0.000066
20.965241 0.000065
20.973993 0.000064
20.982746 0.000063
20.991498 0.000062
21.000250 0.000061
21.009002 0.000060
21.017754 0.000060
21.026507 0.000059
21.035259 0.000058
21.044011 0.000057
21.052763 0.000057
21.061515 0.000056
21.070268 0.000055
21.079020 0.000055
21.087772 0.000054
21.096524 0.000054
21.105276 0.000053
21.114029 0.000052
21.122781 0.000052
21.131533 0.000051
21.140285 0.000051
21.149037 0.000050
21.157789 0.000050
21.166542 0.000050
21.175294 0.000049
21.184046 0.000049
21.192798 0.000048
21.201550 0.000048
21.210303 0.000048
21.219055 0.000047
21.227807 0.000047
21.236559 0.000046
21.245311 0.000046
21.254064 0.000046
21.262816 0.000045
21.271568 0.000045
21.280320 0.000045
21.289072 0.000045
21.297824 0.000044
21.306577 0.000044
21.315329 0.000044
21.324081 0.000043
21.332833 0.000043
21.341585 0.000043
21.350338 0.000043
21.359090 0.000042
21.367842 0.000042
21.376594 0.000042
21.385346 0.000042
21.394099 0.000041
21.402851 0.000041
21.411603 0.000041
21.420355 0.000041
21.429107 0.000041
21.437859 0.000040
21.446612 0.000040
21.455364 0.000040
21.464116 0.000040
21.472868 0.000040
21.481620 0.000039
21.490373 0.000039
21.499125 0.000039
21.507877 0.000039
21.516629 0.000039
21.525381 0.000039
21.534134 0.000038
21.542886 0.000038
21.551638 0.000038
21.560390 0.000038
21.569142 0.000038
21.577894 0.000038
21.586647 0.000037
21.595399 0.000037
21.604151 0.000037
21.612903 0.000037
21.621655 0.000037
21.630408 0.000037
21.639160 0.000037
21.647912 0.000036
21.656664 0.000036
21.665416 0.000036
21.674169 0.000036
21.682921 0.000036
21.691673 0.000036
21.700425 0.000036
21.709177 0.000035
21.717929 0.000035
21.726682 0.000035
21.735434 0.000035
21.744186 0.000035
21.752938 0.000035
21.761690 0.000035
21.770443 0.000035
21.779195 0.000035
21.787947 0.000034
21.796699 0.000034
21.805451 0.000034
21.814204 0.000034
21.822956 0.000034
21.831708 0.000034
21.840460 0.000034
21.849212 0.000034
21.857964 0.000034
21.866717 0.000034
21.875469 0.000033
21.884221 0.000033
21.892973 0.000033
21.901725 0.000033
21.910478 0.000033
21.919230 0.000033
21.927982 0.000033
21.936734 0.000033
21.945486 0.000033
21.954239 0.000033
21.962991 0.000032
21.971743 0.000032
21.980495 0.000032
21.989247 0.000032
21.997999 0.000032
22.006752 0.000032
22.015504 0.000032
22.024256 0.000032
22.033008 0.000032
22.041760 0.000032
22.050513 0.000032
22.059265 0.000032
22.068017 0.000032
22.076769 0.000031
22.085521 0.000031
22.094274 0.000031
22.103026 0.000031
22.111778 0.000031
22.120530 0.000031
22.129282 0.000031
22.138035 0.000031
22.146787 0.000031
22.155539 0.000031
22.164291 0.000031
22.173043 0.000031
22.181795 0.000031
22.190548 0.000030
22.199300 0.000030
22.208052 0.000030
22.216804 0.000030
22.225556 0.000030
22.234309 0.000030
22.243061 0.000030
22.251813 0.000030
22.260565 0.000030
22.269317 0.000030
22.278070 0.000030
22.286822 0.000030
22.295574 0.000030
22.304326 0.000030
22.313078 0.000030
22.321830 0.000029
22.330583 0.000029
22.339335 0.000029
22.348087 0.000029
22.356839 0.000029
22.365591 0.000029
22.374344 0.000029
22.383096 0.000029
22.391848 0.000029
22.400600 0.000029
22.409352 0.000029
22.418105 0.000029
22.426857 0.000029
22.435609 0.000029
22.444361 0.000029
22.453113 0.000029
22.461865 0.000029
22.470618 0.000028
22.479370 0.000028
22.488122 0.000028
22.496874 0.000028
22.505626 0.000028
22.514379 0.000028
22.523131 0.000028
22.531883 0.000028
22.540635 0.000028
22.549387 0.000028
22.558140 0.000028
22.566892 0.000028
22.575644 0.000028
22.584396 0.000028
22.593148 0.000028
22.601900 0.000028
22.610653 0.000028
22.619405 0.000028
22.628157 0.000027
22.636909 0.000027
22.645661 0.000027
22.654414 0.000027
22.663166 0.000027
22.671918 0.000027
22.680670 0.000027
22.689422 0.000027
22.698175 0.000027
22.706927 0.000027
22.715679 0.000027
22.724431 0.000027
22.733183 0.000027
22.741935 0.000027
22.750688 0.000027
22.759440 0.000027
22.768192 0.000027
22.776944 0.000027
22.785696 0.000027
22.794449 0.000027
22.803201 0.000026
22.811953 0.000026
22.820705 0.000026
22.829457 0.000026
22.838210 0.000026
22.846962 0.000026
22.855714 0.000026
22.864466 0.000026
22.873218 0.000026
22.881970 0.000026
22.890723 0.000026
22.899475 0.000026
22.908227 0.000026
22.916979 0.000026
22.925731 0.000026
22.934484 0.000026
22.943236 0.000026
22.951988 0.000026
22.960740 0.000026
22.969492 0.000026
22.978245 0.000026
22.986997 0.000026
22.995749 0.000026
23.004501 0.000025
23.013253 0.000025
23.022006 0.000025
23.030758 0.000025
23.039510 0.000025
23.048262 0.000025
23.057014 0.000025
23.065766 0.000025
23.074519 0.000025
23.083271 0.000025
23.092023 0.000025
23.100775 0.000025
23.109527 0.000025
23.118280 0.000025
23.127032 0.000025
23.135784 0.000025
23.144536 0.000025
23.153288 0.000025
23.162041 0.000025
23.170793 0.000025
23.179545 0.000025
23.188297 0.000025
23.197049 0.000025
23.205801 0.000025
23.214554 0.000025
23.223306 0.000024
23.232058 0.000024
23.240810 0.000024
23.249562 0.000024
23.258315 0.000024
23.267067 0.000024
23.275819 0.000024
23.284571 0.000024
23.293323 0.000024
23.302076 0.000024
23.310828 0.000024
23.319580 0.000024
23.328332 0.000024
23.337084 0.000024
23.345836 0.000024
23.354589 0.000024
23.363341 0.000024
23.372093 0.000024
23.380845 0.000024
23.389597 0.000024
23.398350 0.000024
23.407102 0.000024
23.415854 0.000024
23.424606 0.000024
23.433358 0.000024
23.442111 0.000024
23.450863 0.000024
23.459615 0.000024
23.468367 0.000023
23.477119 0.000023
23.485871 0.000023
23.494624 0.000023
23.503376 0.000023
23.512128 0.000023
23.520880 0.000023
23.529632 0.000023
23.538385 0.000023
23.547137 0.000023
23.555889 0.000023
23.564641 0.000023
23.573393 0.000023
23.582146 0.000023
23.590898 0.000023
23.599650 0.000023
23.608402 0.000023
23.617154 0.000023
23.625906 0.000023
23.634659 0.000023
23.643411 0.000023
23.652163 0.000023
23.660915 0.000023
23.669667 0.000023
23.678420 0.000023
23.687172 0.000023
23.695924 0.000023
23.704676 0.000023
23.713428 0.000023
23.722181 0.000023
23.730933 0.000022
23.739685 0.000022
23.748437 0.000022
23.757189 0.000022
23.765941 0.000022
23.774694 0.000022
23.783446 0.000022
23.792198 0.000022
23.800950 0.000022
23.809702 0.000022
23.818455 0.000022
23.827207 0.000022
23.835959 0.000022
23.844711 0.000022
23.853463 0.000022
23.862216 0.000022
23.870968 0.000022
23.879720 0.000022
23.888472 0.000022
23.897224 0.000022
23.905976 0.000022
23.914729 0.000022
23.923481 0.000022
23.932233 0.000022
23.940985 0.000022
23.949737 0.000022
23.958490 0.000022
23.967242 0.000022
23.975994 0.000022
23.984746 0.000022
23.993498 0.000022
24.002251 0.000022
24.011003 0.000022
24.019755 0.000021
24.028507 0.000021
24.037259 0.000021
24.046012 0.000021
24.054764 0.000021
24.063516 0.000021
24.072268 0.000021
24.081020 0.000021
24.089772 0.000021
24.098525 0.000021
24.107277 0.000021
24.116029 0.000021
24.124781 0.000021
24.133533 0.000021
24.142286 0.000021
24.151038 0.000021
24.159790 0.000021
24.168542 0.000021
24.177294 0.000021
24.186047 0.000021
24.194799 0.000021
24.203551 0.000021
24.212303 0.000021
24.221055 0.000021
24.229807 0.000021
24.238560 0.000021
24.247312 0.000021
24.256064 0.000021
24.264816 0.000021
24.273568 0.000021
24.282321 0.000021
24.291073 0.000021
24.299825 0.000021
24.308577 0.000021
24.317329 0.000021
24.326082 0.000021
24.334834 0.000021
24.343586 0.000020
24.352338 0.000020
24.361090 0.000020
24.369842 0.000020
24.378595 0.000020
24.387347 0.000020
24.396099 0.000020
24.404851 0.000020
24.413603 0.000020
24.422356 0.000020
24.431108 0.000020
24.439860 0.000020
24.448612 0.000020
24.457364 0.000020
24.466117 0.000020
24.474869 0.000020
24.483621 0.000020
24.492373 0.000020
24.501125 0.000020
24.509877 0.000020
24.518630 0.000020
24.527382 0.000020
24.536134 0.000020
24.544886 0.000020
24.553638 0.000020
24.562391 0.000020
24.571143 0.000020
24.579895 0.000020
24.588647 0.000020
24.597399 0.000020
24.606152 0.000020
24.614904 0.000020
24.623656 0.000020
24.632408 0.000020
24.641160 0.000020
24.649912 0.000020
24.658665 0.000020
24.667417 0.000020
24.676169 0.000020
24.684921 0.000020
24.693673 0.000019
24.702426 0.000019
24.711178 0.000019
24.719930 0.000019
24.728682 0.000019
24.737434 0.000019
24.746187 0.000019
24.754939 0.000019
24.763691 0.000019
24.772443 0.000019
24.781195 0.000019
24.789947 0.000019
24.798700 0.000019
24.807452 0.000019
24.816204 0.000019
24.824956 0.000018
24.833708 0.000018
24.842461 0.000018
24.851213 0.000018
24.859965 0.000017
24.868717 0.000017
24.877469 0.000017
24.886222 0.000016
24.894974 0.000016
24.903726 0.000016
24.912478 0.000015
24.921230 0.000015
24.929982 0.000014
24.938735 0.000014
24.947487 0.000013
24.956239 0.000012
24.964991 0.000012
24.973743 0.000011
24.982496 0.000010
24.991248 0.000010

Sticks
-4.022256 0.010474
-3.952238 0.009853
-3.864716 0.042696
-3.768442 0.046949
-2.525631 0.000014
-2.324331 0.001698
-1.790448 0.000829
-1.422856 0.000504
-0.538885 0.002194
-0.136284 0.000284
2.725681 0.000001
2.734434 0.000001
2.751938 0.000001
2.778195 0.000001
2.804451 0.000037
2.900725 0.000007
3.172043 0.000534
3.180795 0.000064
3.242061 0.000175
13.438360 0.008614
13.534634 0.008209
15.390098 0.000537
15.468867 0.000888
16.064016 0.000208
16.247812 0.000037
20.011253 0.000004
20.072518 0.000001
20.431358 0.000056
20.457614 0.000075
