-20.000000 0.000131
-19.980000 0.000141
-19.960000 0.000151
-19.940000 0.000161
-19.920000 0.000171
-19.900000 0.000180
-19.880000 0.000189
-19.860000 0.000197
-19.840000 0.000204
-19.820000 0.000212
-19.800000 0.000218
-19.780000 0.000224
-19.760000 0.000229
-19.740000 0.000234
-19.720000 0.000238
-19.700000 0.000242
-19.680000 0.000246
-19.660000 0.000248
-19.640000 0.000251
-19.620000 0.000253
-19.600000 0.000255
-19.580000 0.000257
-19.560000 0.000258
-19.540000 0.000260
-19.520000 0.000261
-19.500000 0.000262
-19.480000 0.000263
-19.460000 0.000264
-19.440000 0.000265
-19.420000 0.000266
-19.400000 0.000266
-19.380000 0.000267
-19.360000 0.000268
-19.340000 0.000269
-19.320000 0.000269
-19.300000 0.000270
-19.280000 0.000271
-19.260000 0.000272
-19.240000 0.000272
-19.220000 0.000273
-19.200000 0.000274
-19.180000 0.000274
-19.160000 0.000275
-19.140000 0.000276
-19.120000 0.000277
-19.100000 0.000277
-19.080000 0.000278
-19.060000 0.000279
-19.040000 0.000280
-19.020000 0.000280
-19.000000 0.000281
-18.980000 0.000282
-18.960000 0.000283
-18.940000 0.000283
-18.920000 0.000284
-18.900000 0.000285
-18.880000 0.000286
-18.860000 0.000286
-18.840000 0.000287
-18.820000 0.000288
-18.800000 0.000289
-18.780000 0.000290
-18.760000 0.000291
-18.740000 0.000291
-18.720000 0.000292
-18.700000 0.000293
-18.680000 0.000294
-18.660000 0.000295
-18.640000 0.000295
-18.620000 0.000296
-18.600000 0.000297
-18.580000 0.000298
-18.560000 0.000299
-18.540000 0.000300
-18.520000 0.000301
-18.500000 0.000302
-18.480000 0.000302
-18.460000 0.000303
-18.440000 0.000304
-18.420000 0.000305
-18.400000 0.000306
-18.380000 0.000307
-18.360000 0.000308
-18.340000 0.000309
-18.320000 0.000310
-18.300000 0.000311
-18.280000 0.000312
-18.260000 0.000313
-18.240000 0.000314
-18.220000 0.000315
-18.200000 0.000316
-18.180000 0.000317
-18.160000 0.000318
-18.140000 0.000319
-18.120000 0.000320
-18.100000 0.000321
-18.080000 0.000322
-18.060000 0.000323
-18.040000 0.000324
-18.020000 0.000325
-18.000000 0.000326
-17.980000 0.000327
-17.960000 0.000328
-17.940000 0.000329
-17.920000 0.000330
-17.900000 0.000331
-17.880000 0.000333
-17.860000 0.000334
-17.840000 0.000335
-17.820000 0.000336
-17.800000 0.000337
-17.780000 0.000338
-17.760000 0.000339
-17.740000 0.000341
-17.720000 0.000342
-17.700000 0.000343
-17.680000 0.000344
-17.660000 0.000346
-17.640000 0.000347
-17.620000 0.000348
-17.600000 0.000349
-17.580000 0.000351
-17.560000 0.000352
-17.540000 0.000353
-17.520000 0.000354
-17.500000 0.000356
-17.480000 0.000357
-17.460000 0.000358
-17.440000 0.000360
-17.420000 0.000361
-17.400000 0.000363
-17.380000 0.000364
-17.360000 0.000365
-17.340000 0.000367
-17.320000 0.000368
-17.300000 0.000370
-17.280000 0.000371
-17.260000 0.000373
-17.240000 0.000374
-17.220000 0.000376
-17.200000 0.000377
-17.180000 0.000379
-17.160000 0.000381
-17.140000 0.000382
-17.120000 0.000384
-17.100000 0.000385
-17.080000 0.000387
-17.060000 0.000389
-17.040000 0.000390
-17.020000 0.000392
-17.000000 0.000394
-16.980000 0.000396
-16.960000 0.000397
-16.940000 0.000399
-16.920000 0.000401
-16.900000 0.000403
-16.880000 0.000405
-16.860000 0.000407
-16.840000 0.000409
-16.820000 0.000410
-16.800000 0.000412
-16.780000 0.000414
-16.760000 0.000416
-16.740000 0.000418
-16.720000 0.000421
-16.700000 0.000423
-16.680000 0.000425
-16.660000 0.000427
-16.640000 0.000429
-16.620000 0.000431
-16.600000 0.000434
-16.580000 0.000436
-16.560000 0.000438
-16.540000 0.000440
-16.520000 0.000443
-16.500000 0.000445
-16.480000 0.000448
-16.460000 0.000450
-16.440000 0.000453
-16.420000 0.000455
-16.400000 0.000458
-16.380000 0.000461
-16.360000 0.000463
-16.340000 0.000466
-16.320000 0.000469
-16.300000 0.000472
-16.280000 0.000474
-16.260000 0.000477
-16.240000 0.000480
-16.220000 0.000483
-16.200000 0.000486
-16.180000 0.000489
-16.160000 0.000493
-16.140000 0.000496
-16.120000 0.000499
-16.100000 0.000502
-16.080000 0.000506
-16.060000 0.000509
-16.040000 0.000513
-16.020000 0.000516
-16.000000 0.000520
-15.980000 0.000524
-15.960000 0.000528
-15.940000 0.000532
-15.920000 0.000536
-15.900000 0.000540
-15.880000 0.000544
-15.860000 0.000548
-15.840000 0.000552
-15.820000 0.000557
-15.800000 0.000561
-15.780000 0.000566
-15.760000 0.000571
-15.740000 0.000575
-15.720000 0.000580
-15.700000 0.000585
-15.680000 0.000590
-15.660000 0.000596
-15.640000 0.000601
-15.620000 0.000607
-15.600000 0.000612
-15.580000 0.000618
-15.560000 0.000624
-15.540000 0.000630
-15.520000 0.000636
-15.500000 0.000643
-15.480000 0.000649
-15.460000 0.000656
-15.440000 0.000663
-15.420000 0.000670
-15.400000 0.000677
-15.380000 0.000685
-15.360000 0.000693
-15.340000 0.000701
-15.320000 0.000709
-15.300000 0.000717
-15.280000 0.000726
-15.260000 0.000735
-15.240000 0.000744
-15.220000 0.000754
-15.200000 0.000763
-15.180000 0.000774
-15.160000 0.000784
-15.140000 0.000795
-15.120000 0.000806
-15.100000 0.000818
-15.080000 0.000830
-15.060000 0.000842
-15.040000 0.000855
-15.020000 0.000868
-15.000000 0.000882
-14.980000 0.000897
-14.960000 0.000911
-14.940000 0.000927
-14.920000 0.000943
-14.900000 0.000960
-14.880000 0.000977
-14.860000 0.000996
-14.840000 0.001015
-14.820000 0.001034
-14.800000 0.001055
-14.780000 0.001077
-14.760000 0.001100
-14.740000 0.001123
-14.720000 0.001148
-14.700000 0.001174
-14.680000 0.001202
-14.660000 0.001231
-14.640000 0.001261
-14.620000 0.001293
-14.600000 0.001327
-14.580000 0.001363
-14.560000 0.001400
-14.540000 0.001440
-14.520000 0.001483
-14.500000 0.001528
-14.480000 0.001576
-14.460000 0.001627
-14.440000 0.001681
-14.420000 0.001739
-14.400000 0.001801
-14.380000 0.001868
-14.360000 0.001939
-14.340000 0.002017
-14.320000 0.002100
-14.300000 0.002189
-14.280000 0.002286
-14.260000 0.002391
-14.240000 0.002505
-14.220000 0.002628
-14.200000 0.002763
-14.180000 0.002909
-14.160000 0.003068
-14.140000 0.003242
-14.120000 0.003432
-14.100000 0.003638
-14.080000 0.003864
-14.060000 0.004109
-14.040000 0.004376
-14.020000 0.004667
-14.000000 0.004982
-13.980000 0.005323
-13.960000 0.005692
-13.940000 0.006088
-13.920000 0.006514
-13.900000 0.006969
-13.880000 0.007453
-13.860000 0.007966
-13.840000 0.008506
-13.820000 0.009072
-13.800000 0.009662
-13.780000 0.010271
-13.760000 0.010898
-13.740000 0.011536
-13.720000 0.012181
-13.700000 0.012827
-13.680000 0.013468
-13.660000 0.014097
-13.640000 0.014706
-13.620000 0.015289
-13.600000 0.015837
-13.580000 0.016344
-13.560000 0.016803
-13.540000 0.017207
-13.520000 0.017550
-13.500000 0.017827
-13.480000 0.018035
-13.460000 0.018169
-13.440000 0.018229
-13.420000 0.018214
-13.400000 0.018123
-13.380000 0.017959
-13.360000 0.017725
-13.340000 0.017425
-13.320000 0.017063
-13.300000 0.016645
-13.280000 0.016178
-13.260000 0.015668
-13.240000 0.015122
-13.220000 0.014548
-13.200000 0.013952
-13.180000 0.013343
-13.160000 0.012727
-13.140000 0.012109
-13.120000 0.011497
-13.100000 0.010895
-13.080000 0.010307
-13.060000 0.009739
-13.040000 0.009193
-13.020000 0.008672
-13.000000 0.008178
-12.980000 0.007712
-12.960000 0.007276
-12.940000 0.006869
-12.920000 0.006493
-12.900000 0.006146
-12.880000 0.005829
-12.860000 0.005540
-12.840000 0.005279
-12.820000 0.005044
-12.800000 0.004835
-12.780000 0.004651
-12.760000 0.004490
-12.740000 0.004351
-12.720000 0.004235
-12.700000 0.004139
-12.680000 0.004063
-12.660000 0.004006
-12.640000 0.003969
-12.620000 0.003951
-12.600000 0.003951
-12.580000 0.003969
-12.560000 0.004006
-12.540000 0.004062
-12.520000 0.004135
-12.500000 0.004228
-12.480000 0.004339
-12.460000 0.004468
-12.440000 0.004616
-12.420000 0.004782
-12.400000 0.004965
-12.380000 0.005165
-12.360000 0.005381
-12.340000 0.005611
-12.320000 0.005854
-12.300000 0.006108
-12.280000 0.006371
-12.260000 0.006639
-12.240000 0.006910
-12.220000 0.007180
-12.200000 0.007446
-12.180000 0.007705
-12.160000 0.007951
-12.140000 0.008182
-12.120000 0.008394
-12.100000 0.008582
-12.080000 0.008744
-12.060000 0.008877
-12.040000 0.008978
-12.020000 0.009045
-12.000000 0.009076
-11.980000 0.009071
-11.960000 0.009030
-11.940000 0.008952
-11.920000 0.008841
-11.900000 0.008696
-11.880000 0.008520
-11.860000 0.008317
-11.840000 0.008089
-11.820000 0.007839
-11.800000 0.007572
-11.780000 0.007291
-11.760000 0.007000
-11.740000 0.006702
-11.720000 0.006401
-11.700000 0.006101
-11.680000 0.005803
-11.660000 0.005510
-11.640000 0.005226
-11.620000 0.004951
-11.600000 0.004687
-11.580000 0.004435
-11.560000 0.004196
-11.540000 0.003971
-11.520000 0.003759
-11.500000 0.003561
-11.480000 0.003376
-11.460000 0.003204
-11.440000 0.003044
-11.420000 0.002896
-11.400000 0.002760
-11.380000 0.002633
-11.360000 0.002517
-11.340000 0.002409
-11.320000 0.002310
-11.300000 0.002218
-11.280000 0.002133
-11.260000 0.002055
-11.240000 0.001982
-11.220000 0.001915
-11.200000 0.001852
-11.180000 0.001794
-11.160000 0.001741
-11.140000 0.001690
-11.120000 0.001644
-11.100000 0.001600
-11.080000 0.001559
-11.060000 0.001521
-11.040000 0.001485
-11.020000 0.001452
-11.000000 0.001420
-10.980000 0.001391
-10.960000 0.001363
-10.940000 0.001337
-10.920000 0.001313
-10.900000 0.001290
-10.880000 0.001268
-10.860000 0.001248
-10.840000 0.001229
-10.820000 0.001211
-10.800000 0.001194
-10.780000 0.001177
-10.760000 0.001162
-10.740000 0.001148
-10.720000 0.001134
-10.700000 0.001122
-10.680000 0.001110
-10.660000 0.001098
-10.640000 0.001087
-10.620000 0.001077
-10.600000 0.001068
-10.580000 0.001059
-10.560000 0.001050
-10.540000 0.001042
-10.520000 0.001034
-10.500000 0.001027
-10.480000 0.001020
-10.460000 0.001013
-10.440000 0.001007
-10.420000 0.001001
-10.400000 0.000996
-10.380000 0.000991
-10.360000 0.000986
-10.340000 0.000981
-10.320000 0.000977
-10.300000 0.000972
-10.280000 0.000968
-10.260000 0.000965
-10.240000 0.000961
-10.220000 0.000958
-10.200000 0.000955
-10.180000 0.000952
-10.160000 0.000949
-10.140000 0.000946
-10.120000 0.000944
-10.100000 0.000941
-10.080000 0.000939
-10.060000 0.000937
-10.040000 0.000935
-10.020000 0.000933
-10.000000 0.000932
-9.980000 0.000930
-9.960000 0.000929
-9.940000 0.000927
-9.920000 0.000926
-9.900000 0.000925
-9.880000 0.000924
-9.860000 0.000923
-9.840000 0.000922
-9.820000 0.000922
-9.800000 0.000921
-9.780000 0.000920
-9.760000 0.000920
-9.740000 0.000920
-9.720000 0.000919
-9.700000 0.000919
-9.680000 0.000919
-9.660000 0.000919
-9.640000 0.000919
-9.620000 0.000919
-9.600000 0.000919
-9.580000 0.000919
-9.560000 0.000920
-9.540000 0.000920
-9.520000 0.000920
-9.500000 0.000921
-9.480000 0.000921
-9.460000 0.000922
-9.440000 0.000923
-9.420000 0.000923
-9.400000 0.000924
-9.380000 0.000925
-9.360000 0.000926
-9.340000 0.000926
-9.320000 0.000927
-9.300000 0.000928
-9.280000 0.000929
-9.260000 0.000931
-9.240000 0.000932
-9.220000 0.000933
-9.200000 0.000934
-9.180000 0.000935
-9.160000 0.000937
-9.140000 0.000938
-9.120000 0.000939
-9.100000 0.000941
-9.080000 0.000942
-9.060000 0.000944
-9.040000 0.000945
-9.020000 0.000947
-9.000000 0.000949
-8.980000 0.000950
-8.960000 0.000952
-8.940000 0.000954
-8.920000 0.000956
-8.900000 0.000958
-8.880000 0.000959
-8.860000 0.000961
-8.840000 0.000963
-8.820000 0.000965
-8.800000 0.000967
-8.780000 0.000969
-8.760000 0.000971
-8.740000 0.000974
-8.720000 0.000976
-8.700000 0.000978
-8.680000 0.000980
-8.660000 0.000982
-8.640000 0.000985
-8.620000 0.000987
-8.600000 0.000989
-8.580000 0.000992
-8.560000 0.000994
-8.540000 0.000997
-8.520000 0.000999
-8.500000 0.001002
-8.480000 0.001004
-8.460000 0.001007
-8.440000 0.001009
-8.420000 0.001012
-8.400000 0.001015
-8.380000 0.001017
-8.360000 0.001020
-8.340000 0.001023
-8.320000 0.001026
-8.300000 0.001029
-8.280000 0.001031
-8.260000 0.001034
-8.240000 0.001037
-8.220000 0.001040
-8.200000 0.001043
-8.180000 0.001046
-8.160000 0.001049
-8.140000 0.001052
-8.120000 0.001055
-8.100000 0.001059
-8.080000 0.001062
-8.060000 0.001065
-8.040000 0.001068
-8.020000 0.001071
-8.000000 0.001075
-7.980000 0.001078
-7.960000 0.001081
-7.940000 0.001085
-7.920000 0.001088
-7.900000 0.001092
-7.880000 0.001095
-7.860000 0.001099
-7.840000 0.001102
-7.820000 0.001106
-7.800000 0.001109
-7.780000 0.001113
-7.760000 0.001117
-7.740000 0.001120
-7.720000 0.001124
-7.700000 0.001128
-7.680000 0.001132
-7.660000 0.001136
-7.640000 0.001139
-7.620000 0.001143
-7.600000 0.001147
-7.580000 0.001151
-7.560000 0.001155
-7.540000 0.001159
-7.520000 0.001163
-7.500000 0.001167
-7.480000 0.001172
-7.460000 0.001176
-7.440000 0.001180
-7.420000 0.001184
-7.400000 0.001188
-7.380000 0.001193
-7.360000 0.001197
-7.340000 0.001201
-7.320000 0.001206
-7.300000 0.001210
-7.280000 0.001215
-7.260000 0.001219
-7.240000 0.001224
-7.220000 0.001228
-7.200000 0.001233
-7.180000 0.001238
-7.160000 0.001242
-7.140000 0.001247
-7.120000 0.001252
-7.100000 0.001256
-7.080000 0.001261
-7.060000 0.001266
-7.040000 0.001271
-7.020000 0.001276
-7.000000 0.001281
-6.980000 0.001286
-6.960000 0.001291
-6.940000 0.001296
-6.920000 0.001301
-6.900000 0.001306
-6.880000 0.001312
-6.860000 0.001317
-6.840000 0.001322
-6.820000 0.001327
-6.800000 0.001333
-6.780000 0.001338
-6.760000 0.001344
-6.740000 0.001349
-6.720000 0.001355
-6.700000 0.001360
-6.680000 0.001366
-6.660000 0.001372
-6.640000 0.001377
-6.620000 0.001383
-6.600000 0.001389
-6.580000 0.001395
-6.560000 0.001401
-6.540000 0.001406
-6.520000 0.001412
-6.500000 0.001418
-6.480000 0.001425
-6.460000 0.001431
-6.440000 0.001437
-6.420000 0.001443
-6.400000 0.001449
-6.380000 0.001456
-6.360000 0.001462
-6.340000 0.001468
-6.320000 0.001475
-6.300000 0.001481
-6.280000 0.001488
-6.260000 0.001494
-6.240000 0.001501
-6.220000 0.001508
-6.200000 0.001514
-6.180000 0.001521
-6.160000 0.001528
-6.140000 0.001535
-6.120000 0.001542
-6.100000 0.001549
-6.080000 0.001556
-6.060000 0.001563
-6.040000 0.001570
-6.020000 0.001577
-6.000000 0.001585
-5.980000 0.001592
-5.960000 0.001599
-5.940000 0.001607
-5.920000 0.001614
-5.900000 0.001622
-5.880000 0.001630
-5.860000 0.001637
-5.840000 0.001645
-5.820000 0.001653
-5.800000 0.001661
-5.780000 0.001669
-5.760000 0.001677
-5.740000 0.001685
-5.720000 0.001693
-5.700000 0.001701
-5.680000 0.001709
-5.660000 0.001718
-5.640000 0.001726
-5.620000 0.001734
-5.600000 0.001743
-5.580000 0.001752
-5.560000 0.001760
-5.540000 0.001769
-5.520000 0.001778
-5.500000 0.001787
-5.480000 0.001795
-5.460000 0.001805
-5.440000 0.001814
-5.420000 0.001823
-5.400000 0.001832
-5.380000 0.001841
-5.360000 0.001851
-5.340000 0.001860
-5.320000 0.001870
-5.300000 0.001879
-5.280000 0.001889
-5.260000 0.001899
-5.240000 0.001909
-5.220000 0.001919
-5.200000 0.001929
-5.180000 0.001939
-5.160000 0.001949
-5.140000 0.001959
-5.120000 0.001970
-5.100000 0.001980
-5.080000 0.001991
-5.060000 0.002001
-5.040000 0.002012
-5.020000 0.002023
-5.000000 0.002034
-4.980000 0.002045
-4.960000 0.002056
-4.940000 0.002067
-4.920000 0.002078
-4.900000 0.002090
-4.880000 0.002101
-4.860000 0.002113
-4.840000 0.002124
-4.820000 0.002136
-4.800000 0.002148
-4.780000 0.002160
-4.760000 0.002172
-4.740000 0.002184
-4.720000 0.002197
-4.700000 0.002209
-4.680000 0.002221
-4.660000 0.002234
-4.640000 0.002247
-4.620000 0.002260
-4.600000 0.002273
-4.580000 0.002286
-4.560000 0.002299
-4.540000 0.002312
-4.520000 0.002326
-4.500000 0.002339
-4.480000 0.002353
-4.460000 0.002367
-4.440000 0.002381
-4.420000 0.002395
-4.400000 0.002409
-4.380000 0.002423
-4.360000 0.002438
-4.340000 0.002453
-4.320000 0.002467
-4.300000 0.002482
-4.280000 0.002497
-4.260000 0.002512
-4.240000 0.002528
-4.220000 0.002543
-4.200000 0.002559
-4.180000 0.002574
-4.160000 0.002590
-4.140000 0.002606
-4.120000 0.002623
-4.100000 0.002639
-4.080000 0.002656
-4.060000 0.002672
-4.040000 0.002689
-4.020000 0.002706
-4.000000 0.002723
-3.980000 0.002741
-3.960000 0.002758
-3.940000 0.002776
-3.920000 0.002794
-3.900000 0.002812
-3.880000 0.002830
-3.860000 0.002848
-3.840000 0.002867
-3.820000 0.002886
-3.800000 0.002905
-3.780000 0.002924
-3.760000 0.002943
-3.740000 0.002963
-3.720000 0.002982
-3.700000 0.003002
-3.680000 0.003022
-3.660000 0.003043
-3.640000 0.003063
-3.620000 0.003084
-3.600000 0.003105
-3.580000 0.003126
-3.560000 0.003148
-3.540000 0.003170
-3.520000 0.003191
-3.500000 0.003214
-3.480000 0.003236
-3.460000 0.003259
-3.440000 0.003281
-3.420000 0.003305
-3.400000 0.003328
-3.380000 0.003352
-3.360000 0.003375
-3.340000 0.003400
-3.320000 0.003424
-3.300000 0.003449
-3.280000 0.003473
-3.260000 0.003499
-3.240000 0.003524
-3.220000 0.003550
-3.200000 0.003576
-3.180000 0.003602
-3.160000 0.003629
-3.140000 0.003656
-3.120000 0.003683
-3.100000 0.003711
-3.080000 0.003739
-3.060000 0.003767
-3.040000 0.003795
-3.020000 0.003824
-3.000000 0.003854
-2.980000 0.003883
-2.960000 0.003913
-2.940000 0.003943
-2.920000 0.003974
-2.900000 0.004005
-2.880000 0.004036
-2.860000 0.004068
-2.840000 0.004100
-2.820000 0.004132
-2.800000 0.004165
-2.780000 0.004199
-2.760000 0.004232
-2.740000 0.004266
-2.720000 0.004301
-2.700000 0.004336
-2.680000 0.004371
-2.660000 0.004407
-2.640000 0.004443
-2.620000 0.004480
-2.600000 0.004517
-2.580000 0.004555
-2.560000 0.004593
-2.540000 0.004632
-2.520000 0.004671
-2.500000 0.004711
-2.480000 0.004751
-2.460000 0.004791
-2.440000 0.004833
-2.420000 0.004874
-2.400000 0.004917
-2.380000 0.004960
-2.360000 0.005003
-2.340000 0.005047
-2.320000 0.005092
-2.300000 0.005137
-2.280000 0.005183
-2.260000 0.005229
-2.240000 0.005276
-2.220000 0.005324
-2.200000 0.005372
-2.180000 0.005421
-2.160000 0.005471
-2.140000 0.005522
-2.120000 0.005573
-2.100000 0.005625
-2.080000 0.005677
-2.060000 0.005731
-2.040000 0.005785
-2.020000 0.005840
-2.000000 0.005896
-1.980000 0.005952
-1.960000 0.006010
-1.940000 0.006068
-1.920000 0.006127
-1.900000 0.006187
-1.880000 0.006248
-1.860000 0.006310
-1.840000 0.006372
-1.820000 0.006436
-1.800000 0.006501
-1.780000 0.006566
-1.760000 0.006633
-1.740000 0.006701
-1.720000 0.006769
-1.700000 0.006839
-1.680000 0.006910
-1.660000 0.006982
-1.640000 0.007056
-1.620000 0.007130
-1.600000 0.007206
-1.580000 0.007282
-1.560000 0.007360
-1.540000 0.007440
-1.520000 0.007521
-1.500000 0.007603
-1.480000 0.007686
-1.460000 0.007771
-1.440000 0.007857
-1.420000 0.007945
-1.400000 0.008034
-1.380000 0.008125
-1.360000 0.008217
-1.340000 0.008311
-1.320000 0.008406
-1.300000 0.008504
-1.280000 0.008603
-1.260000 0.008703
-1.240000 0.008806
-1.220000 0.008910
-1.200000 0.009017
-1.180000 0.009125
-1.160000 0.009235
-1.140000 0.009348
-1.120000 0.009462
-1.100000 0.009579
-1.080000 0.009697
-1.060000 0.009818
-1.040000 0.009942
-1.020000 0.010068
-1.000000 0.010196
-0.980000 0.010326
-0.960000 0.010460
-0.940000 0.010596
-0.920000 0.010734
-0.900000 0.010876
-0.880000 0.011020
-0.860000 0.011167
-0.840000 0.011318
-0.820000 0.011471
-0.800000 0.011628
-0.780000 0.011788
-0.760000 0.011951
-0.740000 0.012118
-0.720000 0.012288
-0.700000 0.012463
-0.680000 0.012641
-0.660000 0.012822
-0.640000 0.013008
-0.620000 0.013198
-0.600000 0.013393
-0.580000 0.013592
-0.560000 0.013795
-0.540000 0.014003
-0.520000 0.014216
-0.500000 0.014434
-0.480000 0.014658
-0.460000 0.014886
-0.440000 0.015120
-0.420000 0.015360
-0.400000 0.015606
-0.380000 0.015858
-0.360000 0.016116
-0.340000 0.016381
-0.320000 0.016652
-0.300000 0.016931
-0.280000 0.017217
-0.260000 0.017510
-0.240000 0.017811
-0.220000 0.018120
-0.200000 0.018438
-0.180000 0.018764
-0.160000 0.019100
-0.140000 0.019444
-0.120000 0.019799
-0.100000 0.020164
-0.080000 0.020539
-0.060000 0.020925
-0.040000 0.021323
-0.020000 0.021732
-0.000000 0.022154
0.020000 0.022589
0.040000 0.023037
0.060000 0.023500
0.080000 0.023977
0.100000 0.024469
0.120000 0.024977
0.140000 0.025503
0.160000 0.026045
0.180000 0.026606
0.200000 0.027187
0.220000 0.027787
0.240000 0.028409
0.260000 0.029053
0.280000 0.029720
0.300000 0.030412
0.320000 0.031130
0.340000 0.031876
0.360000 0.032650
0.380000 0.033454
0.400000 0.034290
0.420000 0.035161
0.440000 0.036067
0.460000 0.037011
0.480000 0.037996
0.500000 0.039024
0.520000 0.040097
0.540000 0.041219
0.560000 0.042393
0.580000 0.043622
0.600000 0.044910
0.620000 0.046262
0.640000 0.047681
0.660000 0.049173
0.680000 0.050744
0.700000 0.052399
0.720000 0.054146
0.740000 0.055991
0.760000 0.057944
0.780000 0.060012
0.800000 0.062207
0.820000 0.064539
0.840000 0.067020
0.860000 0.069666
0.880000 0.072490
0.900000 0.075509
0.920000 0.078743
0.940000 0.082211
0.960000 0.085937
0.980000 0.089944
1.000000 0.094261
1.020000 0.098914
1.040000 0.103937
1.060000 0.109361
1.080000 0.115222
1.100000 0.121557
1.120000 0.128402
1.140000 0.135798
1.160000 0.143780
1.180000 0.152388
1.200000 0.161656
1.220000 0.171616
1.240000 0.182297
1.260000 0.193721
1.280000 0.205905
1.300000 0.218855
1.320000 0.232569
1.340000 0.247037
1.360000 0.262233
1.380000 0.278123
1.400000 0.294659
1.420000 0.311782
1.440000 0.329422
1.460000 0.347499
1.480000 0.365926
1.500000 0.384611
1.520000 0.403461
1.540000 0.422382
1.560000 0.441287
1.580000 0.460098
1.600000 0.478751
1.620000 0.497197
1.640000 0.515408
1.660000 0.533380
1.680000 0.551134
1.700000 0.568715
1.720000 0.586196
1.740000 0.603677
1.760000 0.621278
1.780000 0.639138
1.800000 0.657414
1.820000 0.676270
1.840000 0.695872
1.860000 0.716382
1.880000 0.737951
1.900000 0.760708
1.920000 0.784755
1.940000 0.810159
1.960000 0.836943
1.980000 0.865086
2.000000 0.894511
2.020000 0.925089
2.040000 0.956630
2.060000 0.988891
2.080000 1.021571
2.100000 1.054321
2.120000 1.086745
2.140000 1.118410
2.160000 1.148855
2.180000 1.177602
2.200000 1.204164
2.220000 1.228065
2.240000 1.248846
2.260000 1.266079
2.280000 1.279383
2.300000 1.288431
2.320000 1.292963
2.340000 1.292792
2.360000 1.287811
2.380000 1.277995
2.400000 1.263406
2.420000 1.244187
2.440000 1.220561
2.460000 1.192824
2.480000 1.161335
2.500000 1.126509
2.520000 1.088802
2.540000 1.048703
2.560000 1.006717
2.580000 0.963357
2.600000 0.919128
2.620000 0.874520
2.640000 0.829995
2.660000 0.785981
2.680000 0.742867
2.700000 0.700992
2.720000 0.660652
2.740000 0.622088
2.760000 0.585493
2.780000 0.551012
2.800000 0.518743
2.820000 0.488742
2.840000 0.461024
2.860000 0.435571
2.880000 0.412334
2.900000 0.391237
2.920000 0.372183
2.940000 0.355056
2.960000 0.339728
2.980000 0.326059
3.000000 0.313902
3.020000 0.303104
3.040000 0.293511
3.060000 0.284971
3.080000 0.277332
3.100000 0.270447
3.120000 0.264176
3.140000 0.258386
3.160000 0.252955
3.180000 0.247769
3.200000 0.242726
3.220000 0.237740
3.240000 0.232734
3.260000 0.227647
3.280000 0.222432
3.300000 0.217053
3.320000 0.211490
3.340000 0.205734
3.360000 0.199787
3.380000 0.193662
3.400000 0.187380
3.420000 0.180969
3.440000 0.174463
3.460000 0.167899
3.480000 0.161317
3.500000 0.154756
3.520000 0.148256
3.540000 0.141856
3.560000 0.135588
3.580000 0.129484
3.600000 0.123572
3.620000 0.117872
3.640000 0.112403
3.660000 0.107177
3.680000 0.102203
3.700000 0.097484
3.720000 0.093021
3.740000 0.088811
3.760000 0.084848
3.780000 0.081125
3.800000 0.077631
3.820000 0.074357
3.840000 0.071290
3.860000 0.068417
3.880000 0.065728
3.900000 0.063209
3.920000 0.060849
3.940000 0.058636
3.960000 0.056560
3.980000 0.054610
4.000000 0.052777
4.020000 0.051053
4.040000 0.049429
4.060000 0.047898
4.080000 0.046454
4.100000 0.045090
4.120000 0.043801
4.140000 0.042581
4.160000 0.041427
4.180000 0.040332
4.200000 0.039295
4.220000 0.038310
4.240000 0.037374
4.260000 0.036485
4.280000 0.035638
4.300000 0.034832
4.320000 0.034063
4.340000 0.033330
4.360000 0.032629
4.380000 0.031959
4.400000 0.031318
4.420000 0.030704
4.440000 0.030115
4.460000 0.029550
4.480000 0.029008
4.500000 0.028487
4.520000 0.027986
4.540000 0.027505
4.560000 0.027042
4.580000 0.026598
4.600000 0.026171
4.620000 0.025761
4.640000 0.025367
4.660000 0.024990
4.680000 0.024628
4.700000 0.024282
4.720000 0.023951
4.740000 0.023634
4.760000 0.023331
4.780000 0.023042
4.800000 0.022766
4.820000 0.022501
4.840000 0.022248
4.860000 0.022005
4.880000 0.021771
4.900000 0.021546
4.920000 0.021327
4.940000 0.021115
4.960000 0.020908
4.980000 0.020704
5.000000 0.020504
5.020000 0.020306
5.040000 0.020110
5.060000 0.019914
5.080000 0.019719
5.100000 0.019525
5.120000 0.019332
5.140000 0.019139
5.160000 0.018948
5.180000 0.018760
5.200000 0.018575
5.220000 0.018395
5.240000 0.018221
5.260000 0.018054
5.280000 0.017896
5.300000 0.017750
5.320000 0.017616
5.340000 0.017497
5.360000 0.017394
5.380000 0.017309
5.400000 0.017244
5.420000 0.017200
5.440000 0.017178
5.460000 0.017180
5.480000 0.017206
5.500000 0.017256
5.520000 0.017331
5.540000 0.017430
5.560000 0.017554
5.580000 0.017700
5.600000 0.017868
5.620000 0.018056
5.640000 0.018261
5.660000 0.018482
5.680000 0.018715
5.700000 0.018957
5.720000 0.019207
5.740000 0.019459
5.760000 0.019711
5.780000 0.019960
5.800000 0.020203
5.820000 0.020437
5.840000 0.020660
5.860000 0.020871
5.880000 0.021067
5.900000 0.021248
5.920000 0.021415
5.940000 0.021567
5.960000 0.021708
5.980000 0.021838
6.000000 0.021961
6.020000 0.022080
6.040000 0.022198
6.060000 0.022320
6.080000 0.022449
6.100000 0.022591
6.120000 0.022748
6.140000 0.022924
6.160000 0.023123
6.180000 0.023346
6.200000 0.023595
6.220000 0.023869
6.240000 0.024169
6.260000 0.024491
6.280000 0.024833
6.300000 0.025191
6.320000 0.025557
6.340000 0.025927
6.360000 0.026292
6.380000 0.026644
6.400000 0.026975
6.420000 0.027276
6.440000 0.027537
6.460000 0.027751
6.480000 0.027909
6.500000 0.028004
6.520000 0.028032
6.540000 0.027986
6.560000 0.027864
6.580000 0.027663
6.600000 0.027385
6.620000 0.027029
6.640000 0.026599
6.660000 0.026100
6.680000 0.025536
6.700000 0.024915
6.720000 0.024243
6.740000 0.023530
6.760000 0.022783
6.780000 0.022011
6.800000 0.021223
6.820000 0.020428
6.840000 0.019632
6.860000 0.018845
6.880000 0.018071
6.900000 0.017318
6.920000 0.016591
6.940000 0.015893
6.960000 0.015228
6.980000 0.014599
7.000000 0.014008
7.020000 0.013455
7.040000 0.012941
7.060000 0.012467
7.080000 0.012032
7.100000 0.011635
7.120000 0.011275
7.140000 0.010951
7.160000 0.010661
7.180000 0.010404
7.200000 0.010179
7.220000 0.009982
7.240000 0.009814
7.260000 0.009671
7.280000 0.009553
7.300000 0.009458
7.320000 0.009383
7.340000 0.009328
7.360000 0.009289
7.380000 0.009266
7.400000 0.009256
7.420000 0.009258
7.440000 0.009268
7.460000 0.009287
7.480000 0.009310
7.500000 0.009336
7.520000 0.009363
7.540000 0.009388
7.560000 0.009411
7.580000 0.009427
7.600000 0.009437
7.620000 0.009438
7.640000 0.009429
7.660000 0.009408
7.680000 0.009376
7.700000 0.009331
7.720000 0.009273
7.740000 0.009202
7.760000 0.009119
7.780000 0.009025
7.800000 0.008921
7.820000 0.008808
7.840000 0.008687
7.860000 0.008561
7.880000 0.008432
7.900000 0.008301
7.920000 0.008170
7.940000 0.008042
7.960000 0.007919
7.980000 0.007803
8.000000 0.007695
8.020000 0.007598
8.040000 0.007513
8.060000 0.007442
8.080000 0.007385
8.100000 0.007345
8.120000 0.007321
8.140000 0.007314
8.160000 0.007325
8.180000 0.007354
8.200000 0.007400
8.220000 0.007463
8.240000 0.007542
8.260000 0.007636
8.280000 0.007743
8.300000 0.007862
8.320000 0.007991
8.340000 0.008128
8.360000 0.008269
8.380000 0.008413
8.400000 0.008557
8.420000 0.008696
8.440000 0.008829
8.460000 0.008953
8.480000 0.009063
8.500000 0.009158
8.520000 0.009235
8.540000 0.009292
8.560000 0.009326
8.580000 0.009336
8.600000 0.009321
8.620000 0.009280
8.640000 0.009214
8.660000 0.009122
8.680000 0.009005
8.700000 0.008865
8.720000 0.008703
8.740000 0.008522
8.760000 0.008323
8.780000 0.008109
8.800000 0.007883
8.820000 0.007647
8.840000 0.007405
8.860000 0.007159
8.880000 0.006910
8.900000 0.006663
8.920000 0.006418
8.940000 0.006178
8.960000 0.005945
8.980000 0.005718
9.000000 0.005501
9.020000 0.005293
9.040000 0.005096
9.060000 0.004908
9.080000 0.004732
9.100000 0.004566
9.120000 0.004411
9.140000 0.004265
9.160000 0.004130
9.180000 0.004004
9.200000 0.003886
9.220000 0.003777
9.240000 0.003676
9.260000 0.003581
9.280000 0.003494
9.300000 0.003412
9.320000 0.003336
9.340000 0.003265
9.360000 0.003199
9.380000 0.003137
9.400000 0.003079
9.420000 0.003024
9.440000 0.002973
9.460000 0.002925
9.480000 0.002879
9.500000 0.002836
9.520000 0.002794
9.540000 0.002755
9.560000 0.002718
9.580000 0.002683
9.600000 0.002649
9.620000 0.002616
9.640000 0.002585
9.660000 0.002555
9.680000 0.002526
9.700000 0.002498
9.720000 0.002472
9.740000 0.002446
9.760000 0.002421
9.780000 0.002397
9.800000 0.002373
9.820000 0.002351
9.840000 0.002328
9.860000 0.002307
9.880000 0.002286
9.900000 0.002266
9.920000 0.002246
9.940000 0.002227
9.960000 0.002208
9.980000 0.002189
10.000000 0.002171
10.020000 0.002154
10.040000 0.002137
10.060000 0.002120
10.080000 0.002103
10.100000 0.002087
10.120000 0.002071
10.140000 0.002056
10.160000 0.002041
10.180000 0.002026
10.200000 0.002011
10.220000 0.001997
10.240000 0.001982
10.260000 0.001968
10.280000 0.001955
10.300000 0.001941
10.320000 0.001928
10.340000 0.001915
10.360000 0.001902
10.380000 0.001889
10.400000 0.001877
10.420000 0.001865
10.440000 0.001853
10.460000 0.001841
10.480000 0.001829
10.500000 0.001817
10.520000 0.001806
10.540000 0.001795
10.560000 0.001783
10.580000 0.001772
10.600000 0.001762
10.620000 0.001751
10.640000 0.001740
10.660000 0.001730
10.680000 0.001719
10.700000 0.001709
10.720000 0.001699
10.740000 0.001689
10.760000 0.001679
10.780000 0.001670
10.800000 0.001660
10.820000 0.001650
10.840000 0.001641
10.860000 0.001632
10.880000 0.001623
10.900000 0.001613
10.920000 0.001604
10.940000 0.001596
10.960000 0.001587
10.980000 0.001578
11.000000 0.001569
11.020000 0.001561
11.040000 0.001552
11.060000 0.001544
11.080000 0.001536
11.100000 0.001527
11.120000 0.001519
11.140000 0.001511
11.160000 0.001503
11.180000 0.001495
11.200000 0.001488
11.220000 0.001480
11.240000 0.001472
11.260000 0.001465
11.280000 0.001457
11.300000 0.001450
11.320000 0.001442
11.340000 0.001435
11.360000 0.001428
11.380000 0.001420
11.400000 0.001413
11.420000 0.001406
11.440000 0.001399
11.460000 0.001392
11.480000 0.001385
11.500000 0.001379
11.520000 0.001372
11.540000 0.001365
11.560000 0.001358
11.580000 0.001352
11.600000 0.001345
11.620000 0.001339
11.640000 0.001332
11.660000 0.001326
11.680000 0.001320
11.700000 0.001313
11.720000 0.001307
11.740000 0.001301
11.760000 0.001295
11.780000 0.001289
11.800000 0.001283
11.820000 0.001277
11.840000 0.001271
11.860000 0.001265
11.880000 0.001259
11.900000 0.001253
11.920000 0.001247
11.940000 0.001242
11.960000 0.001236
11.980000 0.001230
12.000000 0.001225
12.020000 0.001219
12.040000 0.001214
12.060000 0.001208
12.080000 0.001203
12.100000 0.001197
12.120000 0.001192
12.140000 0.001187
12.160000 0.001182
12.180000 0.001176
12.200000 0.001171
12.220000 0.001166
12.240000 0.001161
12.260000 0.001156
12.280000 0.001151
12.300000 0.001146
12.320000 0.001141
12.340000 0.001136
12.360000 0.001131
12.380000 0.001126
12.400000 0.001121
12.420000 0.001116
12.440000 0.001112
12.460000 0.001107
12.480000 0.001102
12.500000 0.001098
12.520000 0.001093
12.540000 0.001088
12.560000 0.001084
12.580000 0.001079
12.600000 0.001075
12.620000 0.001070
12.640000 0.001066
12.660000 0.001061
12.680000 0.001057
12.700000 0.001053
12.720000 0.001048
12.740000 0.001044
12.760000 0.001040
12.780000 0.001035
12.800000 0.001031
12.820000 0.001027
12.840000 0.001023
12.860000 0.001019
12.880000 0.001015
12.900000 0.001011
12.920000 0.001006
12.940000 0.001002
12.960000 0.000998
12.980000 0.000994
13.000000 0.000991
13.020000 0.000987
13.040000 0.000983
13.060000 0.000979
13.080000 0.000975
13.100000 0.000971
13.120000 0.000967
13.140000 0.000963
13.160000 0.000960
13.180000 0.000956
13.200000 0.000952
13.220000 0.000949
13.240000 0.000945
13.260000 0.000941
13.280000 0.000938
13.300000 0.000934
13.320000 0.000930
13.340000 0.000927
13.360000 0.000923
13.380000 0.000920
13.400000 0.000916
13.420000 0.000913
13.440000 0.000909
13.460000 0.000906
13.480000 0.000902
13.500000 0.000899
13.520000 0.000896
13.540000 0.000892
13.560000 0.000889
13.580000 0.000886
13.600000 0.000882
13.620000 0.000879
13.640000 0.000876
13.660000 0.000873
13.680000 0.000869
13.700000 0.000866
13.720000 0.000863
13.740000 0.000860
13.760000 0.000857
13.780000 0.000854
13.800000 0.000850
13.820000 0.000847
13.840000 0.000844
13.860000 0.000841
13.880000 0.000838
13.900000 0.000835
13.920000 0.000832
13.940000 0.000829
13.960000 0.000826
13.980000 0.000823
14.000000 0.000820
14.020000 0.000817
14.040000 0.000814
14.060000 0.000811
14.080000 0.000809
14.100000 0.000806
14.120000 0.000803
14.140000 0.000800
14.160000 0.000797
14.180000 0.000794
14.200000 0.000792
14.220000 0.000789
14.240000 0.000786
14.260000 0.000783
14.280000 0.000781
14.300000 0.000778
14.320000 0.000775
14.340000 0.000773
14.360000 0.000770
14.380000 0.000767
14.400000 0.000765
14.420000 0.000762
14.440000 0.000759
14.460000 0.000757
14.480000 0.000754
14.500000 0.000752
14.520000 0.000749
14.540000 0.000746
14.560000 0.000744
14.580000 0.000741
14.600000 0.000739
14.620000 0.000736
14.640000 0.000734
14.660000 0.000731
14.680000 0.000729
14.700000 0.000727
14.720000 0.000724
14.740000 0.000722
14.760000 0.000719
14.780000 0.000717
14.800000 0.000715
14.820000 0.000712
14.840000 0.000710
14.860000 0.000707
14.880000 0.000705
14.900000 0.000703
14.920000 0.000701
14.940000 0.000698
14.960000 0.000696
14.980000 0.000694
15.000000 0.000691
15.020000 0.000689
15.040000 0.000687
15.060000 0.000685
15.080000 0.000682
15.100000 0.000680
15.120000 0.000678
15.140000 0.000676
15.160000 0.000674
15.180000 0.000672
15.200000 0.000669
15.220000 0.000667
15.240000 0.000665
15.260000 0.000663
15.280000 0.000661
15.300000 0.000659
15.320000 0.000657
15.340000 0.000655
15.360000 0.000653
15.380000 0.000651
15.400000 0.000648
15.420000 0.000646
15.440000 0.000644
15.460000 0.000642
15.480000 0.000640
15.500000 0.000638
15.520000 0.000636
15.540000 0.000634
15.560000 0.000632
15.580000 0.000630
15.600000 0.000628
15.620000 0.000627
15.640000 0.000625
15.660000 0.000623
15.680000 0.000621
15.700000 0.000619
15.720000 0.000617
15.740000 0.000615
15.760000 0.000613
15.780000 0.000611
15.800000 0.000609
15.820000 0.000608
15.840000 0.000606
15.860000 0.000604
15.880000 0.000602
15.900000 0.000600
15.920000 0.000598
15.940000 0.000597
15.960000 0.000595
15.980000 0.000593
16.000000 0.000591
16.020000 0.000590
16.040000 0.000588
16.060000 0.000586
16.080000 0.000584
16.100000 0.000583
16.120000 0.000581
16.140000 0.000579
16.160000 0.000577
16.180000 0.000576
16.200000 0.000574
16.220000 0.000572
16.240000 0.000571
16.260000 0.000569
16.280000 0.000567
16.300000 0.000566
16.320000 0.000564
16.340000 0.000562
16.360000 0.000561
16.380000 0.000559
16.400000 0.000557
16.420000 0.000556
16.440000 0.000554
16.460000 0.000552
16.480000 0.000551
16.500000 0.000549
16.520000 0.000548
16.540000 0.000546
16.560000 0.000545
16.580000 0.000543
16.600000 0.000541
16.620000 0.000540
16.640000 0.000538
16.660000 0.000537
16.680000 0.000535
16.700000 0.000534
16.720000 0.000532
16.740000 0.000531
16.760000 0.000529
16.780000 0.000528
16.800000 0.000526
16.820000 0.000525
16.840000 0.000523
16.860000 0.000522
16.880000 0.000520
16.900000 0.000519
16.920000 0.000517
16.940000 0.000516
16.960000 0.000515
16.980000 0.000513
17.000000 0.000512
17.020000 0.000510
17.040000 0.000509
17.060000 0.000507
17.080000 0.000506
17.100000 0.000505
17.120000 0.000503
17.140000 0.000502
17.160000 0.000500
17.180000 0.000499
17.200000 0.000498
17.220000 0.000496
17.240000 0.000495
17.260000 0.000494
17.280000 0.000492
17.300000 0.000491
17.320000 0.000490
17.340000 0.000488
17.360000 0.000487
17.380000 0.000486
17.400000 0.000484
17.420000 0.000483
17.440000 0.000482
17.460000 0.000480
17.480000 0.000479
17.500000 0.000478
17.520000 0.000477
17.540000 0.000475
17.560000 0.000474
17.580000 0.000473
17.600000 0.000472
17.620000 0.000470
17.640000 0.000469
17.660000 0.000468
17.680000 0.000467
17.700000 0.000465
17.720000 0.000464
17.740000 0.000463
17.760000 0.000462
17.780000 0.000460
17.800000 0.000459
17.820000 0.000458
17.840000 0.000457
17.860000 0.000456
17.880000 0.000454
17.900000 0.000453
17.920000 0.000452
17.940000 0.000451
17.960000 0.000450
17.980000 0.000449
18.000000 0.000447
18.020000 0.000446
18.040000 0.000445
18.060000 0.000444
18.080000 0.000443
18.100000 0.000442
18.120000 0.000440
18.140000 0.000439
18.160000 0.000438
18.180000 0.000437
18.200000 0.000436
18.220000 0.000435
18.240000 0.000434
18.260000 0.000433
18.280000 0.000432
18.300000 0.000430
18.320000 0.000429
18.340000 0.000428
18.360000 0.000427
18.380000 0.000426
18.400000 0.000425
18.420000 0.000424
18.440000 0.000423
18.460000 0.000422
18.480000 0.000421
18.500000 0.000420
18.520000 0.000419
18.540000 0.000418
18.560000 0.000417
18.580000 0.000415
18.600000 0.000414
18.620000 0.000413
18.640000 0.000412
18.660000 0.000411
18.680000 0.000410
18.700000 0.000409
18.720000 0.000408
18.740000 0.000407
18.760000 0.000406
18.780000 0.000405
18.800000 0.000404
18.820000 0.000403
18.840000 0.000402
18.860000 0.000401
18.880000 0.000400
18.900000 0.000399
18.920000 0.000398
18.940000 0.000397
18.960000 0.000396
18.980000 0.000395
19.000000 0.000394
19.020000 0.000394
19.040000 0.000393
19.060000 0.000392
19.080000 0.000391
19.100000 0.000390
19.120000 0.000389
19.140000 0.000388
19.160000 0.000387
19.180000 0.000386
19.200000 0.000385
19.220000 0.000384
19.240000 0.000383
19.260000 0.000382
19.280000 0.000381
19.300000 0.000380
19.320000 0.000379
19.340000 0.000378
19.360000 0.000377
19.380000 0.000376
19.400000 0.000375
19.420000 0.000374
19.440000 0.000373
19.460000 0.000372
19.480000 0.000371
19.500000 0.000369
19.520000 0.000367
19.540000 0.000366
19.560000 0.000363
19.580000 0.000361
19.600000 0.000358
19.620000 0.000355
19.640000 0.000352
19.660000 0.000347
19.680000 0.000343
19.700000 0.000337
19.720000 0.000331
19.740000 0.000325
19.760000 0.000317
19.780000 0.000309
19.800000 0.000299
19.820000 0.000289
19.840000 0.000279
19.860000 0.000267
19.880000 0.000255
19.900000 0.000242
19.920000 0.000228
19.940000 0.000214
19.960000 0.000200
19.980000 0.000186

#Sticks
-13.620000 0.000025
-13.580000 0.000003
-13.540000 0.000563
-13.520000 0.000943
-13.500000 0.005445
-13.480000 0.000798
-13.460000 0.002251
-13.400000 0.001144
-13.380000 0.003643
-13.360000 0.000745
-13.320000 0.000033
-13.300000 0.000923
-13.280000 0.000191
-13.260000 0.000234
-13.240000 0.000341
-13.220000 0.000119
-13.200000 0.000011
-12.080000 0.000047
-12.060000 0.000002
-12.040000 0.000013
-12.020000 0.000001
-12.000000 0.003714
-11.980000 0.002790
-11.960000 0.000928
-11.940000 0.000028
-11.920000 0.000002
-11.900000 0.000096
-11.880000 0.000001
-11.860000 0.000009
-11.840000 0.000005
-11.800000 0.000001
-11.600000 0.000000
-11.540000 0.000004
-11.520000 0.000099
-11.500000 0.000000
-11.480000 0.000002
-11.460000 0.000004
-11.440000 0.000002
-11.420000 0.000000
-11.400000 0.000006
-11.380000 0.000021
-11.360000 0.000001
-11.340000 0.000017
-11.320000 0.000001
-11.240000 0.000003
-11.220000 0.000004
-11.200000 0.000008
-11.040000 0.000005
-11.020000 0.000007
-9.920000 0.000000
1.580000 0.000000
1.600000 0.000001
1.640000 0.005183
1.660000 0.000236
1.680000 0.000863
1.700000 0.243018
1.720000 0.055076
2.040000 0.001320
2.100000 0.021561
2.120000 0.061705
2.140000 0.019660
2.160000 0.003862
2.220000 0.081443
2.240000 0.077216
2.280000 0.008135
2.300000 0.000066
2.340000 0.220460
2.360000 0.107013
2.380000 0.217207
2.400000 0.295554
2.420000 0.024562
2.440000 0.038489
2.460000 0.045493
2.480000 0.000377
2.500000 0.000058
2.580000 0.000001
2.640000 0.000000
2.660000 0.000000
3.120000 0.000008
3.180000 0.001019
3.200000 0.002442
3.220000 0.000015
3.240000 0.000146
3.260000 0.069802
3.280000 0.033799
3.300000 0.000934
3.320000 0.000401
3.360000 0.000033
3.440000 0.000021
3.500000 0.000015
3.580000 0.000010
3.600000 0.000002
3.620000 0.000110
3.640000 0.000008
3.660000 0.000001
3.680000 0.000849
3.700000 0.000511
3.720000 0.000130
3.740000 0.000338
3.760000 0.000014
3.780000 0.000007
3.800000 0.000329
3.820000 0.000162
3.840000 0.000436
3.860000 0.000236
3.880000 0.000176
3.900000 0.000183
3.960000 0.000173
4.000000 0.000074
4.020000 0.000097
4.040000 0.000012
4.080000 0.000048
4.100000 0.000078
4.120000 0.000172
4.140000 0.000051
4.160000 0.000108
4.180000 0.000062
4.260000 0.000105
4.300000 0.000004
4.360000 0.000130
4.380000 0.000197
4.420000 0.000385
4.440000 0.000005
4.460000 0.000111
4.540000 0.000109
4.560000 0.000069
4.580000 0.000085
4.600000 0.000223
4.620000 0.000462
4.640000 0.000015
4.800000 0.000001
4.820000 0.000087
4.840000 0.000010
4.860000 0.000122
4.920000 0.000052
4.940000 0.000226
4.960000 0.000013
4.980000 0.000034
5.020000 0.000016
5.040000 0.000492
5.060000 0.000176
5.100000 0.000424
5.120000 0.000859
5.140000 0.000028
5.160000 0.000165
5.180000 0.000133
5.200000 0.000077
5.240000 0.000080
5.300000 0.000016
5.320000 0.000089
5.340000 0.000035
5.380000 0.000032
5.400000 0.000003
5.420000 0.000023
5.480000 0.000014
5.520000 0.000001
5.580000 0.000008
5.700000 0.000012
5.720000 0.000041
5.740000 0.000038
5.760000 0.000104
5.800000 0.000143
5.840000 0.000802
5.860000 0.000884
5.880000 0.000576
5.900000 0.000718
5.920000 0.000000
5.960000 0.003243
5.980000 0.001458
6.000000 0.000554
6.020000 0.000001
6.100000 0.000140
6.120000 0.000001
6.160000 0.000049
6.180000 0.000020
6.200000 0.000000
6.220000 0.000019
6.260000 0.000048
6.280000 0.000000
6.300000 0.000042
6.320000 0.000001
6.400000 0.000132
6.440000 0.000007
6.460000 0.000084
6.500000 0.000178
6.520000 0.005190
6.560000 0.004036
6.580000 0.003581
6.600000 0.004905
6.620000 0.000698
6.640000 0.000000
6.740000 0.000016
6.800000 0.000034
6.840000 0.000025
6.860000 0.000158
6.880000 0.000013
7.000000 0.000000
7.080000 0.000001
7.140000 0.000011
7.160000 0.000007
7.180000 0.000025
7.200000 0.000001
7.240000 0.000004
7.300000 0.000004
7.360000 0.000030
7.380000 0.000163
7.400000 0.000014
7.460000 0.000019
7.560000 0.000002
7.580000 0.000025
7.600000 0.000023
7.620000 0.000059
7.640000 0.000092
7.660000 0.000128
7.700000 0.002129
7.720000 0.001156
7.840000 0.000003
7.900000 0.000001
7.980000 0.000011
8.000000 0.000013
8.020000 0.000019
8.040000 0.000018
8.080000 0.000002
8.120000 0.000005
8.140000 0.000008
8.160000 0.000002
8.180000 0.000001
8.280000 0.000001
8.340000 0.000001
8.360000 0.000002
8.380000 0.000003
8.400000 0.000003
8.420000 0.000003
8.460000 0.000002
8.480000 0.000002
8.500000 0.000012
8.520000 0.000001
8.540000 0.000007
8.560000 0.000007
8.580000 0.002358
8.600000 0.000282
8.620000 0.001893
8.640000 0.000485
8.660000 0.000172
8.680000 0.000444
8.720000 0.000003
8.760000 0.000000
8.780000 0.000001
8.860000 0.000000
8.920000 0.000000
8.940000 0.000018
9.180000 0.000007
9.220000 0.000001
