-20.000000 0.000385
-19.980000 0.000415
-19.960000 0.000445
-19.940000 0.000473
-19.920000 0.000501
-19.900000 0.000528
-19.880000 0.000554
-19.860000 0.000578
-19.840000 0.000600
-19.820000 0.000621
-19.800000 0.000640
-19.780000 0.000657
-19.760000 0.000673
-19.740000 0.000687
-19.720000 0.000700
-19.700000 0.000711
-19.680000 0.000721
-19.660000 0.000729
-19.640000 0.000737
-19.620000 0.000743
-19.600000 0.000749
-19.580000 0.000754
-19.560000 0.000759
-19.540000 0.000762
-19.520000 0.000766
-19.500000 0.000769
-19.480000 0.000772
-19.460000 0.000775
-19.440000 0.000777
-19.420000 0.000780
-19.400000 0.000782
-19.380000 0.000784
-19.360000 0.000786
-19.340000 0.000788
-19.320000 0.000790
-19.300000 0.000792
-19.280000 0.000794
-19.260000 0.000796
-19.240000 0.000798
-19.220000 0.000801
-19.200000 0.000803
-19.180000 0.000805
-19.160000 0.000807
-19.140000 0.000809
-19.120000 0.000811
-19.100000 0.000813
-19.080000 0.000815
-19.060000 0.000817
-19.040000 0.000819
-19.020000 0.000822
-19.000000 0.000824
-18.980000 0.000826
-18.960000 0.000828
-18.940000 0.000830
-18.920000 0.000833
-18.900000 0.000835
-18.880000 0.000837
-18.860000 0.000839
-18.840000 0.000842
-18.820000 0.000844
-18.800000 0.000846
-18.780000 0.000849
-18.760000 0.000851
-18.740000 0.000853
-18.720000 0.000856
-18.700000 0.000858
-18.680000 0.000860
-18.660000 0.000863
-18.640000 0.000865
-18.620000 0.000868
-18.600000 0.000870
-18.580000 0.000873
-18.560000 0.000875
-18.540000 0.000878
-18.520000 0.000880
-18.500000 0.000883
-18.480000 0.000885
-18.460000 0.000888
-18.440000 0.000890
-18.420000 0.000893
-18.400000 0.000896
-18.380000 0.000898
-18.360000 0.000901
-18.340000 0.000904
-18.320000 0.000906
-18.300000 0.000909
-18.280000 0.000912
-18.260000 0.000914
-18.240000 0.000917
-18.220000 0.000920
-18.200000 0.000923
-18.180000 0.000926
-18.160000 0.000929
-18.140000 0.000931
-18.120000 0.000934
-18.100000 0.000937
-18.080000 0.000940
-18.060000 0.000943
-18.040000 0.000946
-18.020000 0.000949
-18.000000 0.000952
-17.980000 0.000955
-17.960000 0.000958
-17.940000 0.000962
-17.920000 0.000965
-17.900000 0.000968
-17.880000 0.000971
-17.860000 0.000974
-17.840000 0.000978
-17.820000 0.000981
-17.800000 0.000984
-17.780000 0.000987
-17.760000 0.000991
-17.740000 0.000994
-17.720000 0.000998
-17.700000 0.001001
-17.680000 0.001005
-17.660000 0.001008
-17.640000 0.001012
-17.620000 0.001015
-17.600000 0.001019
-17.580000 0.001022
-17.560000 0.001026
-17.540000 0.001030
-17.520000 0.001034
-17.500000 0.001037
-17.480000 0.001041
-17.460000 0.001045
-17.440000 0.001049
-17.420000 0.001053
-17.400000 0.001057
-17.380000 0.001061
-17.360000 0.001065
-17.340000 0.001069
-17.320000 0.001073
-17.300000 0.001077
-17.280000 0.001081
-17.260000 0.001086
-17.240000 0.001090
-17.220000 0.001094
-17.200000 0.001099
-17.180000 0.001103
-17.160000 0.001108
-17.140000 0.001112
-17.120000 0.001117
-17.100000 0.001121
-17.080000 0.001126
-17.060000 0.001131
-17.040000 0.001136
-17.020000 0.001140
-17.000000 0.001145
-16.980000 0.001150
-16.960000 0.001155
-16.940000 0.001160
-16.920000 0.001165
-16.900000 0.001171
-16.880000 0.001176
-16.860000 0.001181
-16.840000 0.001187
-16.820000 0.001192
-16.800000 0.001198
-16.780000 0.001203
-16.760000 0.001209
-16.740000 0.001215
-16.720000 0.001221
-16.700000 0.001226
-16.680000 0.001232
-16.660000 0.001238
-16.640000 0.001245
-16.620000 0.001251
-16.600000 0.001257
-16.580000 0.001264
-16.560000 0.001270
-16.540000 0.001277
-16.520000 0.001283
-16.500000 0.001290
-16.480000 0.001297
-16.460000 0.001304
-16.440000 0.001311
-16.420000 0.001318
-16.400000 0.001326
-16.380000 0.001333
-16.360000 0.001341
-16.340000 0.001348
-16.320000 0.001356
-16.300000 0.001364
-16.280000 0.001372
-16.260000 0.001380
-16.240000 0.001388
-16.220000 0.001397
-16.200000 0.001405
-16.180000 0.001414
-16.160000 0.001423
-16.140000 0.001432
-16.120000 0.001441
-16.100000 0.001451
-16.080000 0.001460
-16.060000 0.001470
-16.040000 0.001480
-16.020000 0.001490
-16.000000 0.001500
-15.980000 0.001511
-15.960000 0.001521
-15.940000 0.001532
-15.920000 0.001543
-15.900000 0.001555
-15.880000 0.001566
-15.860000 0.001578
-15.840000 0.001590
-15.820000 0.001602
-15.800000 0.001615
-15.780000 0.001628
-15.760000 0.001641
-15.740000 0.001654
-15.720000 0.001668
-15.700000 0.001682
-15.680000 0.001696
-15.660000 0.001711
-15.640000 0.001726
-15.620000 0.001741
-15.600000 0.001757
-15.580000 0.001773
-15.560000 0.001789
-15.540000 0.001806
-15.520000 0.001824
-15.500000 0.001841
-15.480000 0.001860
-15.460000 0.001878
-15.440000 0.001898
-15.420000 0.001917
-15.400000 0.001938
-15.380000 0.001958
-15.360000 0.001980
-15.340000 0.002002
-15.320000 0.002024
-15.300000 0.002048
-15.280000 0.002072
-15.260000 0.002097
-15.240000 0.002122
-15.220000 0.002148
-15.200000 0.002175
-15.180000 0.002203
-15.160000 0.002232
-15.140000 0.002262
-15.120000 0.002293
-15.100000 0.002325
-15.080000 0.002358
-15.060000 0.002392
-15.040000 0.002427
-15.020000 0.002464
-15.000000 0.002502
-14.980000 0.002541
-14.960000 0.002582
-14.940000 0.002625
-14.920000 0.002669
-14.900000 0.002715
-14.880000 0.002763
-14.860000 0.002813
-14.840000 0.002864
-14.820000 0.002919
-14.800000 0.002975
-14.780000 0.003034
-14.760000 0.003096
-14.740000 0.003160
-14.720000 0.003228
-14.700000 0.003299
-14.680000 0.003373
-14.660000 0.003451
-14.640000 0.003533
-14.620000 0.003620
-14.600000 0.003711
-14.580000 0.003807
-14.560000 0.003909
-14.540000 0.004016
-14.520000 0.004130
-14.500000 0.004250
-14.480000 0.004378
-14.460000 0.004514
-14.440000 0.004659
-14.420000 0.004814
-14.400000 0.004979
-14.380000 0.005156
-14.360000 0.005345
-14.340000 0.005549
-14.320000 0.005767
-14.300000 0.006003
-14.280000 0.006257
-14.260000 0.006532
-14.240000 0.006830
-14.220000 0.007153
-14.200000 0.007504
-14.180000 0.007885
-14.160000 0.008300
-14.140000 0.008752
-14.120000 0.009244
-14.100000 0.009782
-14.080000 0.010367
-14.060000 0.011006
-14.040000 0.011702
-14.020000 0.012460
-14.000000 0.013283
-13.980000 0.014178
-13.960000 0.015146
-13.940000 0.016192
-13.920000 0.017319
-13.900000 0.018529
-13.880000 0.019824
-13.860000 0.021203
-13.840000 0.022665
-13.820000 0.024208
-13.800000 0.025826
-13.780000 0.027514
-13.760000 0.029264
-13.740000 0.031064
-13.720000 0.032903
-13.700000 0.034765
-13.680000 0.036635
-13.660000 0.038495
-13.640000 0.040325
-13.620000 0.042104
-13.600000 0.043812
-13.580000 0.045426
-13.560000 0.046924
-13.540000 0.048287
-13.520000 0.049494
-13.500000 0.050529
-13.480000 0.051374
-13.460000 0.052018
-13.440000 0.052450
-13.420000 0.052665
-13.400000 0.052658
-13.380000 0.052431
-13.360000 0.051987
-13.340000 0.051334
-13.320000 0.050483
-13.300000 0.049448
-13.280000 0.048245
-13.260000 0.046892
-13.240000 0.045409
-13.220000 0.043818
-13.200000 0.042139
-13.180000 0.040395
-13.160000 0.038607
-13.140000 0.036796
-13.120000 0.034980
-13.100000 0.033177
-13.080000 0.031404
-13.060000 0.029674
-13.040000 0.027999
-13.020000 0.026390
-13.000000 0.024855
-12.980000 0.023400
-12.960000 0.022028
-12.940000 0.020744
-12.920000 0.019548
-12.900000 0.018440
-12.880000 0.017419
-12.860000 0.016484
-12.840000 0.015632
-12.820000 0.014860
-12.800000 0.014164
-12.780000 0.013542
-12.760000 0.012990
-12.740000 0.012504
-12.720000 0.012081
-12.700000 0.011719
-12.680000 0.011414
-12.660000 0.011165
-12.640000 0.010969
-12.620000 0.010824
-12.600000 0.010730
-12.580000 0.010685
-12.560000 0.010689
-12.540000 0.010741
-12.520000 0.010841
-12.500000 0.010988
-12.480000 0.011182
-12.460000 0.011424
-12.440000 0.011712
-12.420000 0.012047
-12.400000 0.012426
-12.380000 0.012849
-12.360000 0.013314
-12.340000 0.013818
-12.320000 0.014357
-12.300000 0.014928
-12.280000 0.015525
-12.260000 0.016142
-12.240000 0.016773
-12.220000 0.017411
-12.200000 0.018046
-12.180000 0.018671
-12.160000 0.019277
-12.140000 0.019853
-12.120000 0.020391
-12.100000 0.020881
-12.080000 0.021316
-12.060000 0.021686
-12.040000 0.021985
-12.020000 0.022208
-12.000000 0.022348
-11.980000 0.022404
-11.960000 0.022373
-11.940000 0.022256
-11.920000 0.022054
-11.900000 0.021770
-11.880000 0.021409
-11.860000 0.020976
-11.840000 0.020478
-11.820000 0.019923
-11.800000 0.019319
-11.780000 0.018676
-11.760000 0.018001
-11.740000 0.017304
-11.720000 0.016593
-11.700000 0.015876
-11.680000 0.015161
-11.660000 0.014454
-11.640000 0.013761
-11.620000 0.013087
-11.600000 0.012437
-11.580000 0.011813
-11.560000 0.011218
-11.540000 0.010654
-11.520000 0.010121
-11.500000 0.009619
-11.480000 0.009149
-11.460000 0.008710
-11.440000 0.008301
-11.420000 0.007920
-11.400000 0.007565
-11.380000 0.007237
-11.360000 0.006932
-11.340000 0.006650
-11.320000 0.006388
-11.300000 0.006144
-11.280000 0.005919
-11.260000 0.005709
-11.240000 0.005515
-11.220000 0.005334
-11.200000 0.005165
-11.180000 0.005008
-11.160000 0.004862
-11.140000 0.004726
-11.120000 0.004598
-11.100000 0.004479
-11.080000 0.004367
-11.060000 0.004263
-11.040000 0.004165
-11.020000 0.004074
-11.000000 0.003988
-10.980000 0.003908
-10.960000 0.003832
-10.940000 0.003761
-10.920000 0.003694
-10.900000 0.003632
-10.880000 0.003573
-10.860000 0.003517
-10.840000 0.003465
-10.820000 0.003416
-10.800000 0.003370
-10.780000 0.003327
-10.760000 0.003285
-10.740000 0.003247
-10.720000 0.003210
-10.700000 0.003176
-10.680000 0.003144
-10.660000 0.003113
-10.640000 0.003084
-10.620000 0.003057
-10.600000 0.003032
-10.580000 0.003007
-10.560000 0.002985
-10.540000 0.002963
-10.520000 0.002943
-10.500000 0.002924
-10.480000 0.002906
-10.460000 0.002889
-10.440000 0.002872
-10.420000 0.002857
-10.400000 0.002843
-10.380000 0.002829
-10.360000 0.002817
-10.340000 0.002805
-10.320000 0.002793
-10.300000 0.002783
-10.280000 0.002773
-10.260000 0.002763
-10.240000 0.002754
-10.220000 0.002746
-10.200000 0.002738
-10.180000 0.002731
-10.160000 0.002724
-10.140000 0.002718
-10.120000 0.002712
-10.100000 0.002706
-10.080000 0.002701
-10.060000 0.002696
-10.040000 0.002692
-10.020000 0.002688
-10.000000 0.002684
-9.980000 0.002680
-9.960000 0.002677
-9.940000 0.002674
-9.920000 0.002672
-9.900000 0.002670
-9.880000 0.002668
-9.860000 0.002666
-9.840000 0.002664
-9.820000 0.002663
-9.800000 0.002662
-9.780000 0.002661
-9.760000 0.002661
-9.740000 0.002660
-9.720000 0.002660
-9.700000 0.002660
-9.680000 0.002660
-9.660000 0.002661
-9.640000 0.002662
-9.620000 0.002662
-9.600000 0.002663
-9.580000 0.002665
-9.560000 0.002666
-9.540000 0.002667
-9.520000 0.002669
-9.500000 0.002671
-9.480000 0.002673
-9.460000 0.002675
-9.440000 0.002678
-9.420000 0.002680
-9.400000 0.002683
-9.380000 0.002686
-9.360000 0.002689
-9.340000 0.002692
-9.320000 0.002695
-9.300000 0.002698
-9.280000 0.002702
-9.260000 0.002705
-9.240000 0.002709
-9.220000 0.002713
-9.200000 0.002717
-9.180000 0.002721
-9.160000 0.002725
-9.140000 0.002730
-9.120000 0.002734
-9.100000 0.002739
-9.080000 0.002743
-9.060000 0.002748
-9.040000 0.002753
-9.020000 0.002758
-9.000000 0.002763
-8.980000 0.002769
-8.960000 0.002774
-8.940000 0.002779
-8.920000 0.002785
-8.900000 0.002791
-8.880000 0.002796
-8.860000 0.002802
-8.840000 0.002808
-8.820000 0.002814
-8.800000 0.002821
-8.780000 0.002827
-8.760000 0.002833
-8.740000 0.002840
-8.720000 0.002846
-8.700000 0.002853
-8.680000 0.002860
-8.660000 0.002866
-8.640000 0.002873
-8.620000 0.002880
-8.600000 0.002887
-8.580000 0.002895
-8.560000 0.002902
-8.540000 0.002909
-8.520000 0.002917
-8.500000 0.002924
-8.480000 0.002932
-8.460000 0.002940
-8.440000 0.002948
-8.420000 0.002956
-8.400000 0.002964
-8.380000 0.002972
-8.360000 0.002980
-8.340000 0.002988
-8.320000 0.002996
-8.300000 0.003005
-8.280000 0.003013
-8.260000 0.003022
-8.240000 0.003031
-8.220000 0.003040
-8.200000 0.003048
-8.180000 0.003057
-8.160000 0.003066
-8.140000 0.003076
-8.120000 0.003085
-8.100000 0.003094
-8.080000 0.003104
-8.060000 0.003113
-8.040000 0.003123
-8.020000 0.003132
-8.000000 0.003142
-7.980000 0.003152
-7.960000 0.003162
-7.940000 0.003172
-7.920000 0.003182
-7.900000 0.003192
-7.880000 0.003202
-7.860000 0.003213
-7.840000 0.003223
-7.820000 0.003234
-7.800000 0.003244
-7.780000 0.003255
-7.760000 0.003266
-7.740000 0.003277
-7.720000 0.003288
-7.700000 0.003299
-7.680000 0.003310
-7.660000 0.003321
-7.640000 0.003333
-7.620000 0.003344
-7.600000 0.003356
-7.580000 0.003367
-7.560000 0.003379
-7.540000 0.003391
-7.520000 0.003403
-7.500000 0.003415
-7.480000 0.003427
-7.460000 0.003439
-7.440000 0.003451
-7.420000 0.003464
-7.400000 0.003476
-7.380000 0.003489
-7.360000 0.003501
-7.340000 0.003514
-7.320000 0.003527
-7.300000 0.003540
-7.280000 0.003553
-7.260000 0.003566
-7.240000 0.003580
-7.220000 0.003593
-7.200000 0.003606
-7.180000 0.003620
-7.160000 0.003634
-7.140000 0.003647
-7.120000 0.003661
-7.100000 0.003675
-7.080000 0.003689
-7.060000 0.003704
-7.040000 0.003718
-7.020000 0.003732
-7.000000 0.003747
-6.980000 0.003761
-6.960000 0.003776
-6.940000 0.003791
-6.920000 0.003806
-6.900000 0.003821
-6.880000 0.003836
-6.860000 0.003852
-6.840000 0.003867
-6.820000 0.003883
-6.800000 0.003898
-6.780000 0.003914
-6.760000 0.003930
-6.740000 0.003946
-6.720000 0.003962
-6.700000 0.003978
-6.680000 0.003995
-6.660000 0.004011
-6.640000 0.004028
-6.620000 0.004044
-6.600000 0.004061
-6.580000 0.004078
-6.560000 0.004095
-6.540000 0.004113
-6.520000 0.004130
-6.500000 0.004147
-6.480000 0.004165
-6.460000 0.004183
-6.440000 0.004201
-6.420000 0.004219
-6.400000 0.004237
-6.380000 0.004255
-6.360000 0.004274
-6.340000 0.004292
-6.320000 0.004311
-6.300000 0.004330
-6.280000 0.004349
-6.260000 0.004368
-6.240000 0.004387
-6.220000 0.004407
-6.200000 0.004426
-6.180000 0.004446
-6.160000 0.004466
-6.140000 0.004486
-6.120000 0.004506
-6.100000 0.004526
-6.080000 0.004547
-6.060000 0.004567
-6.040000 0.004588
-6.020000 0.004609
-6.000000 0.004630
-5.980000 0.004651
-5.960000 0.004673
-5.940000 0.004695
-5.920000 0.004716
-5.900000 0.004738
-5.880000 0.004760
-5.860000 0.004783
-5.840000 0.004805
-5.820000 0.004828
-5.800000 0.004850
-5.780000 0.004873
-5.760000 0.004897
-5.740000 0.004920
-5.720000 0.004943
-5.700000 0.004967
-5.680000 0.004991
-5.660000 0.005015
-5.640000 0.005039
-5.620000 0.005064
-5.600000 0.005088
-5.580000 0.005113
-5.560000 0.005138
-5.540000 0.005163
-5.520000 0.005189
-5.500000 0.005215
-5.480000 0.005240
-5.460000 0.005266
-5.440000 0.005293
-5.420000 0.005319
-5.400000 0.005346
-5.380000 0.005373
-5.360000 0.005400
-5.340000 0.005427
-5.320000 0.005455
-5.300000 0.005482
-5.280000 0.005510
-5.260000 0.005539
-5.240000 0.005567
-5.220000 0.005596
-5.200000 0.005625
-5.180000 0.005654
-5.160000 0.005683
-5.140000 0.005713
-5.120000 0.005743
-5.100000 0.005773
-5.080000 0.005803
-5.060000 0.005834
-5.040000 0.005865
-5.020000 0.005896
-5.000000 0.005927
-4.980000 0.005959
-4.960000 0.005991
-4.940000 0.006023
-4.920000 0.006056
-4.900000 0.006089
-4.880000 0.006122
-4.860000 0.006155
-4.840000 0.006189
-4.820000 0.006223
-4.800000 0.006257
-4.780000 0.006291
-4.760000 0.006326
-4.740000 0.006361
-4.720000 0.006397
-4.700000 0.006432
-4.680000 0.006468
-4.660000 0.006505
-4.640000 0.006541
-4.620000 0.006578
-4.600000 0.006616
-4.580000 0.006653
-4.560000 0.006691
-4.540000 0.006729
-4.520000 0.006768
-4.500000 0.006807
-4.480000 0.006846
-4.460000 0.006886
-4.440000 0.006926
-4.420000 0.006967
-4.400000 0.007007
-4.380000 0.007049
-4.360000 0.007090
-4.340000 0.007132
-4.320000 0.007174
-4.300000 0.007217
-4.280000 0.007260
-4.260000 0.007304
-4.240000 0.007347
-4.220000 0.007392
-4.200000 0.007436
-4.180000 0.007482
-4.160000 0.007527
-4.140000 0.007573
-4.120000 0.007619
-4.100000 0.007666
-4.080000 0.007714
-4.060000 0.007761
-4.040000 0.007810
-4.020000 0.007858
-4.000000 0.007907
-3.980000 0.007957
-3.960000 0.008007
-3.940000 0.008058
-3.920000 0.008109
-3.900000 0.008160
-3.880000 0.008212
-3.860000 0.008265
-3.840000 0.008318
-3.820000 0.008372
-3.800000 0.008426
-3.780000 0.008481
-3.760000 0.008536
-3.740000 0.008592
-3.720000 0.008648
-3.700000 0.008705
-3.680000 0.008762
-3.660000 0.008820
-3.640000 0.008879
-3.620000 0.008938
-3.600000 0.008998
-3.580000 0.009059
-3.560000 0.009120
-3.540000 0.009182
-3.520000 0.009244
-3.500000 0.009307
-3.480000 0.009371
-3.460000 0.009435
-3.440000 0.009500
-3.420000 0.009566
-3.400000 0.009633
-3.380000 0.009700
-3.360000 0.009768
-3.340000 0.009836
-3.320000 0.009905
-3.300000 0.009976
-3.280000 0.010046
-3.260000 0.010118
-3.240000 0.010190
-3.220000 0.010264
-3.200000 0.010338
-3.180000 0.010412
-3.160000 0.010488
-3.140000 0.010565
-3.120000 0.010642
-3.100000 0.010720
-3.080000 0.010799
-3.060000 0.010879
-3.040000 0.010960
-3.020000 0.011042
-3.000000 0.011125
-2.980000 0.011208
-2.960000 0.011293
-2.940000 0.011379
-2.920000 0.011465
-2.900000 0.011553
-2.880000 0.011641
-2.860000 0.011731
-2.840000 0.011822
-2.820000 0.011914
-2.800000 0.012007
-2.780000 0.012101
-2.760000 0.012196
-2.740000 0.012292
-2.720000 0.012389
-2.700000 0.012488
-2.680000 0.012588
-2.660000 0.012689
-2.640000 0.012791
-2.620000 0.012895
-2.600000 0.012999
-2.580000 0.013106
-2.560000 0.013213
-2.540000 0.013322
-2.520000 0.013432
-2.500000 0.013543
-2.480000 0.013656
-2.460000 0.013771
-2.440000 0.013887
-2.420000 0.014004
-2.400000 0.014123
-2.380000 0.014243
-2.360000 0.014365
-2.340000 0.014489
-2.320000 0.014614
-2.300000 0.014741
-2.280000 0.014869
-2.260000 0.014999
-2.240000 0.015131
-2.220000 0.015265
-2.200000 0.015400
-2.180000 0.015538
-2.160000 0.015677
-2.140000 0.015818
-2.120000 0.015961
-2.100000 0.016106
-2.080000 0.016253
-2.060000 0.016402
-2.040000 0.016553
-2.020000 0.016707
-2.000000 0.016862
-1.980000 0.017020
-1.960000 0.017180
-1.940000 0.017342
-1.920000 0.017507
-1.900000 0.017674
-1.880000 0.017843
-1.860000 0.018015
-1.840000 0.018189
-1.820000 0.018366
-1.800000 0.018546
-1.780000 0.018728
-1.760000 0.018913
-1.740000 0.019101
-1.720000 0.019291
-1.700000 0.019485
-1.680000 0.019681
-1.660000 0.019881
-1.640000 0.020083
-1.620000 0.020289
-1.600000 0.020498
-1.580000 0.020710
-1.560000 0.020926
-1.540000 0.021145
-1.520000 0.021367
-1.500000 0.021593
-1.480000 0.021823
-1.460000 0.022057
-1.440000 0.022294
-1.420000 0.022535
-1.400000 0.022780
-1.380000 0.023030
-1.360000 0.023283
-1.340000 0.023541
-1.320000 0.023803
-1.300000 0.024069
-1.280000 0.024340
-1.260000 0.024616
-1.240000 0.024897
-1.220000 0.025182
-1.200000 0.025472
-1.180000 0.025768
-1.160000 0.026069
-1.140000 0.026375
-1.120000 0.026686
-1.100000 0.027004
-1.080000 0.027327
-1.060000 0.027656
-1.040000 0.027991
-1.020000 0.028332
-1.000000 0.028680
-0.980000 0.029034
-0.960000 0.029395
-0.940000 0.029762
-0.920000 0.030137
-0.900000 0.030519
-0.880000 0.030908
-0.860000 0.031305
-0.840000 0.031710
-0.820000 0.032123
-0.800000 0.032544
-0.780000 0.032974
-0.760000 0.033412
-0.740000 0.033859
-0.720000 0.034316
-0.700000 0.034782
-0.680000 0.035257
-0.660000 0.035743
-0.640000 0.036239
-0.620000 0.036745
-0.600000 0.037263
-0.580000 0.037791
-0.560000 0.038331
-0.540000 0.038883
-0.520000 0.039447
-0.500000 0.040024
-0.480000 0.040614
-0.460000 0.041217
-0.440000 0.041834
-0.420000 0.042465
-0.400000 0.043111
-0.380000 0.043772
-0.360000 0.044449
-0.340000 0.045142
-0.320000 0.045852
-0.300000 0.046578
-0.280000 0.047323
-0.260000 0.048086
-0.240000 0.048868
-0.220000 0.049670
-0.200000 0.050492
-0.180000 0.051335
-0.160000 0.052200
-0.140000 0.053088
-0.120000 0.053999
-0.100000 0.054935
-0.080000 0.055895
-0.060000 0.056882
-0.040000 0.057896
-0.020000 0.058938
-0.000000 0.060009
0.020000 0.061111
0.040000 0.062244
0.060000 0.063410
0.080000 0.064610
0.100000 0.065845
0.120000 0.067118
0.140000 0.068429
0.160000 0.069781
0.180000 0.071174
0.200000 0.072611
0.220000 0.074094
0.240000 0.075624
0.260000 0.077204
0.280000 0.078836
0.300000 0.080523
0.320000 0.082267
0.340000 0.084071
0.360000 0.085938
0.380000 0.087871
0.400000 0.089873
0.420000 0.091947
0.440000 0.094099
0.460000 0.096331
0.480000 0.098647
0.500000 0.101054
0.520000 0.103555
0.540000 0.106156
0.560000 0.108863
0.580000 0.111682
0.600000 0.114620
0.620000 0.117684
0.640000 0.120882
0.660000 0.124223
0.680000 0.127716
0.700000 0.131372
0.720000 0.135201
0.740000 0.139216
0.760000 0.143431
0.780000 0.147860
0.800000 0.152519
0.820000 0.157425
0.840000 0.162600
0.860000 0.168063
0.880000 0.173840
0.900000 0.179955
0.920000 0.186438
0.940000 0.193321
0.960000 0.200637
0.980000 0.208424
1.000000 0.216725
1.020000 0.225583
1.040000 0.235047
1.060000 0.245169
1.080000 0.256006
1.100000 0.267615
1.120000 0.280060
1.140000 0.293406
1.160000 0.307718
1.180000 0.323066
1.200000 0.339517
1.220000 0.357140
1.240000 0.376001
1.260000 0.396161
1.280000 0.417678
1.300000 0.440604
1.320000 0.464983
1.340000 0.490849
1.360000 0.518229
1.380000 0.547139
1.400000 0.577585
1.420000 0.609564
1.440000 0.643065
1.460000 0.678072
1.480000 0.714564
1.500000 0.752524
1.520000 0.791939
1.540000 0.832804
1.560000 0.875134
1.580000 0.918963
1.600000 0.964352
1.620000 1.011399
1.640000 1.060235
1.660000 1.111036
1.680000 1.164021
1.700000 1.219457
1.720000 1.277650
1.740000 1.338952
1.760000 1.403743
1.780000 1.472434
1.800000 1.545446
1.820000 1.623199
1.840000 1.706096
1.860000 1.794504
1.880000 1.888730
1.900000 1.989003
1.920000 2.095448
1.940000 2.208066
1.960000 2.326714
1.980000 2.451082
2.000000 2.580685
2.020000 2.714843
2.040000 2.852683
2.060000 2.993131
2.080000 3.134929
2.100000 3.276636
2.120000 3.416659
2.140000 3.553278
2.160000 3.684676
2.180000 3.808986
2.200000 3.924333
2.220000 4.028882
2.240000 4.120887
2.260000 4.198745
2.280000 4.261039
2.300000 4.306583
2.320000 4.334457
2.340000 4.344041
2.360000 4.335031
2.380000 4.307453
2.400000 4.261659
2.420000 4.198321
2.440000 4.118409
2.460000 4.023161
2.480000 3.914049
2.500000 3.792731
2.520000 3.661012
2.540000 3.520785
2.560000 3.373992
2.580000 3.222567
2.600000 3.068399
2.620000 2.913288
2.640000 2.758914
2.660000 2.606806
2.680000 2.458326
2.700000 2.314654
2.720000 2.176780
2.740000 2.045504
2.760000 1.921440
2.780000 1.805028
2.800000 1.696539
2.820000 1.596097
2.840000 1.503692
2.860000 1.419196
2.880000 1.342384
2.900000 1.272943
2.920000 1.210497
2.940000 1.154613
2.960000 1.104819
2.980000 1.060612
3.000000 1.021474
3.020000 0.986872
3.040000 0.956276
3.060000 0.929158
3.080000 0.905003
3.100000 0.883314
3.120000 0.863617
3.140000 0.845465
3.160000 0.828444
3.180000 0.812176
3.200000 0.796322
3.220000 0.780587
3.240000 0.764719
3.260000 0.748513
3.280000 0.731811
3.300000 0.714497
3.320000 0.696504
3.340000 0.677802
3.360000 0.658401
3.380000 0.638346
3.400000 0.617709
3.420000 0.596589
3.440000 0.575099
3.460000 0.553369
3.480000 0.531535
3.500000 0.509735
3.520000 0.488105
3.540000 0.466774
3.560000 0.445863
3.580000 0.425480
3.600000 0.405716
3.620000 0.386650
3.640000 0.368344
3.660000 0.350842
3.680000 0.334176
3.700000 0.318362
3.720000 0.303402
3.740000 0.289288
3.760000 0.276004
3.780000 0.263524
3.800000 0.251816
3.820000 0.240846
3.840000 0.230573
3.860000 0.220959
3.880000 0.211961
3.900000 0.203538
3.920000 0.195653
3.940000 0.188265
3.960000 0.181339
3.980000 0.174841
4.000000 0.168739
4.020000 0.163005
4.040000 0.157610
4.060000 0.152531
4.080000 0.147744
4.100000 0.143228
4.120000 0.138965
4.140000 0.134936
4.160000 0.131126
4.180000 0.127520
4.200000 0.124104
4.220000 0.120865
4.240000 0.117791
4.260000 0.114871
4.280000 0.112095
4.300000 0.109453
4.320000 0.106936
4.340000 0.104535
4.360000 0.102243
4.380000 0.100052
4.400000 0.097955
4.420000 0.095946
4.440000 0.094020
4.460000 0.092169
4.480000 0.090391
4.500000 0.088681
4.520000 0.087034
4.540000 0.085449
4.560000 0.083920
4.580000 0.082447
4.600000 0.081027
4.620000 0.079659
4.640000 0.078340
4.660000 0.077070
4.680000 0.075847
4.700000 0.074670
4.720000 0.073539
4.740000 0.072451
4.760000 0.071407
4.780000 0.070404
4.800000 0.069441
4.820000 0.068516
4.840000 0.067627
4.860000 0.066772
4.880000 0.065949
4.900000 0.065153
4.920000 0.064383
4.940000 0.063636
4.960000 0.062907
4.980000 0.062196
5.000000 0.061498
5.020000 0.060811
5.040000 0.060133
5.060000 0.059462
5.080000 0.058796
5.100000 0.058135
5.120000 0.057478
5.140000 0.056826
5.160000 0.056179
5.180000 0.055540
5.200000 0.054909
5.220000 0.054290
5.240000 0.053686
5.260000 0.053100
5.280000 0.052536
5.300000 0.051998
5.320000 0.051490
5.340000 0.051017
5.360000 0.050581
5.380000 0.050188
5.400000 0.049841
5.420000 0.049543
5.440000 0.049297
5.460000 0.049105
5.480000 0.048968
5.500000 0.048888
5.520000 0.048865
5.540000 0.048898
5.560000 0.048986
5.580000 0.049128
5.600000 0.049320
5.620000 0.049559
5.640000 0.049841
5.660000 0.050163
5.680000 0.050518
5.700000 0.050903
5.720000 0.051311
5.740000 0.051739
5.760000 0.052180
5.780000 0.052632
5.800000 0.053091
5.820000 0.053554
5.840000 0.054019
5.860000 0.054487
5.880000 0.054957
5.900000 0.055433
5.920000 0.055919
5.940000 0.056418
5.960000 0.056939
5.980000 0.057488
6.000000 0.058075
6.020000 0.058709
6.040000 0.059399
6.060000 0.060157
6.080000 0.060991
6.100000 0.061910
6.120000 0.062923
6.140000 0.064034
6.160000 0.065248
6.180000 0.066565
6.200000 0.067985
6.220000 0.069501
6.240000 0.071105
6.260000 0.072785
6.280000 0.074524
6.300000 0.076303
6.320000 0.078100
6.340000 0.079888
6.360000 0.081638
6.380000 0.083322
6.400000 0.084908
6.420000 0.086364
6.440000 0.087660
6.460000 0.088767
6.480000 0.089657
6.500000 0.090308
6.520000 0.090698
6.540000 0.090814
6.560000 0.090643
6.580000 0.090183
6.600000 0.089432
6.620000 0.088398
6.640000 0.087090
6.660000 0.085526
6.680000 0.083725
6.700000 0.081712
6.720000 0.079513
6.740000 0.077157
6.760000 0.074675
6.780000 0.072098
6.800000 0.069457
6.820000 0.066780
6.840000 0.064098
6.860000 0.061435
6.880000 0.058815
6.900000 0.056260
6.920000 0.053787
6.940000 0.051411
6.960000 0.049146
6.980000 0.046998
7.000000 0.044977
7.020000 0.043085
7.040000 0.041325
7.060000 0.039697
7.080000 0.038200
7.100000 0.036832
7.120000 0.035588
7.140000 0.034464
7.160000 0.033456
7.180000 0.032558
7.200000 0.031765
7.220000 0.031071
7.240000 0.030470
7.260000 0.029957
7.280000 0.029525
7.300000 0.029170
7.320000 0.028885
7.340000 0.028664
7.360000 0.028502
7.380000 0.028392
7.400000 0.028329
7.420000 0.028306
7.440000 0.028316
7.460000 0.028353
7.480000 0.028411
7.500000 0.028481
7.520000 0.028558
7.540000 0.028634
7.560000 0.028703
7.580000 0.028759
7.600000 0.028795
7.620000 0.028807
7.640000 0.028789
7.660000 0.028739
7.680000 0.028652
7.700000 0.028527
7.720000 0.028363
7.740000 0.028159
7.760000 0.027917
7.780000 0.027639
7.800000 0.027328
7.820000 0.026987
7.840000 0.026621
7.860000 0.026236
7.880000 0.025836
7.900000 0.025429
7.920000 0.025020
7.940000 0.024615
7.960000 0.024222
7.980000 0.023846
8.000000 0.023493
8.020000 0.023169
8.040000 0.022879
8.060000 0.022627
8.080000 0.022418
8.100000 0.022256
8.120000 0.022143
8.140000 0.022081
8.160000 0.022072
8.180000 0.022117
8.200000 0.022216
8.220000 0.022367
8.240000 0.022570
8.260000 0.022822
8.280000 0.023118
8.300000 0.023456
8.320000 0.023830
8.340000 0.024233
8.360000 0.024658
8.380000 0.025099
8.400000 0.025546
8.420000 0.025991
8.440000 0.026425
8.460000 0.026838
8.480000 0.027221
8.500000 0.027565
8.520000 0.027860
8.540000 0.028100
8.560000 0.028277
8.580000 0.028384
8.600000 0.028418
8.620000 0.028375
8.640000 0.028253
8.660000 0.028051
8.680000 0.027770
8.700000 0.027415
8.720000 0.026987
8.740000 0.026493
8.760000 0.025938
8.780000 0.025331
8.800000 0.024677
8.820000 0.023987
8.840000 0.023268
8.860000 0.022527
8.880000 0.021775
8.900000 0.021017
8.920000 0.020262
8.940000 0.019516
8.960000 0.018784
8.980000 0.018072
9.000000 0.017383
9.020000 0.016721
9.040000 0.016088
9.060000 0.015486
9.080000 0.014917
9.100000 0.014379
9.120000 0.013874
9.140000 0.013401
9.160000 0.012959
9.180000 0.012547
9.200000 0.012163
9.220000 0.011806
9.240000 0.011473
9.260000 0.011165
9.280000 0.010877
9.300000 0.010610
9.320000 0.010362
9.340000 0.010130
9.360000 0.009914
9.380000 0.009712
9.400000 0.009522
9.420000 0.009345
9.440000 0.009178
9.460000 0.009021
9.480000 0.008873
9.500000 0.008733
9.520000 0.008601
9.540000 0.008475
9.560000 0.008355
9.580000 0.008242
9.600000 0.008133
9.620000 0.008029
9.640000 0.007930
9.660000 0.007834
9.680000 0.007743
9.700000 0.007655
9.720000 0.007570
9.740000 0.007488
9.760000 0.007409
9.780000 0.007333
9.800000 0.007259
9.820000 0.007188
9.840000 0.007118
9.860000 0.007051
9.880000 0.006986
9.900000 0.006922
9.920000 0.006860
9.940000 0.006800
9.960000 0.006741
9.980000 0.006683
10.000000 0.006627
10.020000 0.006572
10.040000 0.006519
10.060000 0.006467
10.080000 0.006415
10.100000 0.006365
10.120000 0.006316
10.140000 0.006268
10.160000 0.006220
10.180000 0.006174
10.200000 0.006129
10.220000 0.006084
10.240000 0.006040
10.260000 0.005997
10.280000 0.005954
10.300000 0.005913
10.320000 0.005872
10.340000 0.005831
10.360000 0.005792
10.380000 0.005753
10.400000 0.005714
10.420000 0.005676
10.440000 0.005639
10.460000 0.005602
10.480000 0.005566
10.500000 0.005530
10.520000 0.005495
10.540000 0.005460
10.560000 0.005426
10.580000 0.005392
10.600000 0.005358
10.620000 0.005325
10.640000 0.005293
10.660000 0.005261
10.680000 0.005229
10.700000 0.005197
10.720000 0.005166
10.740000 0.005136
10.760000 0.005105
10.780000 0.005076
10.800000 0.005046
10.820000 0.005017
10.840000 0.004988
10.860000 0.004959
10.880000 0.004931
10.900000 0.004903
10.920000 0.004875
10.940000 0.004848
10.960000 0.004821
10.980000 0.004794
11.000000 0.004768
11.020000 0.004742
11.040000 0.004716
11.060000 0.004690
11.080000 0.004664
11.100000 0.004639
11.120000 0.004614
11.140000 0.004590
11.160000 0.004565
11.180000 0.004541
11.200000 0.004517
11.220000 0.004493
11.240000 0.004470
11.260000 0.004447
11.280000 0.004423
11.300000 0.004401
11.320000 0.004378
11.340000 0.004355
11.360000 0.004333
11.380000 0.004311
11.400000 0.004289
11.420000 0.004268
11.440000 0.004246
11.460000 0.004225
11.480000 0.004204
11.500000 0.004183
11.520000 0.004162
11.540000 0.004142
11.560000 0.004121
11.580000 0.004101
11.600000 0.004081
11.620000 0.004061
11.640000 0.004042
11.660000 0.004022
11.680000 0.004003
11.700000 0.003983
11.720000 0.003964
11.740000 0.003946
11.760000 0.003927
11.780000 0.003908
11.800000 0.003890
11.820000 0.003871
11.840000 0.003853
11.860000 0.003835
11.880000 0.003817
11.900000 0.003800
11.920000 0.003782
11.940000 0.003765
11.960000 0.003747
11.980000 0.003730
12.000000 0.003713
12.020000 0.003696
12.040000 0.003679
12.060000 0.003663
12.080000 0.003646
12.100000 0.003630
12.120000 0.003613
12.140000 0.003597
12.160000 0.003581
12.180000 0.003565
12.200000 0.003549
12.220000 0.003533
12.240000 0.003518
12.260000 0.003502
12.280000 0.003487
12.300000 0.003472
12.320000 0.003457
12.340000 0.003441
12.360000 0.003427
12.380000 0.003412
12.400000 0.003397
12.420000 0.003382
12.440000 0.003368
12.460000 0.003353
12.480000 0.003339
12.500000 0.003325
12.520000 0.003311
12.540000 0.003297
12.560000 0.003283
12.580000 0.003269
12.600000 0.003255
12.620000 0.003241
12.640000 0.003228
12.660000 0.003214
12.680000 0.003201
12.700000 0.003188
12.720000 0.003174
12.740000 0.003161
12.760000 0.003148
12.780000 0.003135
12.800000 0.003122
12.820000 0.003110
12.840000 0.003097
12.860000 0.003084
12.880000 0.003072
12.900000 0.003059
12.920000 0.003047
12.940000 0.003035
12.960000 0.003022
12.980000 0.003010
13.000000 0.002998
13.020000 0.002986
13.040000 0.002974
13.060000 0.002962
13.080000 0.002951
13.100000 0.002939
13.120000 0.002927
13.140000 0.002916
13.160000 0.002904
13.180000 0.002893
13.200000 0.002882
13.220000 0.002870
13.240000 0.002859
13.260000 0.002848
13.280000 0.002837
13.300000 0.002826
13.320000 0.002815
13.340000 0.002804
13.360000 0.002793
13.380000 0.002783
13.400000 0.002772
13.420000 0.002761
13.440000 0.002751
13.460000 0.002740
13.480000 0.002730
13.500000 0.002720
13.520000 0.002709
13.540000 0.002699
13.560000 0.002689
13.580000 0.002679
13.600000 0.002669
13.620000 0.002659
13.640000 0.002649
13.660000 0.002639
13.680000 0.002629
13.700000 0.002620
13.720000 0.002610
13.740000 0.002600
13.760000 0.002591
13.780000 0.002581
13.800000 0.002572
13.820000 0.002562
13.840000 0.002553
13.860000 0.002543
13.880000 0.002534
13.900000 0.002525
13.920000 0.002516
13.940000 0.002507
13.960000 0.002498
13.980000 0.002489
14.000000 0.002480
14.020000 0.002471
14.040000 0.002462
14.060000 0.002453
14.080000 0.002444
14.100000 0.002436
14.120000 0.002427
14.140000 0.002418
14.160000 0.002410
14.180000 0.002401
14.200000 0.002393
14.220000 0.002384
14.240000 0.002376
14.260000 0.002368
14.280000 0.002359
14.300000 0.002351
14.320000 0.002343
14.340000 0.002335
14.360000 0.002327
14.380000 0.002319
14.400000 0.002311
14.420000 0.002303
14.440000 0.002295
14.460000 0.002287
14.480000 0.002279
14.500000 0.002271
14.520000 0.002263
14.540000 0.002256
14.560000 0.002248
14.580000 0.002240
14.600000 0.002233
14.620000 0.002225
14.640000 0.002217
14.660000 0.002210
14.680000 0.002203
14.700000 0.002195
14.720000 0.002188
14.740000 0.002180
14.760000 0.002173
14.780000 0.002166
14.800000 0.002159
14.820000 0.002151
14.840000 0.002144
14.860000 0.002137
14.880000 0.002130
14.900000 0.002123
14.920000 0.002116
14.940000 0.002109
14.960000 0.002102
14.980000 0.002095
15.000000 0.002088
15.020000 0.002081
15.040000 0.002075
15.060000 0.002068
15.080000 0.002061
15.100000 0.002054
15.120000 0.002048
15.140000 0.002041
15.160000 0.002035
15.180000 0.002028
15.200000 0.002021
15.220000 0.002015
15.240000 0.002008
15.260000 0.002002
15.280000 0.001996
15.300000 0.001989
15.320000 0.001983
15.340000 0.001977
15.360000 0.001970
15.380000 0.001964
15.400000 0.001958
15.420000 0.001952
15.440000 0.001945
15.460000 0.001939
15.480000 0.001933
15.500000 0.001927
15.520000 0.001921
15.540000 0.001915
15.560000 0.001909
15.580000 0.001903
15.600000 0.001897
15.620000 0.001891
15.640000 0.001885
15.660000 0.001880
15.680000 0.001874
15.700000 0.001868
15.720000 0.001862
15.740000 0.001857
15.760000 0.001851
15.780000 0.001845
15.800000 0.001839
15.820000 0.001834
15.840000 0.001828
15.860000 0.001823
15.880000 0.001817
15.900000 0.001812
15.920000 0.001806
15.940000 0.001801
15.960000 0.001795
15.980000 0.001790
16.000000 0.001784
16.020000 0.001779
16.040000 0.001774
16.060000 0.001768
16.080000 0.001763
16.100000 0.001758
16.120000 0.001752
16.140000 0.001747
16.160000 0.001742
16.180000 0.001737
16.200000 0.001732
16.220000 0.001727
16.240000 0.001721
16.260000 0.001716
16.280000 0.001711
16.300000 0.001706
16.320000 0.001701
16.340000 0.001696
16.360000 0.001691
16.380000 0.001686
16.400000 0.001681
16.420000 0.001676
16.440000 0.001672
16.460000 0.001667
16.480000 0.001662
16.500000 0.001657
16.520000 0.001652
16.540000 0.001647
16.560000 0.001643
16.580000 0.001638
16.600000 0.001633
16.620000 0.001629
16.640000 0.001624
16.660000 0.001619
16.680000 0.001615
16.700000 0.001610
16.720000 0.001605
16.740000 0.001601
16.760000 0.001596
16.780000 0.001592
16.800000 0.001587
16.820000 0.001583
16.840000 0.001578
16.860000 0.001574
16.880000 0.001569
16.900000 0.001565
16.920000 0.001560
16.940000 0.001556
16.960000 0.001552
16.980000 0.001547
17.000000 0.001543
17.020000 0.001539
17.040000 0.001534
17.060000 0.001530
17.080000 0.001526
17.100000 0.001522
17.120000 0.001517
17.140000 0.001513
17.160000 0.001509
17.180000 0.001505
17.200000 0.001501
17.220000 0.001497
17.240000 0.001493
17.260000 0.001488
17.280000 0.001484
17.300000 0.001480
17.320000 0.001476
17.340000 0.001472
17.360000 0.001468
17.380000 0.001464
17.400000 0.001460
17.420000 0.001456
17.440000 0.001452
17.460000 0.001448
17.480000 0.001444
17.500000 0.001441
17.520000 0.001437
17.540000 0.001433
17.560000 0.001429
17.580000 0.001425
17.600000 0.001421
17.620000 0.001418
17.640000 0.001414
17.660000 0.001410
17.680000 0.001406
17.700000 0.001402
17.720000 0.001399
17.740000 0.001395
17.760000 0.001391
17.780000 0.001388
17.800000 0.001384
17.820000 0.001380
17.840000 0.001377
17.860000 0.001373
17.880000 0.001369
17.900000 0.001366
17.920000 0.001362
17.940000 0.001359
17.960000 0.001355
17.980000 0.001352
18.000000 0.001348
18.020000 0.001345
18.040000 0.001341
18.060000 0.001338
18.080000 0.001334
18.100000 0.001331
18.120000 0.001327
18.140000 0.001324
18.160000 0.001320
18.180000 0.001317
18.200000 0.001314
18.220000 0.001310
18.240000 0.001307
18.260000 0.001304
18.280000 0.001300
18.300000 0.001297
18.320000 0.001294
18.340000 0.001290
18.360000 0.001287
18.380000 0.001284
18.400000 0.001280
18.420000 0.001277
18.440000 0.001274
18.460000 0.001271
18.480000 0.001268
18.500000 0.001264
18.520000 0.001261
18.540000 0.001258
18.560000 0.001255
18.580000 0.001252
18.600000 0.001249
18.620000 0.001245
18.640000 0.001242
18.660000 0.001239
18.680000 0.001236
18.700000 0.001233
18.720000 0.001230
18.740000 0.001227
18.760000 0.001224
18.780000 0.001221
18.800000 0.001218
18.820000 0.001215
18.840000 0.001212
18.860000 0.001209
18.880000 0.001206
18.900000 0.001203
18.920000 0.001200
18.940000 0.001197
18.960000 0.001194
18.980000 0.001191
19.000000 0.001188
19.020000 0.001185
19.040000 0.001182
19.060000 0.001180
19.080000 0.001177
19.100000 0.001174
19.120000 0.001171
19.140000 0.001168
19.160000 0.001165
19.180000 0.001162
19.200000 0.001160
19.220000 0.001157
19.240000 0.001154
19.260000 0.001151
19.280000 0.001148
19.300000 0.001145
19.320000 0.001143
19.340000 0.001140
19.360000 0.001137
19.380000 0.001134
19.400000 0.001130
19.420000 0.001127
19.440000 0.001124
19.460000 0.001120
19.480000 0.001116
19.500000 0.001111
19.520000 0.001106
19.540000 0.001101
19.560000 0.001094
19.580000 0.001087
19.600000 0.001079
19.620000 0.001069
19.640000 0.001059
19.660000 0.001046
19.680000 0.001032
19.700000 0.001016
19.720000 0.000998
19.740000 0.000977
19.760000 0.000955
19.780000 0.000929
19.800000 0.000902
19.820000 0.000871
19.840000 0.000839
19.860000 0.000804
19.880000 0.000767
19.900000 0.000728
19.920000 0.000688
19.940000 0.000646
19.960000 0.000603
19.980000 0.000560

#Sticks
-13.520000 0.003431
-13.500000 0.006392
-13.480000 0.005596
-13.460000 0.007069
-13.380000 0.017379
-13.360000 0.004205
-13.300000 0.005067
-13.280000 0.000496
-13.260000 0.000094
-13.240000 0.000016
-13.220000 0.000316
-13.200000 0.000080
-12.000000 0.002863
-11.980000 0.010252
-11.960000 0.004603
-11.940000 0.000200
-11.900000 0.000301
-11.860000 0.000012
-11.840000 0.000033
-11.520000 0.000427
-11.500000 0.000003
-11.480000 0.000002
-11.440000 0.000011
-11.380000 0.000116
-11.360000 0.000006
-11.340000 0.000072
-11.320000 0.000003
-11.200000 0.000014
-11.020000 0.000051
-9.920000 0.000001
1.680000 0.001916
1.700000 0.000011
1.720000 0.396410
2.120000 0.015520
2.140000 0.141050
2.160000 0.007163
2.220000 0.005167
2.240000 0.337300
2.280000 0.058549
2.340000 1.266970
2.360000 0.646800
2.380000 1.563355
2.420000 0.036506
2.440000 0.031280
2.460000 0.013724
2.480000 0.002710
2.500000 0.000419
3.200000 0.009947
3.220000 0.000015
3.260000 0.202920
3.280000 0.149500
3.300000 0.001694
3.320000 0.002889
3.440000 0.000056
3.600000 0.000013
3.620000 0.000786
3.660000 0.000005
3.680000 0.003048
3.740000 0.002430
3.780000 0.000049
3.800000 0.002338
3.820000 0.001166
3.880000 0.000316
3.900000 0.000775
3.960000 0.001244
4.040000 0.000031
4.140000 0.000367
4.160000 0.000779
4.180000 0.000423
4.300000 0.000028
4.380000 0.000667
4.420000 0.001511
4.440000 0.000032
4.600000 0.001606
4.620000 0.001573
4.820000 0.000009
4.860000 0.000321
4.920000 0.000373
4.960000 0.000095
4.980000 0.000242
5.040000 0.001143
5.100000 0.000094
5.120000 0.003888
5.160000 0.001191
5.240000 0.000025
5.300000 0.000118
5.320000 0.000163
5.340000 0.000039
5.380000 0.000105
5.580000 0.000031
5.740000 0.000277
5.840000 0.001700
5.860000 0.005891
5.920000 0.000004
5.960000 0.003881
5.980000 0.003024
6.000000 0.000773
6.100000 0.000528
6.220000 0.000134
6.280000 0.000002
6.400000 0.000947
6.520000 0.011910
6.560000 0.029050
6.580000 0.009965
6.600000 0.008317
6.620000 0.005020
6.840000 0.000179
6.860000 0.000400
6.880000 0.000092
7.140000 0.000017
7.180000 0.000026
7.200000 0.000009
7.240000 0.000030
7.380000 0.000251
7.400000 0.000103
7.460000 0.000134
7.580000 0.000068
7.600000 0.000154
7.660000 0.000536
7.700000 0.003812
7.720000 0.006460
7.900000 0.000008
7.980000 0.000053
8.020000 0.000137
8.040000 0.000082
8.140000 0.000056
8.380000 0.000008
8.560000 0.000051
8.580000 0.000401
8.620000 0.012353
8.640000 0.001267
8.680000 0.003199
8.780000 0.000004
8.860000 0.000003
8.940000 0.000087
9.180000 0.000038
9.220000 0.000003
