-10.000000 0.000063
-9.991248 0.000068
-9.982496 0.000072
-9.973743 0.000076
-9.964991 0.000080
-9.956239 0.000084
-9.947487 0.000088
-9.938735 0.000092
-9.929982 0.000095
-9.921230 0.000099
-9.912478 0.000102
-9.903726 0.000105
-9.894974 0.000107
-9.886222 0.000110
-9.877469 0.000112
-9.868717 0.000114
-9.859965 0.000116
-9.851213 0.000118
-9.842461 0.000119
-9.833708 0.000120
-9.824956 0.000122
-9.816204 0.000123
-9.807452 0.000124
-9.798700 0.000125
-9.789947 0.000126
-9.781195 0.000126
-9.772443 0.000127
-9.763691 0.000128
-9.754939 0.000128
-9.746187 0.000129
-9.737434 0.000129
-9.728682 0.000130
-9.719930 0.000130
-9.711178 0.000130
-9.702426 0.000131
-9.693673 0.000131
-9.684921 0.000132
-9.676169 0.000132
-9.667417 0.000132
-9.658665 0.000133
-9.649912 0.000133
-9.641160 0.000134
-9.632408 0.000134
-9.623656 0.000134
-9.614904 0.000135
-9.606152 0.000135
-9.597399 0.000136
-9.588647 0.000136
-9.579895 0.000136
-9.571143 0.000137
-9.562391 0.000137
-9.553638 0.000137
-9.544886 0.000138
-9.536134 0.000138
-9.527382 0.000139
-9.518630 0.000139
-9.509877 0.000140
-9.501125 0.000140
-9.492373 0.000140
-9.483621 0.000141
-9.474869 0.000141
-9.466117 0.000142
-9.457364 0.000142
-9.448612 0.000142
-9.439860 0.000143
-9.431108 0.000143
-9.422356 0.000144
-9.413603 0.000144
-9.404851 0.000145
-9.396099 0.000145
-9.387347 0.000145
-9.378595 0.000146
-9.369842 0.000146
-9.361090 0.000147
-9.352338 0.000147
-9.343586 0.000148
-9.334834 0.000148
-9.326082 0.000148
-9.317329 0.000149
-9.308577 0.000149
-9.299825 0.000150
-9.291073 0.000150
-9.282321 0.000151
-9.273568 0.000151
-9.264816 0.000152
-9.256064 0.000152
-9.247312 0.000153
-9.238560 0.000153
-9.229807 0.000153
-9.221055 0.000154
-9.212303 0.000154
-9.203551 0.000155
-9.194799 0.000155
-9.186047 0.000156
-9.177294 0.000156
-9.168542 0.000157
-9.159790 0.000157
-9.151038 0.000158
-9.142286 0.000158
-9.133533 0.000159
-9.124781 0.000159
-9.116029 0.000160
-9.107277 0.000160
-9.098525 0.000161
-9.089772 0.000161
-9.081020 0.000162
-9.072268 0.000162
-9.063516 0.000163
-9.054764 0.000163
-9.046012 0.000164
-9.037259 0.000164
-9.028507 0.000165
-9.019755 0.000165
-9.011003 0.000166
-9.002251 0.000167
-8.993498 0.000167
-8.984746 0.000168
-8.975994 0.000168
-8.967242 0.000169
-8.958490 0.000169
-8.949737 0.000170
-8.940985 0.000170
-8.932233 0.000171
-8.923481 0.000171
-8.914729 0.000172
-8.905976 0.000173
-8.897224 0.000173
-8.888472 0.000174
-8.879720 0.000174
-8.870968 0.000175
-8.862216 0.000175
-8.853463 0.000176
-8.844711 0.000177
-8.835959 0.000177
-8.827207 0.000178
-8.818455 0.000178
-8.809702 0.000179
-8.800950 0.000180
-8.792198 0.000180
-8.783446 0.000181
-8.774694 0.000181
-8.765941 0.000182
-8.757189 0.000183
-8.748437 0.000183
-8.739685 0.000184
-8.730933 0.000184
-8.722181 0.000185
-8.713428 0.000186
-8.704676 0.000186
-8.695924 0.000187
-8.687172 0.000188
-8.678420 0.000188
-8.669667 0.000189
-8.660915 0.000190
-8.652163 0.000190
-8.643411 0.000191
-8.634659 0.000192
-8.625906 0.000192
-8.617154 0.000193
-8.608402 0.000194
-8.599650 0.000194
-8.590898 0.000195
-8.582146 0.000196
-8.573393 0.000196
-8.564641 0.000197
-8.555889 0.000198
-8.547137 0.000198
-8.538385 0.000199
-8.529632 0.000200
-8.520880 0.000200
-8.512128 0.000201
-8.503376 0.000202
-8.494624 0.000203
-8.485871 0.000203
-8.477119 0.000204
-8.468367 0.000205
-8.459615 0.000206
-8.450863 0.000206
-8.442111 0.000207
-8.433358 0.000208
-8.424606 0.000208
-8.415854 0.000209
-8.407102 0.000210
-8.398350 0.000211
-8.389597 0.000212
-8.380845 0.000212
-8.372093 0.000213
-8.363341 0.000214
-8.354589 0.000215
-8.345836 0.000215
-8.337084 0.000216
-8.328332 0.000217
-8.319580 0.000218
-8.310828 0.000219
-8.302076 0.000220
-8.293323 0.000220
-8.284571 0.000221
-8.275819 0.000222
-8.267067 0.000223
-8.258315 0.000224
-8.249562 0.000225
-8.240810 0.000225
-8.232058 0.000226
-8.223306 0.000227
-8.214554 0.000228
-8.205801 0.000229
-8.197049 0.000230
-8.188297 0.000231
-8.179545 0.000231
-8.170793 0.000232
-8.162041 0.000233
-8.153288 0.000234
-8.144536 0.000235
-8.135784 0.000236
-8.127032 0.000237
-8.118280 0.000238
-8.109527 0.000239
-8.100775 0.000240
-8.092023 0.000241
-8.083271 0.000242
-8.074519 0.000243
-8.065766 0.000243
-8.057014 0.000244
-8.048262 0.000245
-8.039510 0.000246
-8.030758 0.000247
-8.022006 0.000248
-8.013253 0.000249
-8.004501 0.000250
-7.995749 0.000251
-7.986997 0.000252
-7.978245 0.000253
-7.969492 0.000254
-7.960740 0.000255
-7.951988 0.000256
-7.943236 0.000258
-7.934484 0.000259
-7.925731 0.000260
-7.916979 0.000261
-7.908227 0.000262
-7.899475 0.000263
-7.890723 0.000264
-7.881970 0.000265
-7.873218 0.000266
-7.864466 0.000267
-7.855714 0.000268
-7.846962 0.000269
-7.838210 0.000271
-7.829457 0.000272
-7.820705 0.000273
-7.811953 0.000274
-7.803201 0.000275
-7.794449 0.000276
-7.785696 0.000278
-7.776944 0.000279
-7.768192 0.000280
-7.759440 0.000281
-7.750688 0.000282
-7.741935 0.000283
-7.733183 0.000285
-7.724431 0.000286
-7.715679 0.000287
-7.706927 0.000288
-7.698175 0.000290
-7.689422 0.000291
-7.680670 0.000292
-7.671918 0.000293
-7.663166 0.000295
-7.654414 0.000296
-7.645661 0.000297
-7.636909 0.000299
-7.628157 0.000300
-7.619405 0.000301
-7.610653 0.000303
-7.601900 0.000304
-7.593148 0.000305
-7.584396 0.000307
-7.575644 0.000308
-7.566892 0.000310
-7.558140 0.000311
-7.549387 0.000312
-7.540635 0.000314
-7.531883 0.000315
-7.523131 0.000317
-7.514379 0.000318
-7.505626 0.000320
-7.496874 0.000321
-7.488122 0.000322
-7.479370 0.000324
-7.470618 0.000325
-7.461865 0.000327
-7.453113 0.000328
-7.444361 0.000330
-7.435609 0.000332
-7.426857 0.000333
-7.418105 0.000335
-7.409352 0.000336
-7.400600 0.000338
-7.391848 0.000339
-7.383096 0.000341
-7.374344 0.000343
-7.365591 0.000344
-7.356839 0.000346
-7.348087 0.000348
-7.339335 0.000349
-7.330583 0.000351
-7.321830 0.000353
-7.313078 0.000354
-7.304326 0.000356
-7.295574 0.000358
-7.286822 0.000360
-7.278070 0.000361
-7.269317 0.000363
-7.260565 0.000365
-7.251813 0.000367
-7.243061 0.000369
-7.234309 0.000370
-7.225556 0.000372
-7.216804 0.000374
-7.208052 0.000376
-7.199300 0.000378
-7.190548 0.000380
-7.181795 0.000382
-7.173043 0.000384
-7.164291 0.000386
-7.155539 0.000388
-7.146787 0.000390
-7.138035 0.000392
-7.129282 0.000394
-7.120530 0.000396
-7.111778 0.000398
-7.103026 0.000400
-7.094274 0.000402
-7.085521 0.000404
-7.076769 0.000406
-7.068017 0.000408
-7.059265 0.000410
-7.050513 0.000412
-7.041760 0.000415
-7.033008 0.000417
-7.024256 0.000419
-7.015504 0.000421
-7.006752 0.000423
-6.997999 0.000426
-6.989247 0.000428
-6.980495 0.000430
-6.971743 0.000433
-6.962991 0.000435
-6.954239 0.000437
-6.945486 0.000440
-6.936734 0.000442
-6.927982 0.000445
-6.919230 0.000447
-6.910478 0.000450
-6.901725 0.000452
-6.892973 0.000455
-6.884221 0.000457
-6.875469 0.000460
-6.866717 0.000462
-6.857964 0.000465
-6.849212 0.000467
-6.840460 0.000470
-6.831708 0.000473
-6.822956 0.000475
-6.814204 0.000478
-6.805451 0.000481
-6.796699 0.000484
-6.787947 0.000486
-6.779195 0.000489
-6.770443 0.000492
-6.761690 0.000495
-6.752938 0.000498
-6.744186 0.000501
-6.735434 0.000504
-6.726682 0.000507
-6.717929 0.000510
-6.709177 0.000513
-6.700425 0.000516
-6.691673 0.000519
-6.682921 0.000522
-6.674169 0.000525
-6.665416 0.000528
-6.656664 0.000531
-6.647912 0.000535
-6.639160 0.000538
-6.630408 0.000541
-6.621655 0.000545
-6.612903 0.000548
-6.604151 0.000551
-6.595399 0.000555
-6.586647 0.000558
-6.577894 0.000562
-6.569142 0.000565
-6.560390 0.000569
-6.551638 0.000572
-6.542886 0.000576
-6.534134 0.000580
-6.525381 0.000583
-6.516629 0.000587
-6.507877 0.000591
-6.499125 0.000595
-6.490373 0.000598
-6.481620 0.000602
-6.472868 0.000606
-6.464116 0.000610
-6.455364 0.000614
-6.446612 0.000618
-6.437859 0.000622
-6.429107 0.000626
-6.420355 0.000631
-6.411603 0.000635
-6.402851 0.000639
-6.394099 0.000643
-6.385346 0.000648
-6.376594 0.000652
-6.367842 0.000656
-6.359090 0.000661
-6.350338 0.000665
-6.341585 0.000670
-6.332833 0.000675
-6.324081 0.000679
-6.315329 0.000684
-6.306577 0.000689
-6.297824 0.000694
-6.289072 0.000698
-6.280320 0.000703
-6.271568 0.000708
-6.262816 0.000713
-6.254064 0.000718
-6.245311 0.000724
-6.236559 0.000729
-6.227807 0.000734
-6.219055 0.000739
-6.210303 0.000745
-6.201550 0.000750
-6.192798 0.000756
-6.184046 0.000761
-6.175294 0.000767
-6.166542 0.000773
-6.157789 0.000778
-6.149037 0.000784
-6.140285 0.000790
-6.131533 0.000796
-6.122781 0.000802
-6.114029 0.000808
-6.105276 0.000814
-6.096524 0.000821
-6.087772 0.000827
-6.079020 0.000833
-6.070268 0.000840
-6.061515 0.000846
-6.052763 0.000853
-6.044011 0.000860
-6.035259 0.000867
-6.026507 0.000873
-6.017754 0.000880
-6.009002 0.000887
-6.000250 0.000895
-5.991498 0.000902
-5.982746 0.000909
-5.973993 0.000916
-5.965241 0.000924
-5.956489 0.000932
-5.947737 0.000939
-5.938985 0.000947
-5.930233 0.000955
-5.921480 0.000963
-5.912728 0.000971
-5.903976 0.000979
-5.895224 0.000988
-5.886472 0.000996
-5.877719 0.001005
-5.868967 0.001013
-5.860215 0.001022
-5.851463 0.001031
-5.842711 0.001040
-5.833958 0.001049
-5.825206 0.001058
-5.816454 0.001068
-5.807702 0.001077
-5.798950 0.001087
-5.790198 0.001096
-5.781445 0.001106
-5.772693 0.001116
-5.763941 0.001126
-5.755189 0.001137
-5.746437 0.001147
-5.737684 0.001158
-5.728932 0.001169
-5.720180 0.001180
-5.711428 0.001191
-5.702676 0.001202
-5.693923 0.001213
-5.685171 0.001225
-5.676419 0.001237
-5.667667 0.001249
-5.658915 0.001261
-5.650163 0.001273
-5.641410 0.001285
-5.632658 0.001298
-5.623906 0.001311
-5.615154 0.001324
-5.606402 0.001337
-5.597649 0.001351
-5.588897 0.001364
-5.580145 0.001378
-5.571393 0.001392
-5.562641 0.001407
-5.553888 0.001421
-5.545136 0.001436
-5.536384 0.001451
-5.527632 0.001466
-5.518880 0.001482
-5.510128 0.001497
-5.501375 0.001513
-5.492623 0.001530
-5.483871 0.001546
-5.475119 0.001563
-5.466367 0.001580
-5.457614 0.001598
-5.448862 0.001615
-5.440110 0.001633
-5.431358 0.001652
-5.422606 0.001670
-5.413853 0.001689
-5.405101 0.001708
-5.396349 0.001728
-5.387597 0.001748
-5.378845 0.001768
-5.370093 0.001789
-5.361340 0.001810
-5.352588 0.001832
-5.343836 0.001853
-5.335084 0.001876
-5.326332 0.001898
-5.317579 0.001922
-5.308827 0.001945
-5.300075 0.001969
-5.291323 0.001993
-5.282571 0.002018
-5.273818 0.002044
-5.265066 0.002070
-5.256314 0.002096
-5.247562 0.002123
-5.238810 0.002150
-5.230058 0.002178
-5.221305 0.002207
-5.212553 0.002236
-5.203801 0.002266
-5.195049 0.002296
-5.186297 0.002327
-5.177544 0.002359
-5.168792 0.002391
-5.160040 0.002424
-5.151288 0.002458
-5.142536 0.002492
-5.133783 0.002527
-5.125031 0.002563
-5.116279 0.002600
-5.107527 0.002637
-5.098775 0.002676
-5.090023 0.002715
-5.081270 0.002755
-5.072518 0.002796
-5.063766 0.002838
-5.055014 0.002881
-5.046262 0.002925
-5.037509 0.002970
-5.028757 0.003016
-5.020005 0.003063
-5.011253 0.003111
-5.002501 0.003160
-4.993748 0.003211
-4.984996 0.003263
-4.976244 0.003316
-4.967492 0.003371
-4.958740 0.003427
-4.949987 0.003484
-4.941235 0.003543
-4.932483 0.003603
-4.923731 0.003665
-4.914979 0.003728
-4.906227 0.003794
-4.897474 0.003861
-4.888722 0.003930
-4.879970 0.004000
-4.871218 0.004073
-4.862466 0.004148
-4.853713 0.004225
-4.844961 0.004304
-4.836209 0.004385
-4.827457 0.004469
-4.818705 0.004555
-4.809952 0.004643
-4.801200 0.004735
-4.792448 0.004829
-4.783696 0.004926
-4.774944 0.005026
-4.766192 0.005129
-4.757439 0.005235
-4.748687 0.005345
-4.739935 0.005458
-4.731183 0.005575
-4.722431 0.005695
-4.713678 0.005820
-4.704926 0.005949
-4.696174 0.006082
-4.687422 0.006220
-4.678670 0.006362
-4.669917 0.006510
-4.661165 0.006662
-4.652413 0.006821
-4.643661 0.006984
-4.634909 0.007154
-4.626157 0.007330
-4.617404 0.007513
-4.608652 0.007703
-4.599900 0.007899
-4.591148 0.008104
-4.582396 0.008316
-4.573643 0.008537
-4.564891 0.008767
-4.556139 0.009005
-4.547387 0.009254
-4.538635 0.009513
-4.529882 0.009782
-4.521130 0.010063
-4.512378 0.010356
-4.503626 0.010662
-4.494874 0.010980
-4.486122 0.011313
-4.477369 0.011660
-4.468617 0.012023
-4.459865 0.012402
-4.451113 0.012799
-4.442361 0.013213
-4.433608 0.013647
-4.424856 0.014100
-4.416104 0.014575
-4.407352 0.015071
-4.398600 0.015591
-4.389847 0.016135
-4.381095 0.016705
-4.372343 0.017302
-4.363591 0.017927
-4.354839 0.018581
-4.346087 0.019265
-4.337334 0.019982
-4.328582 0.020731
-4.319830 0.021514
-4.311078 0.022333
-4.302326 0.023188
-4.293573 0.024081
-4.284821 0.025011
-4.276069 0.025981
-4.267317 0.026990
-4.258565 0.028039
-4.249812 0.029129
-4.241060 0.030258
-4.232308 0.031427
-4.223556 0.032636
-4.214804 0.033882
-4.206052 0.035166
-4.197299 0.036484
-4.188547 0.037836
-4.179795 0.039218
-4.171043 0.040627
-4.162291 0.042061
-4.153538 0.043515
-4.144786 0.044985
-4.136034 0.046466
-4.127282 0.047953
-4.118530 0.049440
-4.109777 0.050922
-4.101025 0.052391
-4.092273 0.053841
-4.083521 0.055265
-4.074769 0.056656
-4.066017 0.058007
-4.057264 0.059311
-4.048512 0.060560
-4.039760 0.061747
-4.031008 0.062866
-4.022256 0.063909
-4.013503 0.064870
-4.004751 0.065743
-3.995999 0.066523
-3.987247 0.067205
-3.978495 0.067785
-3.969742 0.068259
-3.960990 0.068624
-3.952238 0.068879
-3.943486 0.069022
-3.934734 0.069052
-3.925981 0.068969
-3.917229 0.068776
-3.908477 0.068473
-3.899725 0.068063
-3.890973 0.067549
-3.882221 0.066935
-3.873468 0.066225
-3.864716 0.065425
-3.855964 0.064539
-3.847212 0.063574
-3.838460 0.062535
-3.829707 0.061429
-3.820955 0.060262
-3.812203 0.059041
-3.803451 0.057772
-3.794699 0.056463
-3.785946 0.055119
-3.777194 0.053747
-3.768442 0.052354
-3.759690 0.050945
-3.750938 0.049526
-3.742186 0.048103
-3.733433 0.046681
-3.724681 0.045264
-3.715929 0.043857
-3.707177 0.042464
-3.698425 0.041089
-3.689672 0.039735
-3.680920 0.038405
-3.672168 0.037102
-3.663416 0.035828
-3.654664 0.034585
-3.645911 0.033374
-3.637159 0.032198
-3.628407 0.031056
-3.619655 0.029950
-3.610903 0.028880
-3.602151 0.027846
-3.593398 0.026849
-3.584646 0.025888
-3.575894 0.024963
-3.567142 0.024074
-3.558390 0.023220
-3.549637 0.022400
-3.540885 0.021614
-3.532133 0.020860
-3.523381 0.020138
-3.514629 0.019448
-3.505876 0.018787
-3.497124 0.018154
-3.488372 0.017550
-3.479620 0.016972
-3.470868 0.016420
-3.462116 0.015893
-3.453363 0.015389
-3.444611 0.014907
-3.435859 0.014448
-3.427107 0.014008
-3.418355 0.013589
-3.409602 0.013188
-3.400850 0.012805
-3.392098 0.012439
-3.383346 0.012089
-3.374594 0.011755
-3.365841 0.011435
-3.357089 0.011129
-3.348337 0.010837
-3.339585 0.010557
-3.330833 0.010289
-3.322081 0.010033
-3.313328 0.009788
-3.304576 0.009553
-3.295824 0.009328
-3.287072 0.009112
-3.278320 0.008906
-3.269567 0.008708
-3.260815 0.008518
-3.252063 0.008336
-3.243311 0.008162
-3.234559 0.007994
-3.225806 0.007834
-3.217054 0.007680
-3.208302 0.007532
-3.199550 0.007391
-3.190798 0.007255
-3.182046 0.007125
-3.173293 0.007000
-3.164541 0.006880
-3.155789 0.006765
-3.147037 0.006655
-3.138285 0.006549
-3.129532 0.006448
-3.120780 0.006351
-3.112028 0.006258
-3.103276 0.006169
-3.094524 0.006084
-3.085771 0.006002
-3.077019 0.005925
-3.068267 0.005850
-3.059515 0.005779
-3.050763 0.005712
-3.042011 0.005648
-3.033258 0.005586
-3.024506 0.005528
-3.015754 0.005473
-3.007002 0.005421
-2.998250 0.005372
-2.989497 0.005325
-2.980745 0.005282
-2.971993 0.005241
-2.963241 0.005202
-2.954489 0.005167
-2.945736 0.005134
-2.936984 0.005104
-2.928232 0.005076
-2.919480 0.005051
-2.910728 0.005029
-2.901975 0.005009
-2.893223 0.004991
-2.884471 0.004977
-2.875719 0.004965
-2.866967 0.004955
-2.858215 0.004948
-2.849462 0.004944
-2.840710 0.004942
-2.831958 0.004943
-2.823206 0.004947
-2.814454 0.004953
-2.805701 0.004963
-2.796949 0.004975
-2.788197 0.004990
-2.779445 0.005008
-2.770693 0.005030
-2.761940 0.005054
-2.753188 0.005081
-2.744436 0.005112
-2.735684 0.005146
-2.726932 0.005184
-2.718180 0.005225
-2.709427 0.005271
-2.700675 0.005319
-2.691923 0.005372
-2.683171 0.005429
-2.674419 0.005491
-2.665666 0.005556
-2.656914 0.005626
-2.648162 0.005701
-2.639410 0.005781
-2.630658 0.005866
-2.621905 0.005957
-2.613153 0.006053
-2.604401 0.006155
-2.595649 0.006262
-2.586897 0.006376
-2.578145 0.006497
-2.569392 0.006624
-2.560640 0.006758
-2.551888 0.006900
-2.543136 0.007049
-2.534384 0.007206
-2.525631 0.007370
-2.516879 0.007544
-2.508127 0.007726
-2.499375 0.007917
-2.490623 0.008117
-2.481870 0.008326
-2.473118 0.008545
-2.464366 0.008774
-2.455614 0.009014
-2.446862 0.009263
-2.438110 0.009523
-2.429357 0.009794
-2.420605 0.010075
-2.411853 0.010367
-2.403101 0.010670
-2.394349 0.010983
-2.385596 0.011307
-2.376844 0.011641
-2.368092 0.011984
-2.359340 0.012337
-2.350588 0.012699
-2.341835 0.013069
-2.333083 0.013447
-2.324331 0.013832
-2.315579 0.014223
-2.306827 0.014619
-2.298075 0.015019
-2.289322 0.015422
-2.280570 0.015826
-2.271818 0.016231
-2.263066 0.016634
-2.254314 0.017035
-2.245561 0.017432
-2.236809 0.017823
-2.228057 0.018206
-2.219305 0.018582
-2.210553 0.018947
-2.201800 0.019301
-2.193048 0.019641
-2.184296 0.019968
-2.175544 0.020279
-2.166792 0.020574
-2.158040 0.020852
-2.149287 0.021112
-2.140535 0.021352
-2.131783 0.021574
-2.123031 0.021775
-2.114279 0.021957
-2.105526 0.022118
-2.096774 0.022259
-2.088022 0.022381
-2.079270 0.022482
-2.070518 0.022563
-2.061765 0.022625
-2.053013 0.022669
-2.044261 0.022693
-2.035509 0.022700
-2.026757 0.022688
-2.018005 0.022659
-2.009252 0.022613
-2.000500 0.022551
-1.991748 0.022472
-1.982996 0.022377
-1.974244 0.022266
-1.965491 0.022139
-1.956739 0.021997
-1.947987 0.021839
-1.939235 0.021666
-1.930483 0.021477
-1.921730 0.021274
-1.912978 0.021056
-1.904226 0.020822
-1.895474 0.020575
-1.886722 0.020313
-1.877969 0.020037
-1.869217 0.019747
-1.860465 0.019445
-1.851713 0.019130
-1.842961 0.018803
-1.834209 0.018465
-1.825456 0.018117
-1.816704 0.017760
-1.807952 0.017393
-1.799200 0.017020
-1.790448 0.016640
-1.781695 0.016255
-1.772943 0.015865
-1.764191 0.015473
-1.755439 0.015078
-1.746687 0.014683
-1.737934 0.014288
-1.729182 0.013894
-1.720430 0.013503
-1.711678 0.013115
-1.702926 0.012732
-1.694174 0.012354
-1.685421 0.011982
-1.676669 0.011616
-1.667917 0.011258
-1.659165 0.010908
-1.650413 0.010566
-1.641660 0.010234
-1.632908 0.009910
-1.624156 0.009596
-1.615404 0.009292
-1.606652 0.008998
-1.597899 0.008713
-1.589147 0.008439
-1.580395 0.008174
-1.571643 0.007919
-1.562891 0.007674
-1.554139 0.007438
-1.545386 0.007212
-1.536634 0.006994
-1.527882 0.006786
-1.519130 0.006586
-1.510378 0.006394
-1.501625 0.006211
-1.492873 0.006035
-1.484121 0.005866
-1.475369 0.005705
-1.466617 0.005550
-1.457864 0.005402
-1.449112 0.005259
-1.440360 0.005123
-1.431608 0.004992
-1.422856 0.004866
-1.414104 0.004746
-1.405351 0.004630
-1.396599 0.004519
-1.387847 0.004412
-1.379095 0.004308
-1.370343 0.004209
-1.361590 0.004114
-1.352838 0.004021
-1.344086 0.003932
-1.335334 0.003847
-1.326582 0.003764
-1.317829 0.003684
-1.309077 0.003606
-1.300325 0.003531
-1.291573 0.003459
-1.282821 0.003389
-1.274069 0.003321
-1.265316 0.003255
-1.256564 0.003191
-1.247812 0.003129
-1.239060 0.003069
-1.230308 0.003011
-1.221555 0.002955
-1.212803 0.002900
-1.204051 0.002847
-1.195299 0.002796
-1.186547 0.002746
-1.177794 0.002697
-1.169042 0.002650
-1.160290 0.002605
-1.151538 0.002560
-1.142786 0.002517
-1.134034 0.002476
-1.125281 0.002436
-1.116529 0.002397
-1.107777 0.002359
-1.099025 0.002323
-1.090273 0.002288
-1.081520 0.002254
-1.072768 0.002221
-1.064016 0.002190
-1.055264 0.002159
-1.046512 0.002130
-1.037759 0.002102
-1.029007 0.002075
-1.020255 0.002049
-1.011503 0.002024
-1.002751 0.002001
-0.993998 0.001978
-0.985246 0.001957
-0.976494 0.001936
-0.967742 0.001917
-0.958990 0.001899
-0.950238 0.001882
-0.941485 0.001865
-0.932733 0.001850
-0.923981 0.001836
-0.915229 0.001824
-0.906477 0.001812
-0.897724 0.001801
-0.888972 0.001791
-0.880220 0.001782
-0.871468 0.001775
-0.862716 0.001768
-0.853963 0.001763
-0.845211 0.001758
-0.836459 0.001754
-0.827707 0.001752
-0.818955 0.001750
-0.810203 0.001750
-0.801450 0.001750
-0.792698 0.001751
-0.783946 0.001754
-0.775194 0.001757
-0.766442 0.001760
-0.757689 0.001765
-0.748937 0.001770
-0.740185 0.001776
-0.731433 0.001782
-0.722681 0.001789
-0.713928 0.001796
-0.705176 0.001803
-0.696424 0.001811
-0.687672 0.001818
-0.678920 0.001826
-0.670168 0.001833
-0.661415 0.001840
-0.652663 0.001846
-0.643911 0.001852
-0.635159 0.001857
-0.626407 0.001861
-0.617654 0.001865
-0.608902 0.001867
-0.600150 0.001868
-0.591398 0.001868
-0.582646 0.001867
-0.573893 0.001864
-0.565141 0.001859
-0.556389 0.001854
-0.547637 0.001846
-0.538885 0.001837
-0.530133 0.001827
-0.521380 0.001815
-0.512628 0.001801
-0.503876 0.001786
-0.495124 0.001770
-0.486372 0.001752
-0.477619 0.001733
-0.468867 0.001712
-0.460115 0.001691
-0.451363 0.001669
-0.442611 0.001645
-0.433858 0.001621
-0.425106 0.001596
-0.416354 0.001571
-0.407602 0.001545
-0.398850 0.001519
-0.390098 0.001493
-0.381345 0.001467
-0.372593 0.001440
-0.363841 0.001414
-0.355089 0.001388
-0.346337 0.001362
-0.337584 0.001336
-0.328832 0.001311
-0.320080 0.001287
-0.311328 0.001263
-0.302576 0.001239
-0.293823 0.001216
-0.285071 0.001193
-0.276319 0.001171
-0.267567 0.001150
-0.258815 0.001130
-0.250063 0.001110
-0.241310 0.001090
-0.232558 0.001072
-0.223806 0.001054
-0.215054 0.001036
-0.206302 0.001019
-0.197549 0.001003
-0.188797 0.000987
-0.180045 0.000972
-0.171293 0.000957
-0.162541 0.000943
-0.153788 0.000929
-0.145036 0.000915
-0.136284 0.000902
-0.127532 0.000890
-0.118780 0.000877
-0.110028 0.000865
-0.101275 0.000854
-0.092523 0.000843
-0.083771 0.000832
-0.075019 0.000821
-0.066267 0.000811
-0.057514 0.000801
-0.048762 0.000791
-0.040010 0.000781
-0.031258 0.000772
-0.022506 0.000762
-0.013753 0.000753
-0.005001 0.000745
0.003751 0.000736
0.012503 0.000727
0.021255 0.000719
0.030008 0.000711
0.038760 0.000703
0.047512 0.000695
0.056264 0.000688
0.065016 0.000680
0.073768 0.000673
0.082521 0.000666
0.091273 0.000659
0.100025 0.000652
0.108777 0.000645
0.117529 0.000639
0.126282 0.000632
0.135034 0.000626
0.143786 0.000620
0.152538 0.000614
0.161290 0.000608
0.170043 0.000602
0.178795 0.000597
0.187547 0.000591
0.196299 0.000586
0.205051 0.000580
0.213803 0.000575
0.222556 0.000570
0.231308 0.000565
0.240060 0.000560
0.248812 0.000555
0.257564 0.000551
0.266317 0.000546
0.275069 0.000541
0.283821 0.000537
0.292573 0.000533
0.301325 0.000528
0.310078 0.000524
0.318830 0.000520
0.327582 0.000516
0.336334 0.000512
0.345086 0.000508
0.353838 0.000505
0.362591 0.000501
0.371343 0.000497
0.380095 0.000494
0.388847 0.000490
0.397599 0.000487
0.406352 0.000483
0.415104 0.000480
0.423856 0.000477
0.432608 0.000473
0.441360 0.000470
0.450113 0.000467
0.458865 0.000464
0.467617 0.000461
0.476369 0.000458
0.485121 0.000455
0.493873 0.000452
0.502626 0.000449
0.511378 0.000446
0.520130 0.000444
0.528882 0.000441
0.537634 0.000438
0.546387 0.000435
0.555139 0.000433
0.563891 0.000430
0.572643 0.000428
0.581395 0.000425
0.590148 0.000423
0.598900 0.000420
0.607652 0.000418
0.616404 0.000415
0.625156 0.000413
0.633908 0.000411
0.642661 0.000408
0.651413 0.000406
0.660165 0.000404
0.668917 0.000402
0.677669 0.000399
0.686422 0.000397
0.695174 0.000395
0.703926 0.000393
0.712678 0.000391
0.721430 0.000389
0.730183 0.000387
0.738935 0.000385
0.747687 0.000383
0.756439 0.000381
0.765191 0.000379
0.773943 0.000377
0.782696 0.000375
0.791448 0.000373
0.800200 0.000372
0.808952 0.000370
0.817704 0.000368
0.826457 0.000366
0.835209 0.000364
0.843961 0.000363
0.852713 0.000361
0.861465 0.000359
0.870218 0.000357
0.878970 0.000356
0.887722 0.000354
0.896474 0.000353
0.905226 0.000351
0.913978 0.000349
0.922731 0.000348
0.931483 0.000346
0.940235 0.000345
0.948987 0.000343
0.957739 0.000342
0.966492 0.000340
0.975244 0.000339
0.983996 0.000337
0.992748 0.000336
1.001500 0.000334
1.010253 0.000333
1.019005 0.000331
1.027757 0.000330
1.036509 0.000329
1.045261 0.000327
1.054014 0.000326
1.062766 0.000325
1.071518 0.000323
1.080270 0.000322
1.089022 0.000321
1.097774 0.000319
1.106527 0.000318
1.115279 0.000317
1.124031 0.000316
1.132783 0.000314
1.141535 0.000313
1.150288 0.000312
1.159040 0.000311
1.167792 0.000310
1.176544 0.000309
1.185296 0.000307
1.194049 0.000306
1.202801 0.000305
1.211553 0.000304
1.220305 0.000303
1.229057 0.000302
1.237809 0.000301
1.246562 0.000300
1.255314 0.000299
1.264066 0.000298
1.272818 0.000297
1.281570 0.000296
1.290323 0.000295
1.299075 0.000294
1.307827 0.000293
1.316579 0.000292
1.325331 0.000291
1.334084 0.000290
1.342836 0.000289
1.351588 0.000288
1.360340 0.000287
1.369092 0.000286
1.377844 0.000285
1.386597 0.000284
1.395349 0.000283
1.404101 0.000283
1.412853 0.000282
1.421605 0.000281
1.430358 0.000280
1.439110 0.000279
1.447862 0.000278
1.456614 0.000278
1.465366 0.000277
1.474119 0.000276
1.482871 0.000275
1.491623 0.000275
1.500375 0.000274
1.509127 0.000273
1.517879 0.000272
1.526632 0.000272
1.535384 0.000271
1.544136 0.000270
1.552888 0.000270
1.561640 0.000269
1.570393 0.000268
1.579145 0.000268
1.587897 0.000267
1.596649 0.000266
1.605401 0.000266
1.614154 0.000265
1.622906 0.000265
1.631658 0.000264
1.640410 0.000263
1.649162 0.000263
1.657914 0.000262
1.666667 0.000262
1.675419 0.000261
1.684171 0.000261
1.692923 0.000260
1.701675 0.000260
1.710428 0.000259
1.719180 0.000259
1.727932 0.000258
1.736684 0.000258
1.745436 0.000257
1.754189 0.000257
1.762941 0.000257
1.771693 0.000256
1.780445 0.000256
1.789197 0.000255
1.797949 0.000255
1.806702 0.000255
1.815454 0.000254
1.824206 0.000254
1.832958 0.000254
1.841710 0.000253
1.850463 0.000253
1.859215 0.000253
1.867967 0.000253
1.876719 0.000252
1.885471 0.000252
1.894224 0.000252
1.902976 0.000252
1.911728 0.000251
1.920480 0.000251
1.929232 0.000251
1.937984 0.000251
1.946737 0.000251
1.955489 0.000251
1.964241 0.000251
1.972993 0.000250
1.981745 0.000250
1.990498 0.000250
1.999250 0.000250
2.008002 0.000250
2.016754 0.000250
2.025506 0.000250
2.034259 0.000250
2.043011 0.000250
2.051763 0.000250
2.060515 0.000251
2.069267 0.000251
2.078020 0.000251
2.086772 0.000251
2.095524 0.000251
2.104276 0.000251
2.113028 0.000252
2.121780 0.000252
2.130533 0.000252
2.139285 0.000252
2.148037 0.000253
2.156789 0.000253
2.165541 0.000253
2.174294 0.000254
2.183046 0.000254
2.191798 0.000255
2.200550 0.000255
2.209302 0.000256
2.218055 0.000256
2.226807 0.000257
2.235559 0.000257
2.244311 0.000258
2.253063 0.000259
2.261815 0.000259
2.270568 0.000260
2.279320 0.000261
2.288072 0.000262
2.296824 0.000263
2.305576 0.000264
2.314329 0.000265
2.323081 0.000266
2.331833 0.000267
2.340585 0.000268
2.349337 0.000269
2.358090 0.000270
2.366842 0.000271
2.375594 0.000273
2.384346 0.000274
2.393098 0.000276
2.401850 0.000277
2.410603 0.000279
2.419355 0.000280
2.428107 0.000282
2.436859 0.000284
2.445611 0.000286
2.454364 0.000288
2.463116 0.000290
2.471868 0.000292
2.480620 0.000294
2.489372 0.000297
2.498125 0.000299
2.506877 0.000302
2.515629 0.000304
2.524381 0.000307
2.533133 0.000310
2.541885 0.000313
2.550638 0.000316
2.559390 0.000319
2.568142 0.000323
2.576894 0.000326
2.585646 0.000330
2.594399 0.000333
2.603151 0.000337
2.611903 0.000341
2.620655 0.000346
2.629407 0.000350
2.638160 0.000354
2.646912 0.000359
2.655664 0.000364
2.664416 0.000369
2.673168 0.000374
2.681920 0.000380
2.690673 0.000385
2.699425 0.000391
2.708177 0.000397
2.716929 0.000403
2.725681 0.000410
2.734434 0.000416
2.743186 0.000423
2.751938 0.000431
2.760690 0.000438
2.769442 0.000446
2.778195 0.000454
2.786947 0.000462
2.795699 0.000471
2.804451 0.000480
2.813203 0.000490
2.821955 0.000500
2.830708 0.000510
2.839460 0.000521
2.848212 0.000532
2.856964 0.000544
2.865716 0.000556
2.874469 0.000569
2.883221 0.000582
2.891973 0.000596
2.900725 0.000610
2.909477 0.000625
2.918230 0.000640
2.926982 0.000657
2.935734 0.000673
2.944486 0.000691
2.953238 0.000709
2.961990 0.000728
2.970743 0.000747
2.979495 0.000767
2.988247 0.000787
2.996999 0.000809
3.005751 0.000830
3.014504 0.000853
3.023256 0.000875
3.032008 0.000899
3.040760 0.000922
3.049512 0.000947
3.058265 0.000971
3.067017 0.000996
3.075769 0.001021
3.084521 0.001046
3.093273 0.001072
3.102026 0.001097
3.110778 0.001123
3.119530 0.001148
3.128282 0.001174
3.137034 0.001199
3.145786 0.001224
3.154539 0.001249
3.163291 0.001273
3.172043 0.001297
3.180795 0.001320
3.189547 0.001342
3.198300 0.001364
3.207052 0.001386
3.215804 0.001406
3.224556 0.001426
3.233308 0.001444
3.242061 0.001461
3.250813 0.001478
3.259565 0.001493
3.268317 0.001507
3.277069 0.001519
3.285821 0.001531
3.294574 0.001540
3.303326 0.001548
3.312078 0.001555
3.320830 0.001559
3.329582 0.001562
3.338335 0.001563
3.347087 0.001563
3.355839 0.001560
3.364591 0.001556
3.373343 0.001550
3.382096 0.001541
3.390848 0.001531
3.399600 0.001519
3.408352 0.001505
3.417104 0.001490
3.425856 0.001472
3.434609 0.001453
3.443361 0.001433
3.452113 0.001411
3.460865 0.001387
3.469617 0.001362
3.478370 0.001336
3.487122 0.001310
3.495874 0.001282
3.504626 0.001253
3.513378 0.001224
3.522131 0.001194
3.530883 0.001164
3.539635 0.001134
3.548387 0.001104
3.557139 0.001073
3.565891 0.001043
3.574644 0.001013
3.583396 0.000984
3.592148 0.000954
3.600900 0.000926
3.609652 0.000897
3.618405 0.000870
3.627157 0.000843
3.635909 0.000817
3.644661 0.000791
3.653413 0.000767
3.662166 0.000743
3.670918 0.000720
3.679670 0.000697
3.688422 0.000676
3.697174 0.000655
3.705926 0.000635
3.714679 0.000616
3.723431 0.000598
3.732183 0.000581
3.740935 0.000564
3.749687 0.000548
3.758440 0.000532
3.767192 0.000518
3.775944 0.000504
3.784696 0.000490
3.793448 0.000477
3.802201 0.000465
3.810953 0.000453
3.819705 0.000442
3.828457 0.000431
3.837209 0.000421
3.845961 0.000411
3.854714 0.000402
3.863466 0.000393
3.872218 0.000384
3.880970 0.000376
3.889722 0.000368
3.898475 0.000361
3.907227 0.000353
3.915979 0.000346
3.924731 0.000340
3.933483 0.000333
3.942236 0.000327
3.950988 0.000321
3.959740 0.000316
3.968492 0.000310
3.977244 0.000305
3.985996 0.000300
3.994749 0.000295
4.003501 0.000290
4.012253 0.000286
4.021005 0.000282
4.029757 0.000277
4.038510 0.000273
4.047262 0.000269
4.056014 0.000266
4.064766 0.000262
4.073518 0.000258
4.082271 0.000255
4.091023 0.000252
4.099775 0.000249
4.108527 0.000246
4.117279 0.000243
4.126032 0.000240
4.134784 0.000237
4.143536 0.000234
4.152288 0.000231
4.161040 0.000229
4.169792 0.000226
4.178545 0.000224
4.187297 0.000222
4.196049 0.000219
4.204801 0.000217
4.213553 0.000215
4.222306 0.000213
4.231058 0.000211
4.239810 0.000209
4.248562 0.000207
4.257314 0.000205
4.266067 0.000203
4.274819 0.000202
4.283571 0.000200
4.292323 0.000198
4.301075 0.000197
4.309827 0.000195
4.318580 0.000193
4.327332 0.000192
4.336084 0.000190
4.344836 0.000189
4.353588 0.000187
4.362341 0.000186
4.371093 0.000185
4.379845 0.000183
4.388597 0.000182
4.397349 0.000181
4.406102 0.000180
4.414854 0.000178
4.423606 0.000177
4.432358 0.000176
4.441110 0.000175
4.449862 0.000174
4.458615 0.000173
4.467367 0.000172
4.476119 0.000171
4.484871 0.000170
4.493623 0.000169
4.502376 0.000168
4.511128 0.000167
4.519880 0.000166
4.528632 0.000165
4.537384 0.000164
4.546137 0.000163
4.554889 0.000162
4.563641 0.000161
4.572393 0.000161
4.581145 0.000160
4.589897 0.000159
4.598650 0.000158
4.607402 0.000157
4.616154 0.000157
4.624906 0.000156
4.633658 0.000155
4.642411 0.000155
4.651163 0.000154
4.659915 0.000153
4.668667 0.000152
4.677419 0.000152
4.686172 0.000151
4.694924 0.000150
4.703676 0.000150
4.712428 0.000149
4.721180 0.000149
4.729932 0.000148
4.738685 0.000147
4.747437 0.000147
4.756189 0.000146
4.764941 0.000146
4.773693 0.000145
4.782446 0.000145
4.791198 0.000144
4.799950 0.000144
4.808702 0.000143
4.817454 0.000142
4.826207 0.000142
4.834959 0.000141
4.843711 0.000141
4.852463 0.000141
4.861215 0.000140
4.869967 0.000140
4.878720 0.000139
4.887472 0.000139
4.896224 0.000138
4.904976 0.000138
4.913728 0.000137
4.922481 0.000137
4.931233 0.000137
4.939985 0.000136
4.948737 0.000136
4.957489 0.000135
4.966242 0.000135
4.974994 0.000134
4.983746 0.000134
4.992498 0.000134
5.001250 0.000133
5.010003 0.000133
5.018755 0.000133
5.027507 0.000132
5.036259 0.000132
5.045011 0.000132
5.053763 0.000131
5.062516 0.000131
5.071268 0.000131
5.080020 0.000130
5.088772 0.000130
5.097524 0.000130
5.106277 0.000129
5.115029 0.000129
5.123781 0.000129
5.132533 0.000128
5.141285 0.000128
5.150038 0.000128
5.158790 0.000127
5.167542 0.000127
5.176294 0.000127
5.185046 0.000127
5.193798 0.000126
5.202551 0.000126
5.211303 0.000126
5.220055 0.000125
5.228807 0.000125
5.237559 0.000125
5.246312 0.000125
5.255064 0.000124
5.263816 0.000124
5.272568 0.000124
5.281320 0.000124
5.290073 0.000123
5.298825 0.000123
5.307577 0.000123
5.316329 0.000123
5.325081 0.000123
5.333833 0.000122
5.342586 0.000122
5.351338 0.000122
5.360090 0.000122
5.368842 0.000121
5.377594 0.000121
5.386347 0.000121
5.395099 0.000121
5.403851 0.000121
5.412603 0.000120
5.421355 0.000120
5.430108 0.000120
5.438860 0.000120
5.447612 0.000120
5.456364 0.000119
5.465116 0.000119
5.473868 0.000119
5.482621 0.000119
5.491373 0.000119
5.500125 0.000118
5.508877 0.000118
5.517629 0.000118
5.526382 0.000118
5.535134 0.000118
5.543886 0.000118
5.552638 0.000117
5.561390 0.000117
5.570143 0.000117
5.578895 0.000117
5.587647 0.000117
5.596399 0.000117
5.605151 0.000117
5.613903 0.000116
5.622656 0.000116
5.631408 0.000116
5.640160 0.000116
5.648912 0.000116
5.657664 0.000116
5.666417 0.000116
5.675169 0.000115
5.683921 0.000115
5.692673 0.000115
5.701425 0.000115
5.710178 0.000115
5.718930 0.000115
5.727682 0.000115
5.736434 0.000114
5.745186 0.000114
5.753938 0.000114
5.762691 0.000114
5.771443 0.000114
5.780195 0.000114
5.788947 0.000114
5.797699 0.000114
5.806452 0.000114
5.815204 0.000113
5.823956 0.000113
5.832708 0.000113
5.841460 0.000113
5.850213 0.000113
5.858965 0.000113
5.867717 0.000113
5.876469 0.000113
5.885221 0.000113
5.893973 0.000112
5.902726 0.000112
5.911478 0.000112
5.920230 0.000112
5.928982 0.000112
5.937734 0.000112
5.946487 0.000112
5.955239 0.000112
5.963991 0.000112
5.972743 0.000112
5.981495 0.000112
5.990248 0.000111
5.999000 0.000111
6.007752 0.000111
6.016504 0.000111
6.025256 0.000111
6.034009 0.000111
6.042761 0.000111
6.051513 0.000111
6.060265 0.000111
6.069017 0.000111
6.077769 0.000111
6.086522 0.000111
6.095274 0.000111
6.104026 0.000111
6.112778 0.000110
6.121530 0.000110
6.130283 0.000110
6.139035 0.000110
6.147787 0.000110
6.156539 0.000110
6.165291 0.000110
6.174044 0.000110
6.182796 0.000110
6.191548 0.000110
6.200300 0.000110
6.209052 0.000110
6.217804 0.000110
6.226557 0.000110
6.235309 0.000110
6.244061 0.000110
6.252813 0.000110
6.261565 0.000110
6.270318 0.000110
6.279070 0.000110
6.287822 0.000109
6.296574 0.000109
6.305326 0.000109
6.314079 0.000109
6.322831 0.000109
6.331583 0.000109
6.340335 0.000109
6.349087 0.000109
6.357839 0.000109
6.366592 0.000109
6.375344 0.000109
6.384096 0.000109
6.392848 0.000109
6.401600 0.000109
6.410353 0.000109
6.419105 0.000109
6.427857 0.000109
6.436609 0.000109
6.445361 0.000109
6.454114 0.000109
6.462866 0.000109
6.471618 0.000109
6.480370 0.000109
6.489122 0.000109
6.497874 0.000109
6.506627 0.000109
6.515379 0.000109
6.524131 0.000109
6.532883 0.000109
6.541635 0.000109
6.550388 0.000109
6.559140 0.000109
6.567892 0.000109
6.576644 0.000109
6.585396 0.000109
6.594149 0.000109
6.602901 0.000109
6.611653 0.000109
6.620405 0.000109
6.629157 0.000109
6.637909 0.000109
6.646662 0.000109
6.655414 0.000109
6.664166 0.000109
6.672918 0.000109
6.681670 0.000109
6.690423 0.000109
6.699175 0.000109
6.707927 0.000109
6.716679 0.000109
6.725431 0.000109
6.734184 0.000109
6.742936 0.000109
6.751688 0.000109
6.760440 0.000109
6.769192 0.000109
6.777944 0.000109
6.786697 0.000109
6.795449 0.000109
6.804201 0.000109
6.812953 0.000109
6.821705 0.000109
6.830458 0.000109
6.839210 0.000109
6.847962 0.000109
6.856714 0.000109
6.865466 0.000109
6.874219 0.000109
6.882971 0.000109
6.891723 0.000109
6.900475 0.000109
6.909227 0.000109
6.917979 0.000109
6.926732 0.000109
6.935484 0.000109
6.944236 0.000109
6.952988 0.000109
6.961740 0.000110
6.970493 0.000110
6.979245 0.000110
6.987997 0.000110
6.996749 0.000110
7.005501 0.000110
7.014254 0.000110
7.023006 0.000110
7.031758 0.000110
7.040510 0.000110
7.049262 0.000110
7.058015 0.000110
7.066767 0.000110
7.075519 0.000110
7.084271 0.000110
7.093023 0.000110
7.101775 0.000110
7.110528 0.000110
7.119280 0.000110
7.128032 0.000110
7.136784 0.000110
7.145536 0.000111
7.154289 0.000111
7.163041 0.000111
7.171793 0.000111
7.180545 0.000111
7.189297 0.000111
7.198050 0.000111
7.206802 0.000111
7.215554 0.000111
7.224306 0.000111
7.233058 0.000111
7.241810 0.000111
7.250563 0.000111
7.259315 0.000111
7.268067 0.000111
7.276819 0.000112
7.285571 0.000112
7.294324 0.000112
7.303076 0.000112
7.311828 0.000112
7.320580 0.000112
7.329332 0.000112
7.338085 0.000112
7.346837 0.000112
7.355589 0.000112
7.364341 0.000112
7.373093 0.000112
7.381845 0.000112
7.390598 0.000113
7.399350 0.000113
7.408102 0.000113
7.416854 0.000113
7.425606 0.000113
7.434359 0.000113
7.443111 0.000113
7.451863 0.000113
7.460615 0.000113
7.469367 0.000113
7.478120 0.000113
7.486872 0.000114
7.495624 0.000114
7.504376 0.000114
7.513128 0.000114
7.521880 0.000114
7.530633 0.000114
7.539385 0.000114
7.548137 0.000114
7.556889 0.000114
7.565641 0.000115
7.574394 0.000115
7.583146 0.000115
7.591898 0.000115
7.600650 0.000115
7.609402 0.000115
7.618155 0.000115
7.626907 0.000115
7.635659 0.000115
7.644411 0.000116
7.653163 0.000116
7.661915 0.000116
7.670668 0.000116
7.679420 0.000116
7.688172 0.000116
7.696924 0.000116
7.705676 0.000116
7.714429 0.000117
7.723181 0.000117
7.731933 0.000117
7.740685 0.000117
7.749437 0.000117
7.758190 0.000117
7.766942 0.000117
7.775694 0.000117
7.784446 0.000118
7.793198 0.000118
7.801950 0.000118
7.810703 0.000118
7.819455 0.000118
7.828207 0.000118
7.836959 0.000118
7.845711 0.000119
7.854464 0.000119
7.863216 0.000119
7.871968 0.000119
7.880720 0.000119
7.889472 0.000119
7.898225 0.000119
7.906977 0.000120
7.915729 0.000120
7.924481 0.000120
7.933233 0.000120
7.941985 0.000120
7.950738 0.000120
7.959490 0.000121
7.968242 0.000121
7.976994 0.000121
7.985746 0.000121
7.994499 0.000121
8.003251 0.000121
8.012003 0.000121
8.020755 0.000122
8.029507 0.000122
8.038260 0.000122
8.047012 0.000122
8.055764 0.000122
8.064516 0.000123
8.073268 0.000123
8.082021 0.000123
8.090773 0.000123
8.099525 0.000123
8.108277 0.000123
8.117029 0.000124
8.125781 0.000124
8.134534 0.000124
8.143286 0.000124
8.152038 0.000124
8.160790 0.000125
8.169542 0.000125
8.178295 0.000125
8.187047 0.000125
8.195799 0.000125
8.204551 0.000125
8.213303 0.000126
8.222056 0.000126
8.230808 0.000126
8.239560 0.000126
8.248312 0.000127
8.257064 0.000127
8.265816 0.000127
8.274569 0.000127
8.283321 0.000127
8.292073 0.000128
8.300825 0.000128
8.309577 0.000128
8.318330 0.000128
8.327082 0.000128
8.335834 0.000129
8.344586 0.000129
8.353338 0.000129
8.362091 0.000129
8.370843 0.000130
8.379595 0.000130
8.388347 0.000130
8.397099 0.000130
8.405851 0.000130
8.414604 0.000131
8.423356 0.000131
8.432108 0.000131
8.440860 0.000131
8.449612 0.000132
8.458365 0.000132
8.467117 0.000132
8.475869 0.000132
8.484621 0.000133
8.493373 0.000133
8.502126 0.000133
8.510878 0.000133
8.519630 0.000134
8.528382 0.000134
8.537134 0.000134
8.545886 0.000134
8.554639 0.000135
8.563391 0.000135
8.572143 0.000135
8.580895 0.000135
8.589647 0.000136
8.598400 0.000136
8.607152 0.000136
8.615904 0.000136
8.624656 0.000137
8.633408 0.000137
8.642161 0.000137
8.650913 0.000138
8.659665 0.000138
8.668417 0.000138
8.677169 0.000138
8.685921 0.000139
8.694674 0.000139
8.703426 0.000139
8.712178 0.000140
8.720930 0.000140
8.729682 0.000140
8.738435 0.000141
8.747187 0.000141
8.755939 0.000141
8.764691 0.000141
8.773443 0.000142
8.782196 0.000142
8.790948 0.000142
8.799700 0.000143
8.808452 0.000143
8.817204 0.000143
8.825956 0.000144
8.834709 0.000144
8.843461 0.000144
8.852213 0.000145
8.860965 0.000145
8.869717 0.000145
8.878470 0.000146
8.887222 0.000146
8.895974 0.000146
8.904726 0.000147
8.913478 0.000147
8.922231 0.000147
8.930983 0.000148
8.939735 0.000148
8.948487 0.000148
8.957239 0.000149
8.965991 0.000149
8.974744 0.000149
8.983496 0.000150
8.992248 0.000150
9.001000 0.000150
9.009752 0.000151
9.018505 0.000151
9.027257 0.000152
9.036009 0.000152
9.044761 0.000152
9.053513 0.000153
9.062266 0.000153
9.071018 0.000153
9.079770 0.000154
9.088522 0.000154
9.097274 0.000155
9.106027 0.000155
9.114779 0.000155
9.123531 0.000156
9.132283 0.000156
9.141035 0.000157
9.149787 0.000157
9.158540 0.000157
9.167292 0.000158
9.176044 0.000158
9.184796 0.000159
9.193548 0.000159
9.202301 0.000160
9.211053 0.000160
9.219805 0.000160
9.228557 0.000161
9.237309 0.000161
9.246062 0.000162
9.254814 0.000162
9.263566 0.000163
9.272318 0.000163
9.281070 0.000164
9.289822 0.000164
9.298575 0.000164
9.307327 0.000165
9.316079 0.000165
9.324831 0.000166
9.333583 0.000166
9.342336 0.000167
9.351088 0.000167
9.359840 0.000168
9.368592 0.000168
9.377344 0.000169
9.386097 0.000169
9.394849 0.000170
9.403601 0.000170
9.412353 0.000171
9.421105 0.000171
9.429857 0.000172
9.438610 0.000172
9.447362 0.000173
9.456114 0.000173
9.464866 0.000174
9.473618 0.000174
9.482371 0.000175
9.491123 0.000175
9.499875 0.000176
9.508627 0.000176
9.517379 0.000177
9.526132 0.000178
9.534884 0.000178
9.543636 0.000179
9.552388 0.000179
9.561140 0.000180
9.569892 0.000180
9.578645 0.000181
9.587397 0.000181
9.596149 0.000182
9.604901 0.000183
9.613653 0.000183
9.622406 0.000184
9.631158 0.000184
9.639910 0.000185
9.648662 0.000186
9.657414 0.000186
9.666167 0.000187
9.674919 0.000187
9.683671 0.000188
9.692423 0.000189
9.701175 0.000189
9.709927 0.000190
9.718680 0.000191
9.727432 0.000191
9.736184 0.000192
9.744936 0.000192
9.753688 0.000193
9.762441 0.000194
9.771193 0.000194
9.779945 0.000195
9.788697 0.000196
9.797449 0.000196
9.806202 0.000197
9.814954 0.000198
9.823706 0.000199
9.832458 0.000199
9.841210 0.000200
9.849962 0.000201
9.858715 0.000201
9.867467 0.000202
9.876219 0.000203
9.884971 0.000204
9.893723 0.000204
9.902476 0.000205
9.911228 0.000206
9.919980 0.000207
9.928732 0.000207
9.937484 0.000208
9.946237 0.000209
9.954989 0.000210
9.963741 0.000210
9.972493 0.000211
9.981245 0.000212
9.989997 0.000213
9.998750 0.000214
10.007502 0.000214
10.016254 0.000215
10.025006 0.000216
10.033758 0.000217
10.042511 0.000218
10.051263 0.000218
10.060015 0.000219
10.068767 0.000220
10.077519 0.000221
10.086272 0.000222
10.095024 0.000223
10.103776 0.000224
10.112528 0.000225
10.121280 0.000225
10.130033 0.000226
10.138785 0.000227
10.147537 0.000228
10.156289 0.000229
10.165041 0.000230
10.173793 0.000231
10.182546 0.000232
10.191298 0.000233
10.200050 0.000234
10.208802 0.000235
10.217554 0.000236
10.226307 0.000237
10.235059 0.000238
10.243811 0.000239
10.252563 0.000240
10.261315 0.000241
10.270068 0.000242
10.278820 0.000243
10.287572 0.000244
10.296324 0.000245
10.305076 0.000246
10.313828 0.000247
10.322581 0.000248
10.331333 0.000249
10.340085 0.000250
10.348837 0.000251
10.357589 0.000252
10.366342 0.000253
10.375094 0.000255
10.383846 0.000256
10.392598 0.000257
10.401350 0.000258
10.410103 0.000259
10.418855 0.000260
10.427607 0.000262
10.436359 0.000263
10.445111 0.000264
10.453863 0.000265
10.462616 0.000266
10.471368 0.000268
10.480120 0.000269
10.488872 0.000270
10.497624 0.000271
10.506377 0.000273
10.515129 0.000274
10.523881 0.000275
10.532633 0.000277
10.541385 0.000278
10.550138 0.000279
10.558890 0.000280
10.567642 0.000282
10.576394 0.000283
10.585146 0.000285
10.593898 0.000286
10.602651 0.000287
10.611403 0.000289
10.620155 0.000290
10.628907 0.000292
10.637659 0.000293
10.646412 0.000295
10.655164 0.000296
10.663916 0.000297
10.672668 0.000299
10.681420 0.000300
10.690173 0.000302
10.698925 0.000304
10.707677 0.000305
10.716429 0.000307
10.725181 0.000308
10.733933 0.000310
10.742686 0.000311
10.751438 0.000313
10.760190 0.000315
10.768942 0.000316
10.777694 0.000318
10.786447 0.000320
10.795199 0.000321
10.803951 0.000323
10.812703 0.000325
10.821455 0.000327
10.830208 0.000328
10.838960 0.000330
10.847712 0.000332
10.856464 0.000334
10.865216 0.000336
10.873968 0.000338
10.882721 0.000339
10.891473 0.000341
10.900225 0.000343
10.908977 0.000345
10.917729 0.000347
10.926482 0.000349
10.935234 0.000351
10.943986 0.000353
10.952738 0.000355
10.961490 0.000357
10.970243 0.000359
10.978995 0.000361
10.987747 0.000363
10.996499 0.000365
11.005251 0.000368
11.014004 0.000370
11.022756 0.000372
11.031508 0.000374
11.040260 0.000376
11.049012 0.000379
11.057764 0.000381
11.066517 0.000383
11.075269 0.000385
11.084021 0.000388
11.092773 0.000390
11.101525 0.000393
11.110278 0.000395
11.119030 0.000397
11.127782 0.000400
11.136534 0.000402
11.145286 0.000405
11.154039 0.000408
11.162791 0.000410
11.171543 0.000413
11.180295 0.000415
11.189047 0.000418
11.197799 0.000421
11.206552 0.000423
11.215304 0.000426
11.224056 0.000429
11.232808 0.000432
11.241560 0.000435
11.250313 0.000438
11.259065 0.000440
11.267817 0.000443
11.276569 0.000446
11.285321 0.000449
11.294074 0.000452
11.302826 0.000455
11.311578 0.000459
11.320330 0.000462
11.329082 0.000465
11.337834 0.000468
11.346587 0.000471
11.355339 0.000475
11.364091 0.000478
11.372843 0.000481
11.381595 0.000485
11.390348 0.000488
11.399100 0.000492
11.407852 0.000495
11.416604 0.000499
11.425356 0.000502
11.434109 0.000506
11.442861 0.000510
11.451613 0.000514
11.460365 0.000517
11.469117 0.000521
11.477869 0.000525
11.486622 0.000529
11.495374 0.000533
11.504126 0.000537
11.512878 0.000541
11.521630 0.000545
11.530383 0.000549
11.539135 0.000554
11.547887 0.000558
11.556639 0.000562
11.565391 0.000567
11.574144 0.000571
11.582896 0.000576
11.591648 0.000580
11.600400 0.000585
11.609152 0.000590
11.617904 0.000594
11.626657 0.000599
11.635409 0.000604
11.644161 0.000609
11.652913 0.000614
11.661665 0.000619
11.670418 0.000624
11.679170 0.000630
11.687922 0.000635
11.696674 0.000640
11.705426 0.000646
11.714179 0.000651
11.722931 0.000657
11.731683 0.000663
11.740435 0.000669
11.749187 0.000674
11.757939 0.000680
11.766692 0.000686
11.775444 0.000692
11.784196 0.000699
11.792948 0.000705
11.801700 0.000711
11.810453 0.000718
11.819205 0.000724
11.827957 0.000731
11.836709 0.000738
11.845461 0.000745
11.854214 0.000752
11.862966 0.000759
11.871718 0.000766
11.880470 0.000773
11.889222 0.000781
11.897974 0.000788
11.906727 0.000796
11.915479 0.000804
11.924231 0.000812
11.932983 0.000820
11.941735 0.000828
11.950488 0.000836
11.959240 0.000845
11.967992 0.000853
11.976744 0.000862
11.985496 0.000871
11.994249 0.000880
12.003001 0.000889
12.011753 0.000898
12.020505 0.000908
12.029257 0.000917
12.038010 0.000927
12.046762 0.000937
12.055514 0.000947
12.064266 0.000957
12.073018 0.000968
12.081770 0.000979
12.090523 0.000989
12.099275 0.001001
12.108027 0.001012
12.116779 0.001023
12.125531 0.001035
12.134284 0.001047
12.143036 0.001059
12.151788 0.001071
12.160540 0.001084
12.169292 0.001097
12.178045 0.001110
12.186797 0.001123
12.195549 0.001137
12.204301 0.001151
12.213053 0.001165
12.221805 0.001179
12.230558 0.001194
12.239310 0.001209
12.248062 0.001224
12.256814 0.001240
12.265566 0.001256
12.274319 0.001272
12.283071 0.001289
12.291823 0.001306
12.300575 0.001323
12.309327 0.001341
12.318080 0.001359
12.326832 0.001377
12.335584 0.001396
12.344336 0.001415
12.353088 0.001435
12.361840 0.001455
12.370593 0.001476
12.379345 0.001497
12.388097 0.001518
12.396849 0.001541
12.405601 0.001563
12.414354 0.001586
12.423106 0.001610
12.431858 0.001634
12.440610 0.001659
12.449362 0.001685
12.458115 0.001711
12.466867 0.001737
12.475619 0.001765
12.484371 0.001793
12.493123 0.001822
12.501875 0.001851
12.510628 0.001882
12.519380 0.001913
12.528132 0.001945
12.536884 0.001978
12.545636 0.002011
12.554389 0.002046
12.563141 0.002081
12.571893 0.002118
12.580645 0.002156
12.589397 0.002194
12.598150 0.002234
12.606902 0.002275
12.615654 0.002317
12.624406 0.002361
12.633158 0.002406
12.641910 0.002452
12.650663 0.002499
12.659415 0.002548
12.668167 0.002599
12.676919 0.002651
12.685671 0.002705
12.694424 0.002760
12.703176 0.002817
12.711928 0.002877
12.720680 0.002938
12.729432 0.003001
12.738185 0.003067
12.746937 0.003134
12.755689 0.003204
12.764441 0.003277
12.773193 0.003352
12.781945 0.003430
12.790698 0.003511
12.799450 0.003594
12.808202 0.003681
12.816954 0.003772
12.825706 0.003865
12.834459 0.003962
12.843211 0.004064
12.851963 0.004169
12.860715 0.004278
12.869467 0.004392
12.878220 0.004510
12.886972 0.004634
12.895724 0.004762
12.904476 0.004896
12.913228 0.005036
12.921980 0.005182
12.930733 0.005334
12.939485 0.005493
12.948237 0.005659
12.956989 0.005833
12.965741 0.006014
12.974494 0.006204
12.983246 0.006402
12.991998 0.006610
13.000750 0.006827
13.009502 0.007055
13.018255 0.007293
13.027007 0.007542
13.035759 0.007803
13.044511 0.008076
13.053263 0.008363
13.062016 0.008662
13.070768 0.008976
13.079520 0.009303
13.088272 0.009646
13.097024 0.010005
13.105776 0.010379
13.114529 0.010770
13.123281 0.011178
13.132033 0.011603
13.140785 0.012045
13.149537 0.012504
13.158290 0.012982
13.167042 0.013476
13.175794 0.013989
13.184546 0.014518
13.193298 0.015063
13.202051 0.015624
13.210803 0.016200
13.219555 0.016790
13.228307 0.017393
13.237059 0.018006
13.245811 0.018629
13.254564 0.019258
13.263316 0.019893
13.272068 0.020531
13.280820 0.021168
13.289572 0.021803
13.298325 0.022431
13.307077 0.023051
13.315829 0.023658
13.324581 0.024250
13.333333 0.024822
13.342086 0.025372
13.350838 0.025896
13.359590 0.026390
13.368342 0.026851
13.377094 0.027276
13.385846 0.027662
13.394599 0.028006
13.403351 0.028306
13.412103 0.028559
13.420855 0.028765
13.429607 0.028921
13.438360 0.029026
13.447112 0.029080
13.455864 0.029083
13.464616 0.029035
13.473368 0.028936
13.482121 0.028787
13.490873 0.028590
13.499625 0.028348
13.508377 0.028061
13.517129 0.027732
13.525881 0.027364
13.534634 0.026961
13.543386 0.026524
13.552138 0.026058
13.560890 0.025565
13.569642 0.025050
13.578395 0.024515
13.587147 0.023964
13.595899 0.023400
13.604651 0.022827
13.613403 0.022248
13.622156 0.021665
13.630908 0.021082
13.639660 0.020501
13.648412 0.019924
13.657164 0.019355
13.665916 0.018794
13.674669 0.018244
13.683421 0.017706
13.692173 0.017182
13.700925 0.016673
13.709677 0.016180
13.718430 0.015703
13.727182 0.015244
13.735934 0.014803
13.744686 0.014379
13.753438 0.013975
13.762191 0.013589
13.770943 0.013221
13.779695 0.012872
13.788447 0.012542
13.797199 0.012229
13.805951 0.011935
13.814704 0.011658
13.823456 0.011398
13.832208 0.011156
13.840960 0.010929
13.849712 0.010719
13.858465 0.010525
13.867217 0.010346
13.875969 0.010182
13.884721 0.010033
13.893473 0.009898
13.902226 0.009777
13.910978 0.009669
13.919730 0.009575
13.928482 0.009495
13.937234 0.009427
13.945986 0.009372
13.954739 0.009330
13.963491 0.009300
13.972243 0.009283
13.980995 0.009278
13.989747 0.009285
13.998500 0.009305
14.007252 0.009337
14.016004 0.009382
14.024756 0.009439
14.033508 0.009510
14.042261 0.009593
14.051013 0.009690
14.059765 0.009800
14.068517 0.009924
14.077269 0.010062
14.086022 0.010215
14.094774 0.010382
14.103526 0.010565
14.112278 0.010763
14.121030 0.010978
14.129782 0.011209
14.138535 0.011458
14.147287 0.011724
14.156039 0.012008
14.164791 0.012310
14.173543 0.012632
14.182296 0.012973
14.191048 0.013333
14.199800 0.013714
14.208552 0.014115
14.217304 0.014536
14.226057 0.014978
14.234809 0.015440
14.243561 0.015923
14.252313 0.016426
14.261065 0.016947
14.269817 0.017488
14.278570 0.018047
14.287322 0.018622
14.296074 0.019212
14.304826 0.019817
14.313578 0.020434
14.322331 0.021060
14.331083 0.021694
14.339835 0.022333
14.348587 0.022975
14.357339 0.023615
14.366092 0.024252
14.374844 0.024881
14.383596 0.025499
14.392348 0.026101
14.401100 0.026685
14.409852 0.027246
14.418605 0.027781
14.427357 0.028285
14.436109 0.028754
14.444861 0.029185
14.453613 0.029575
14.462366 0.029920
14.471118 0.030218
14.479870 0.030465
14.488622 0.030659
14.497374 0.030800
14.506127 0.030884
14.514879 0.030912
14.523631 0.030884
14.532383 0.030798
14.541135 0.030656
14.549887 0.030459
14.558640 0.030208
14.567392 0.029906
14.576144 0.029554
14.584896 0.029155
14.593648 0.028713
14.602401 0.028231
14.611153 0.027712
14.619905 0.027159
14.628657 0.026578
14.637409 0.025971
14.646162 0.025342
14.654914 0.024696
14.663666 0.024037
14.672418 0.023367
14.681170 0.022690
14.689922 0.022011
14.698675 0.021331
14.707427 0.020654
14.716179 0.019983
14.724931 0.019320
14.733683 0.018666
14.742436 0.018025
14.751188 0.017398
14.759940 0.016786
14.768692 0.016190
14.777444 0.015612
14.786197 0.015052
14.794949 0.014510
14.803701 0.013988
14.812453 0.013484
14.821205 0.013000
14.829957 0.012535
14.838710 0.012090
14.847462 0.011663
14.856214 0.011254
14.864966 0.010864
14.873718 0.010491
14.882471 0.010135
14.891223 0.009796
14.899975 0.009473
14.908727 0.009166
14.917479 0.008873
14.926232 0.008594
14.934984 0.008330
14.943736 0.008078
14.952488 0.007839
14.961240 0.007612
14.969992 0.007397
14.978745 0.007192
14.987497 0.006999
14.996249 0.006815
15.005001 0.006641
15.013753 0.006476
15.022506 0.006321
15.031258 0.006173
15.040010 0.006034
15.048762 0.005903
15.057514 0.005779
15.066267 0.005663
15.075019 0.005553
15.083771 0.005450
15.092523 0.005354
15.101275 0.005264
15.110028 0.005179
15.118780 0.005101
15.127532 0.005027
15.136284 0.004959
15.145036 0.004896
15.153788 0.004838
15.162541 0.004784
15.171293 0.004735
15.180045 0.004689
15.188797 0.004648
15.197549 0.004610
15.206302 0.004575
15.215054 0.004543
15.223806 0.004514
15.232558 0.004488
15.241310 0.004463
15.250063 0.004441
15.258815 0.004420
15.267567 0.004400
15.276319 0.004382
15.285071 0.004364
15.293823 0.004346
15.302576 0.004328
15.311328 0.004310
15.320080 0.004291
15.328832 0.004272
15.337584 0.004251
15.346337 0.004229
15.355089 0.004205
15.363841 0.004180
15.372593 0.004152
15.381345 0.004122
15.390098 0.004090
15.398850 0.004056
15.407602 0.004019
15.416354 0.003980
15.425106 0.003938
15.433858 0.003893
15.442611 0.003846
15.451363 0.003797
15.460115 0.003745
15.468867 0.003692
15.477619 0.003636
15.486372 0.003579
15.495124 0.003520
15.503876 0.003459
15.512628 0.003397
15.521380 0.003335
15.530133 0.003271
15.538885 0.003207
15.547637 0.003143
15.556389 0.003078
15.565141 0.003013
15.573893 0.002949
15.582646 0.002885
15.591398 0.002821
15.600150 0.002758
15.608902 0.002696
15.617654 0.002636
15.626407 0.002576
15.635159 0.002517
15.643911 0.002460
15.652663 0.002404
15.661415 0.002350
15.670168 0.002297
15.678920 0.002245
15.687672 0.002195
15.696424 0.002147
15.705176 0.002100
15.713928 0.002055
15.722681 0.002011
15.731433 0.001969
15.740185 0.001928
15.748937 0.001889
15.757689 0.001851
15.766442 0.001815
15.775194 0.001780
15.783946 0.001746
15.792698 0.001714
15.801450 0.001683
15.810203 0.001653
15.818955 0.001624
15.827707 0.001596
15.836459 0.001570
15.845211 0.001544
15.853963 0.001519
15.862716 0.001496
15.871468 0.001473
15.880220 0.001451
15.888972 0.001430
15.897724 0.001410
15.906477 0.001390
15.915229 0.001371
15.923981 0.001353
15.932733 0.001335
15.941485 0.001318
15.950238 0.001302
15.958990 0.001286
15.967742 0.001270
15.976494 0.001255
15.985246 0.001240
15.993998 0.001226
16.002751 0.001212
16.011503 0.001198
16.020255 0.001185
16.029007 0.001172
16.037759 0.001159
16.046512 0.001146
16.055264 0.001134
16.064016 0.001122
16.072768 0.001110
16.081520 0.001098
16.090273 0.001086
16.099025 0.001075
16.107777 0.001063
16.116529 0.001052
16.125281 0.001041
16.134034 0.001031
16.142786 0.001020
16.151538 0.001009
16.160290 0.000999
16.169042 0.000989
16.177794 0.000979
16.186547 0.000969
16.195299 0.000960
16.204051 0.000951
16.212803 0.000941
16.221555 0.000933
16.230308 0.000924
16.239060 0.000916
16.247812 0.000907
16.256564 0.000900
16.265316 0.000892
16.274069 0.000885
16.282821 0.000878
16.291573 0.000871
16.300325 0.000865
16.309077 0.000858
16.317829 0.000853
16.326582 0.000847
16.335334 0.000842
16.344086 0.000837
16.352838 0.000833
16.361590 0.000829
16.370343 0.000825
16.379095 0.000822
16.387847 0.000819
16.396599 0.000816
16.405351 0.000814
16.414104 0.000812
16.422856 0.000810
16.431608 0.000809
16.440360 0.000808
16.449112 0.000807
16.457864 0.000807
16.466617 0.000807
16.475369 0.000807
16.484121 0.000807
16.492873 0.000808
16.501625 0.000809
16.510378 0.000810
16.519130 0.000811
16.527882 0.000813
16.536634 0.000814
16.545386 0.000816
16.554139 0.000817
16.562891 0.000819
16.571643 0.000821
16.580395 0.000822
16.589147 0.000823
16.597899 0.000824
16.606652 0.000825
16.615404 0.000826
16.624156 0.000826
16.632908 0.000826
16.641660 0.000826
16.650413 0.000825
16.659165 0.000823
16.667917 0.000822
16.676669 0.000819
16.685421 0.000816
16.694174 0.000813
16.702926 0.000809
16.711678 0.000805
16.720430 0.000800
16.729182 0.000794
16.737934 0.000788
16.746687 0.000781
16.755439 0.000774
16.764191 0.000767
16.772943 0.000759
16.781695 0.000751
16.790448 0.000742
16.799200 0.000733
16.807952 0.000724
16.816704 0.000714
16.825456 0.000704
16.834209 0.000695
16.842961 0.000685
16.851713 0.000674
16.860465 0.000664
16.869217 0.000654
16.877969 0.000644
16.886722 0.000634
16.895474 0.000624
16.904226 0.000614
16.912978 0.000604
16.921730 0.000595
16.930483 0.000585
16.939235 0.000576
16.947987 0.000567
16.956739 0.000558
16.965491 0.000549
16.974244 0.000541
16.982996 0.000532
16.991748 0.000524
17.000500 0.000517
17.009252 0.000509
17.018005 0.000502
17.026757 0.000495
17.035509 0.000488
17.044261 0.000481
17.053013 0.000475
17.061765 0.000468
17.070518 0.000462
17.079270 0.000457
17.088022 0.000451
17.096774 0.000445
17.105526 0.000440
17.114279 0.000435
17.123031 0.000430
17.131783 0.000425
17.140535 0.000420
17.149287 0.000416
17.158040 0.000411
17.166792 0.000407
17.175544 0.000403
17.184296 0.000399
17.193048 0.000395
17.201800 0.000391
17.210553 0.000387
17.219305 0.000383
17.228057 0.000380
17.236809 0.000376
17.245561 0.000373
17.254314 0.000370
17.263066 0.000366
17.271818 0.000363
17.280570 0.000360
17.289322 0.000357
17.298075 0.000354
17.306827 0.000351
17.315579 0.000348
17.324331 0.000346
17.333083 0.000343
17.341835 0.000340
17.350588 0.000338
17.359340 0.000335
17.368092 0.000333
17.376844 0.000330
17.385596 0.000328
17.394349 0.000325
17.403101 0.000323
17.411853 0.000321
17.420605 0.000318
17.429357 0.000316
17.438110 0.000314
17.446862 0.000312
17.455614 0.000310
17.464366 0.000308
17.473118 0.000305
17.481870 0.000303
17.490623 0.000301
17.499375 0.000300
17.508127 0.000298
17.516879 0.000296
17.525631 0.000294
17.534384 0.000292
17.543136 0.000290
17.551888 0.000288
17.560640 0.000286
17.569392 0.000285
17.578145 0.000283
17.586897 0.000281
17.595649 0.000280
17.604401 0.000278
17.613153 0.000276
17.621905 0.000275
17.630658 0.000273
17.639410 0.000271
17.648162 0.000270
17.656914 0.000268
17.665666 0.000267
17.674419 0.000265
17.683171 0.000264
17.691923 0.000262
17.700675 0.000261
17.709427 0.000259
17.718180 0.000258
17.726932 0.000257
17.735684 0.000255
17.744436 0.000254
17.753188 0.000252
17.761940 0.000251
17.770693 0.000250
17.779445 0.000248
17.788197 0.000247
17.796949 0.000246
17.805701 0.000245
17.814454 0.000243
17.823206 0.000242
17.831958 0.000241
17.840710 0.000240
17.849462 0.000238
17.858215 0.000237
17.866967 0.000236
17.875719 0.000235
17.884471 0.000234
17.893223 0.000232
17.901975 0.000231
17.910728 0.000230
17.919480 0.000229
17.928232 0.000228
17.936984 0.000227
17.945736 0.000226
17.954489 0.000225
17.963241 0.000224
17.971993 0.000223
17.980745 0.000222
17.989497 0.000221
17.998250 0.000219
18.007002 0.000218
18.015754 0.000217
18.024506 0.000216
18.033258 0.000215
18.042011 0.000214
18.050763 0.000213
18.059515 0.000213
18.068267 0.000212
18.077019 0.000211
18.085771 0.000210
18.094524 0.000209
18.103276 0.000208
18.112028 0.000207
18.120780 0.000206
18.129532 0.000205
18.138285 0.000204
18.147037 0.000203
18.155789 0.000202
18.164541 0.000202
18.173293 0.000201
18.182046 0.000200
18.190798 0.000199
18.199550 0.000198
18.208302 0.000197
18.217054 0.000197
18.225806 0.000196
18.234559 0.000195
18.243311 0.000194
18.252063 0.000193
18.260815 0.000193
18.269567 0.000192
18.278320 0.000191
18.287072 0.000190
18.295824 0.000189
18.304576 0.000189
18.313328 0.000188
18.322081 0.000187
18.330833 0.000187
18.339585 0.000186
18.348337 0.000185
18.357089 0.000184
18.365841 0.000184
18.374594 0.000183
18.383346 0.000182
18.392098 0.000182
18.400850 0.000181
18.409602 0.000180
18.418355 0.000180
18.427107 0.000179
18.435859 0.000178
18.444611 0.000178
18.453363 0.000177
18.462116 0.000176
18.470868 0.000176
18.479620 0.000175
18.488372 0.000174
18.497124 0.000174
18.505876 0.000173
18.514629 0.000173
18.523381 0.000172
18.532133 0.000171
18.540885 0.000171
18.549637 0.000170
18.558390 0.000170
18.567142 0.000169
18.575894 0.000168
18.584646 0.000168
18.593398 0.000167
18.602151 0.000167
18.610903 0.000166
18.619655 0.000166
18.628407 0.000165
18.637159 0.000165
18.645911 0.000164
18.654664 0.000163
18.663416 0.000163
18.672168 0.000162
18.680920 0.000162
18.689672 0.000161
18.698425 0.000161
18.707177 0.000160
18.715929 0.000160
18.724681 0.000159
18.733433 0.000159
18.742186 0.000159
18.750938 0.000158
18.759690 0.000158
18.768442 0.000157
18.777194 0.000157
18.785946 0.000156
18.794699 0.000156
18.803451 0.000155
18.812203 0.000155
18.820955 0.000154
18.829707 0.000154
18.838460 0.000154
18.847212 0.000153
18.855964 0.000153
18.864716 0.000152
18.873468 0.000152
18.882221 0.000152
18.890973 0.000151
18.899725 0.000151
18.908477 0.000150
18.917229 0.000150
18.925981 0.000150
18.934734 0.000149
18.943486 0.000149
18.952238 0.000149
18.960990 0.000148
18.969742 0.000148
18.978495 0.000148
18.987247 0.000147
18.995999 0.000147
19.004751 0.000147
19.013503 0.000146
19.022256 0.000146
19.031008 0.000146
19.039760 0.000145
19.048512 0.000145
19.057264 0.000145
19.066017 0.000145
19.074769 0.000144
19.083521 0.000144
19.092273 0.000144
19.101025 0.000143
19.109777 0.000143
19.118530 0.000143
19.127282 0.000143
19.136034 0.000142
19.144786 0.000142
19.153538 0.000142
19.162291 0.000142
19.171043 0.000142
19.179795 0.000141
19.188547 0.000141
19.197299 0.000141
19.206052 0.000141
19.214804 0.000141
19.223556 0.000141
19.232308 0.000140
19.241060 0.000140
19.249812 0.000140
19.258565 0.000140
19.267317 0.000140
19.276069 0.000140
19.284821 0.000140
19.293573 0.000139
19.302326 0.000139
19.311078 0.000139
19.319830 0.000139
19.328582 0.000139
19.337334 0.000139
19.346087 0.000139
19.354839 0.000139
19.363591 0.000139
19.372343 0.000139
19.381095 0.000139
19.389847 0.000139
19.398600 0.000139
19.407352 0.000139
19.416104 0.000139
19.424856 0.000139
19.433608 0.000139
19.442361 0.000139
19.451113 0.000139
19.459865 0.000139
19.468617 0.000139
19.477369 0.000140
19.486122 0.000140
19.494874 0.000140
19.503626 0.000140
19.512378 0.000140
19.521130 0.000140
19.529882 0.000141
19.538635 0.000141
19.547387 0.000141
19.556139 0.000141
19.564891 0.000142
19.573643 0.000142
19.582396 0.000142
19.591148 0.000143
19.599900 0.000143
19.608652 0.000144
19.617404 0.000144
19.626157 0.000144
19.634909 0.000145
19.643661 0.000145
19.652413 0.000146
19.661165 0.000146
19.669917 0.000147
19.678670 0.000148
19.687422 0.000148
19.696174 0.000149
19.704926 0.000150
19.713678 0.000150
19.722431 0.000151
19.731183 0.000152
19.739935 0.000153
19.748687 0.000154
19.757439 0.000155
19.766192 0.000156
19.774944 0.000157
19.783696 0.000158
19.792448 0.000159
19.801200 0.000160
19.809952 0.000161
19.818705 0.000163
19.827457 0.000164
19.836209 0.000165
19.844961 0.000167
19.853713 0.000168
19.862466 0.000170
19.871218 0.000171
19.879970 0.000173
19.888722 0.000175
19.897474 0.000177
19.906227 0.000179
19.914979 0.000181
19.923731 0.000183
19.932483 0.000185
19.941235 0.000188
19.949987 0.000190
19.958740 0.000193
19.967492 0.000195
19.976244 0.000198
19.984996 0.000201
19.993748 0.000204
20.002501 0.000207
20.011253 0.000211
20.020005 0.000214
20.028757 0.000218
20.037509 0.000222
20.046262 0.000226
20.055014 0.000230
20.063766 0.000234
20.072518 0.000239
20.081270 0.000244
20.090023 0.000249
20.098775 0.000254
20.107527 0.000260
20.116279 0.000266
20.125031 0.000272
20.133783 0.000278
20.142536 0.000285
20.151288 0.000292
20.160040 0.000299
20.168792 0.000307
20.177544 0.000315
20.186297 0.000324
20.195049 0.000332
20.203801 0.000341
20.212553 0.000351
20.221305 0.000361
20.230058 0.000371
20.238810 0.000381
20.247562 0.000392
20.256314 0.000403
20.265066 0.000414
20.273818 0.000426
20.282571 0.000438
20.291323 0.000450
20.300075 0.000463
20.308827 0.000475
20.317579 0.000488
20.326332 0.000501
20.335084 0.000514
20.343836 0.000527
20.352588 0.000540
20.361340 0.000552
20.370093 0.000565
20.378845 0.000577
20.387597 0.000590
20.396349 0.000601
20.405101 0.000613
20.413853 0.000624
20.422606 0.000634
20.431358 0.000644
20.440110 0.000653
20.448862 0.000662
20.457614 0.000669
20.466367 0.000676
20.475119 0.000682
20.483871 0.000687
20.492623 0.000691
20.501375 0.000694
20.510128 0.000696
20.518880 0.000697
20.527632 0.000697
20.536384 0.000696
20.545136 0.000694
20.553888 0.000691
20.562641 0.000687
20.571393 0.000682
20.580145 0.000675
20.588897 0.000668
20.597649 0.000660
20.606402 0.000652
20.615154 0.000642
20.623906 0.000632
20.632658 0.000621
20.641410 0.000609
20.650163 0.000597
20.658915 0.000585
20.667667 0.000572
20.676419 0.000559
20.685171 0.000546
20.693923 0.000532
20.702676 0.000518
20.711428 0.000505
20.720180 0.000491
20.728932 0.000477
20.737684 0.000464
20.746437 0.000450
20.755189 0.000437
20.763941 0.000424
20.772693 0.000411
20.781445 0.000399
20.790198 0.000387
20.798950 0.000375
20.807702 0.000363
20.816454 0.000352
20.825206 0.000341
20.833958 0.000331
20.842711 0.000321
20.851463 0.000311
20.860215 0.000302
20.868967 0.000293
20.877719 0.000285
20.886472 0.000277
20.895224 0.000269
20.903976 0.000261
20.912728 0.000254
20.921480 0.000247
20.930233 0.000241
20.938985 0.000234
20.947737 0.000228
20.956489 0.000222
20.965241 0.000217
20.973993 0.000212
20.982746 0.000207
20.991498 0.000202
21.000250 0.000197
21.009002 0.000193
21.017754 0.000189
21.026507 0.000185
21.035259 0.000181
21.044011 0.000177
21.052763 0.000174
21.061515 0.000170
21.070268 0.000167
21.079020 0.000164
21.087772 0.000161
21.096524 0.000158
21.105276 0.000155
21.114029 0.000153
21.122781 0.000150
21.131533 0.000148
21.140285 0.000145
21.149037 0.000143
21.157789 0.000141
21.166542 0.000139
21.175294 0.000137
21.184046 0.000135
21.192798 0.000133
21.201550 0.000131
21.210303 0.000129
21.219055 0.000127
21.227807 0.000126
21.236559 0.000124
21.245311 0.000123
21.254064 0.000121
21.262816 0.000120
21.271568 0.000118
21.280320 0.000117
21.289072 0.000115
21.297824 0.000114
21.306577 0.000113
21.315329 0.000112
21.324081 0.000111
21.332833 0.000109
21.341585 0.000108
21.350338 0.000107
21.359090 0.000106
21.367842 0.000105
21.376594 0.000104
21.385346 0.000103
21.394099 0.000102
21.402851 0.000101
21.411603 0.000100
21.420355 0.000100
21.429107 0.000099
21.437859 0.000098
21.446612 0.000097
21.455364 0.000096
21.464116 0.000095
21.472868 0.000095
21.481620 0.000094
21.490373 0.000093
21.499125 0.000093
21.507877 0.000092
21.516629 0.000091
21.525381 0.000090
21.534134 0.000090
21.542886 0.000089
21.551638 0.000089
21.560390 0.000088
21.569142 0.000087
21.577894 0.000087
21.586647 0.000086
21.595399 0.000086
21.604151 0.000085
21.612903 0.000085
21.621655 0.000084
21.630408 0.000084
21.639160 0.000083
21.647912 0.000082
21.656664 0.000082
21.665416 0.000082
21.674169 0.000081
21.682921 0.000081
21.691673 0.000080
21.700425 0.000080
21.709177 0.000079
21.717929 0.000079
21.726682 0.000078
21.735434 0.000078
21.744186 0.000078
21.752938 0.000077
21.761690 0.000077
21.770443 0.000076
21.779195 0.000076
21.787947 0.000076
21.796699 0.000075
21.805451 0.000075
21.814204 0.000074
21.822956 0.000074
21.831708 0.000074
21.840460 0.000073
21.849212 0.000073
21.857964 0.000073
21.866717 0.000072
21.875469 0.000072
21.884221 0.000072
21.892973 0.000071
21.901725 0.000071
21.910478 0.000071
21.919230 0.000070
21.927982 0.000070
21.936734 0.000070
21.945486 0.000070
21.954239 0.000069
21.962991 0.000069
21.971743 0.000069
21.980495 0.000068
21.989247 0.000068
21.997999 0.000068
22.006752 0.000068
22.015504 0.000067
22.024256 0.000067
22.033008 0.000067
22.041760 0.000066
22.050513 0.000066
22.059265 0.000066
22.068017 0.000066
22.076769 0.000065
22.085521 0.000065
22.094274 0.000065
22.103026 0.000065
22.111778 0.000064
22.120530 0.000064
22.129282 0.000064
22.138035 0.000064
22.146787 0.000064
22.155539 0.000063
22.164291 0.000063
22.173043 0.000063
22.181795 0.000063
22.190548 0.000062
22.199300 0.000062
22.208052 0.000062
22.216804 0.000062
22.225556 0.000062
22.234309 0.000061
22.243061 0.000061
22.251813 0.000061
22.260565 0.000061
22.269317 0.000061
22.278070 0.000060
22.286822 0.000060
22.295574 0.000060
22.304326 0.000060
22.313078 0.000060
22.321830 0.000059
22.330583 0.000059
22.339335 0.000059
22.348087 0.000059
22.356839 0.000059
22.365591 0.000058
22.374344 0.000058
22.383096 0.000058
22.391848 0.000058
22.400600 0.000058
22.409352 0.000058
22.418105 0.000057
22.426857 0.000057
22.435609 0.000057
22.444361 0.000057
22.453113 0.000057
22.461865 0.000057
22.470618 0.000056
22.479370 0.000056
22.488122 0.000056
22.496874 0.000056
22.505626 0.000056
22.514379 0.000056
22.523131 0.000055
22.531883 0.000055
22.540635 0.000055
22.549387 0.000055
22.558140 0.000055
22.566892 0.000055
22.575644 0.000055
22.584396 0.000054
22.593148 0.000054
22.601900 0.000054
22.610653 0.000054
22.619405 0.000054
22.628157 0.000054
22.636909 0.000054
22.645661 0.000053
22.654414 0.000053
22.663166 0.000053
22.671918 0.000053
22.680670 0.000053
22.689422 0.000053
22.698175 0.000053
22.706927 0.000052
22.715679 0.000052
22.724431 0.000052
22.733183 0.000052
22.741935 0.000052
22.750688 0.000052
22.759440 0.000052
22.768192 0.000051
22.776944 0.000051
22.785696 0.000051
22.794449 0.000051
22.803201 0.000051
22.811953 0.000051
22.820705 0.000051
22.829457 0.000051
22.838210 0.000050
22.846962 0.000050
22.855714 0.000050
22.864466 0.000050
22.873218 0.000050
22.881970 0.000050
22.890723 0.000050
22.899475 0.000050
22.908227 0.000049
22.916979 0.000049
22.925731 0.000049
22.934484 0.000049
22.943236 0.000049
22.951988 0.000049
22.960740 0.000049
22.969492 0.000049
22.978245 0.000049
22.986997 0.000048
22.995749 0.000048
23.004501 0.000048
23.013253 0.000048
23.022006 0.000048
23.030758 0.000048
23.039510 0.000048
23.048262 0.000048
23.057014 0.000048
23.065766 0.000047
23.074519 0.000047
23.083271 0.000047
23.092023 0.000047
23.100775 0.000047
23.109527 0.000047
23.118280 0.000047
23.127032 0.000047
23.135784 0.000047
23.144536 0.000046
23.153288 0.000046
23.162041 0.000046
23.170793 0.000046
23.179545 0.000046
23.188297 0.000046
23.197049 0.000046
23.205801 0.000046
23.214554 0.000046
23.223306 0.000046
23.232058 0.000045
23.240810 0.000045
23.249562 0.000045
23.258315 0.000045
23.267067 0.000045
23.275819 0.000045
23.284571 0.000045
23.293323 0.000045
23.302076 0.000045
23.310828 0.000045
23.319580 0.000045
23.328332 0.000044
23.337084 0.000044
23.345836 0.000044
23.354589 0.000044
23.363341 0.000044
23.372093 0.000044
23.380845 0.000044
23.389597 0.000044
23.398350 0.000044
23.407102 0.000044
23.415854 0.000044
23.424606 0.000043
23.433358 0.000043
23.442111 0.000043
23.450863 0.000043
23.459615 0.000043
23.468367 0.000043
23.477119 0.000043
23.485871 0.000043
23.494624 0.000043
23.503376 0.000043
23.512128 0.000043
23.520880 0.000042
23.529632 0.000042
23.538385 0.000042
23.547137 0.000042
23.555889 0.000042
23.564641 0.000042
23.573393 0.000042
23.582146 0.000042
23.590898 0.000042
23.599650 0.000042
23.608402 0.000042
23.617154 0.000042
23.625906 0.000041
23.634659 0.000041
23.643411 0.000041
23.652163 0.000041
23.660915 0.000041
23.669667 0.000041
23.678420 0.000041
23.687172 0.000041
23.695924 0.000041
23.704676 0.000041
23.713428 0.000041
23.722181 0.000041
23.730933 0.000041
23.739685 0.000040
23.748437 0.000040
23.757189 0.000040
23.765941 0.000040
23.774694 0.000040
23.783446 0.000040
23.792198 0.000040
23.800950 0.000040
23.809702 0.000040
23.818455 0.000040
23.827207 0.000040
23.835959 0.000040
23.844711 0.000040
23.853463 0.000039
23.862216 0.000039
23.870968 0.000039
23.879720 0.000039
23.888472 0.000039
23.897224 0.000039
23.905976 0.000039
23.914729 0.000039
23.923481 0.000039
23.932233 0.000039
23.940985 0.000039
23.949737 0.000039
23.958490 0.000039
23.967242 0.000039
23.975994 0.000038
23.984746 0.000038
23.993498 0.000038
24.002251 0.000038
24.011003 0.000038
24.019755 0.000038
24.028507 0.000038
24.037259 0.000038
24.046012 0.000038
24.054764 0.000038
24.063516 0.000038
24.072268 0.000038
24.081020 0.000038
24.089772 0.000038
24.098525 0.000038
24.107277 0.000037
24.116029 0.000037
24.124781 0.000037
24.133533 0.000037
24.142286 0.000037
24.151038 0.000037
24.159790 0.000037
24.168542 0.000037
24.177294 0.000037
24.186047 0.000037
24.194799 0.000037
24.203551 0.000037
24.212303 0.000037
24.221055 0.000037
24.229807 0.000037
24.238560 0.000036
24.247312 0.000036
24.256064 0.000036
24.264816 0.000036
24.273568 0.000036
24.282321 0.000036
24.291073 0.000036
24.299825 0.000036
24.308577 0.000036
24.317329 0.000036
24.326082 0.000036
24.334834 0.000036
24.343586 0.000036
24.352338 0.000036
24.361090 0.000036
24.369842 0.000036
24.378595 0.000036
24.387347 0.000035
24.396099 0.000035
24.404851 0.000035
24.413603 0.000035
24.422356 0.000035
24.431108 0.000035
24.439860 0.000035
24.448612 0.000035
24.457364 0.000035
24.466117 0.000035
24.474869 0.000035
24.483621 0.000035
24.492373 0.000035
24.501125 0.000035
24.509877 0.000035
24.518630 0.000035
24.527382 0.000035
24.536134 0.000034
24.544886 0.000034
24.553638 0.000034
24.562391 0.000034
24.571143 0.000034
24.579895 0.000034
24.588647 0.000034
24.597399 0.000034
24.606152 0.000034
24.614904 0.000034
24.623656 0.000034
24.632408 0.000034
24.641160 0.000034
24.649912 0.000034
24.658665 0.000034
24.667417 0.000034
24.676169 0.000034
24.684921 0.000033
24.693673 0.000033
24.702426 0.000033
24.711178 0.000033
24.719930 0.000033
24.728682 0.000033
24.737434 0.000033
24.746187 0.000033
24.754939 0.000033
24.763691 0.000033
24.772443 0.000033
24.781195 0.000032
24.789947 0.000032
24.798700 0.000032
24.807452 0.000032
24.816204 0.000032
24.824956 0.000031
24.833708 0.000031
24.842461 0.000031
24.851213 0.000030
24.859965 0.000030
24.868717 0.000029
24.877469 0.000029
24.886222 0.000028
24.894974 0.000027
24.903726 0.000027
24.912478 0.000026
24.921230 0.000025
24.929982 0.000024
24.938735 0.000023
24.947487 0.000022
24.956239 0.000021
24.964991 0.000020
24.973743 0.000019
24.982496 0.000018
24.991248 0.000017

Sticks
-4.039760 0.000001
-4.022256 0.003233
-3.995999 0.013491
-3.952238 0.020605
-3.864716 0.012988
-3.768442 0.003646
-2.525631 0.000030
-2.341835 0.000001
-2.333083 0.000516
-2.131783 0.010157
-1.904226 0.001835
-1.895474 0.005602
-1.799200 0.000063
-1.790448 0.001709
-1.422856 0.000154
-1.247812 0.000089
-0.547637 0.000669
-0.136284 0.000022
-0.013753 0.000009
2.734434 0.000000
2.743186 0.000006
2.786947 0.000007
2.804451 0.000003
2.848212 0.000004
2.891973 0.000001
2.900725 0.000003
3.119530 0.000003
3.163291 0.000018
3.172043 0.000106
3.189547 0.000217
3.233308 0.000063
3.399600 0.000779
13.438360 0.018476
13.534634 0.002527
14.514879 0.022075
15.390098 0.001151
15.460115 0.000069
15.468867 0.000204
16.064016 0.000063
16.247812 0.000003
16.702926 0.000232
20.011253 0.000003
20.072518 0.000000
20.431358 0.000004
20.440110 0.000117
20.457614 0.000023
20.553888 0.000082
20.562641 0.000251
