-10.000000 0.000092
-9.991248 0.000099
-9.982496 0.000105
-9.973743 0.000111
-9.964991 0.000117
-9.956239 0.000123
-9.947487 0.000129
-9.938735 0.000134
-9.929982 0.000139
-9.921230 0.000144
-9.912478 0.000149
-9.903726 0.000153
-9.894974 0.000157
-9.886222 0.000160
-9.877469 0.000164
-9.868717 0.000167
-9.859965 0.000169
-9.851213 0.000172
-9.842461 0.000174
-9.833708 0.000176
-9.824956 0.000178
-9.816204 0.000180
-9.807452 0.000181
-9.798700 0.000182
-9.789947 0.000184
-9.781195 0.000185
-9.772443 0.000186
-9.763691 0.000187
-9.754939 0.000187
-9.746187 0.000188
-9.737434 0.000189
-9.728682 0.000190
-9.719930 0.000190
-9.711178 0.000191
-9.702426 0.000192
-9.693673 0.000192
-9.684921 0.000193
-9.676169 0.000193
-9.667417 0.000194
-9.658665 0.000195
-9.649912 0.000195
-9.641160 0.000196
-9.632408 0.000196
-9.623656 0.000197
-9.614904 0.000198
-9.606152 0.000198
-9.597399 0.000199
-9.588647 0.000199
-9.579895 0.000200
-9.571143 0.000201
-9.562391 0.000201
-9.553638 0.000202
-9.544886 0.000202
-9.536134 0.000203
-9.527382 0.000204
-9.518630 0.000204
-9.509877 0.000205
-9.501125 0.000205
-9.492373 0.000206
-9.483621 0.000207
-9.474869 0.000207
-9.466117 0.000208
-9.457364 0.000209
-9.448612 0.000209
-9.439860 0.000210
-9.431108 0.000210
-9.422356 0.000211
-9.413603 0.000212
-9.404851 0.000212
-9.396099 0.000213
-9.387347 0.000214
-9.378595 0.000214
-9.369842 0.000215
-9.361090 0.000216
-9.352338 0.000216
-9.343586 0.000217
-9.334834 0.000218
-9.326082 0.000218
-9.317329 0.000219
-9.308577 0.000220
-9.299825 0.000220
-9.291073 0.000221
-9.282321 0.000222
-9.273568 0.000223
-9.264816 0.000223
-9.256064 0.000224
-9.247312 0.000225
-9.238560 0.000225
-9.229807 0.000226
-9.221055 0.000227
-9.212303 0.000228
-9.203551 0.000228
-9.194799 0.000229
-9.186047 0.000230
-9.177294 0.000230
-9.168542 0.000231
-9.159790 0.000232
-9.151038 0.000233
-9.142286 0.000233
-9.133533 0.000234
-9.124781 0.000235
-9.116029 0.000236
-9.107277 0.000237
-9.098525 0.000237
-9.089772 0.000238
-9.081020 0.000239
-9.072268 0.000240
-9.063516 0.000240
-9.054764 0.000241
-9.046012 0.000242
-9.037259 0.000243
-9.028507 0.000244
-9.019755 0.000244
-9.011003 0.000245
-9.002251 0.000246
-8.993498 0.000247
-8.984746 0.000248
-8.975994 0.000249
-8.967242 0.000249
-8.958490 0.000250
-8.949737 0.000251
-8.940985 0.000252
-8.932233 0.000253
-8.923481 0.000254
-8.914729 0.000254
-8.905976 0.000255
-8.897224 0.000256
-8.888472 0.000257
-8.879720 0.000258
-8.870968 0.000259
-8.862216 0.000260
-8.853463 0.000261
-8.844711 0.000261
-8.835959 0.000262
-8.827207 0.000263
-8.818455 0.000264
-8.809702 0.000265
-8.800950 0.000266
-8.792198 0.000267
-8.783446 0.000268
-8.774694 0.000269
-8.765941 0.000270
-8.757189 0.000271
-8.748437 0.000272
-8.739685 0.000273
-8.730933 0.000273
-8.722181 0.000274
-8.713428 0.000275
-8.704676 0.000276
-8.695924 0.000277
-8.687172 0.000278
-8.678420 0.000279
-8.669667 0.000280
-8.660915 0.000281
-8.652163 0.000282
-8.643411 0.000283
-8.634659 0.000284
-8.625906 0.000285
-8.617154 0.000286
-8.608402 0.000287
-8.599650 0.000288
-8.590898 0.000289
-8.582146 0.000291
-8.573393 0.000292
-8.564641 0.000293
-8.555889 0.000294
-8.547137 0.000295
-8.538385 0.000296
-8.529632 0.000297
-8.520880 0.000298
-8.512128 0.000299
-8.503376 0.000300
-8.494624 0.000301
-8.485871 0.000302
-8.477119 0.000304
-8.468367 0.000305
-8.459615 0.000306
-8.450863 0.000307
-8.442111 0.000308
-8.433358 0.000309
-8.424606 0.000310
-8.415854 0.000312
-8.407102 0.000313
-8.398350 0.000314
-8.389597 0.000315
-8.380845 0.000316
-8.372093 0.000318
-8.363341 0.000319
-8.354589 0.000320
-8.345836 0.000321
-8.337084 0.000322
-8.328332 0.000324
-8.319580 0.000325
-8.310828 0.000326
-8.302076 0.000327
-8.293323 0.000329
-8.284571 0.000330
-8.275819 0.000331
-8.267067 0.000332
-8.258315 0.000334
-8.249562 0.000335
-8.240810 0.000336
-8.232058 0.000338
-8.223306 0.000339
-8.214554 0.000340
-8.205801 0.000342
-8.197049 0.000343
-8.188297 0.000344
-8.179545 0.000346
-8.170793 0.000347
-8.162041 0.000349
-8.153288 0.000350
-8.144536 0.000351
-8.135784 0.000353
-8.127032 0.000354
-8.118280 0.000356
-8.109527 0.000357
-8.100775 0.000358
-8.092023 0.000360
-8.083271 0.000361
-8.074519 0.000363
-8.065766 0.000364
-8.057014 0.000366
-8.048262 0.000367
-8.039510 0.000369
-8.030758 0.000370
-8.022006 0.000372
-8.013253 0.000373
-8.004501 0.000375
-7.995749 0.000376
-7.986997 0.000378
-7.978245 0.000380
-7.969492 0.000381
-7.960740 0.000383
-7.951988 0.000384
-7.943236 0.000386
-7.934484 0.000388
-7.925731 0.000389
-7.916979 0.000391
-7.908227 0.000393
-7.899475 0.000394
-7.890723 0.000396
-7.881970 0.000398
-7.873218 0.000399
-7.864466 0.000401
-7.855714 0.000403
-7.846962 0.000404
-7.838210 0.000406
-7.829457 0.000408
-7.820705 0.000410
-7.811953 0.000411
-7.803201 0.000413
-7.794449 0.000415
-7.785696 0.000417
-7.776944 0.000419
-7.768192 0.000420
-7.759440 0.000422
-7.750688 0.000424
-7.741935 0.000426
-7.733183 0.000428
-7.724431 0.000430
-7.715679 0.000432
-7.706927 0.000434
-7.698175 0.000436
-7.689422 0.000438
-7.680670 0.000440
-7.671918 0.000442
-7.663166 0.000443
-7.654414 0.000446
-7.645661 0.000448
-7.636909 0.000450
-7.628157 0.000452
-7.619405 0.000454
-7.610653 0.000456
-7.601900 0.000458
-7.593148 0.000460
-7.584396 0.000462
-7.575644 0.000464
-7.566892 0.000466
-7.558140 0.000468
-7.549387 0.000471
-7.540635 0.000473
-7.531883 0.000475
-7.523131 0.000477
-7.514379 0.000480
-7.505626 0.000482
-7.496874 0.000484
-7.488122 0.000486
-7.479370 0.000489
-7.470618 0.000491
-7.461865 0.000493
-7.453113 0.000496
-7.444361 0.000498
-7.435609 0.000500
-7.426857 0.000503
-7.418105 0.000505
-7.409352 0.000508
-7.400600 0.000510
-7.391848 0.000513
-7.383096 0.000515
-7.374344 0.000518
-7.365591 0.000520
-7.356839 0.000523
-7.348087 0.000525
-7.339335 0.000528
-7.330583 0.000531
-7.321830 0.000533
-7.313078 0.000536
-7.304326 0.000538
-7.295574 0.000541
-7.286822 0.000544
-7.278070 0.000547
-7.269317 0.000549
-7.260565 0.000552
-7.251813 0.000555
-7.243061 0.000558
-7.234309 0.000561
-7.225556 0.000563
-7.216804 0.000566
-7.208052 0.000569
-7.199300 0.000572
-7.190548 0.000575
-7.181795 0.000578
-7.173043 0.000581
-7.164291 0.000584
-7.155539 0.000587
-7.146787 0.000590
-7.138035 0.000593
-7.129282 0.000596
-7.120530 0.000600
-7.111778 0.000603
-7.103026 0.000606
-7.094274 0.000609
-7.085521 0.000612
-7.076769 0.000616
-7.068017 0.000619
-7.059265 0.000622
-7.050513 0.000626
-7.041760 0.000629
-7.033008 0.000632
-7.024256 0.000636
-7.015504 0.000639
-7.006752 0.000643
-6.997999 0.000646
-6.989247 0.000650
-6.980495 0.000653
-6.971743 0.000657
-6.962991 0.000661
-6.954239 0.000664
-6.945486 0.000668
-6.936734 0.000672
-6.927982 0.000676
-6.919230 0.000679
-6.910478 0.000683
-6.901725 0.000687
-6.892973 0.000691
-6.884221 0.000695
-6.875469 0.000699
-6.866717 0.000703
-6.857964 0.000707
-6.849212 0.000711
-6.840460 0.000715
-6.831708 0.000719
-6.822956 0.000723
-6.814204 0.000728
-6.805451 0.000732
-6.796699 0.000736
-6.787947 0.000740
-6.779195 0.000745
-6.770443 0.000749
-6.761690 0.000754
-6.752938 0.000758
-6.744186 0.000763
-6.735434 0.000767
-6.726682 0.000772
-6.717929 0.000776
-6.709177 0.000781
-6.700425 0.000786
-6.691673 0.000791
-6.682921 0.000796
-6.674169 0.000800
-6.665416 0.000805
-6.656664 0.000810
-6.647912 0.000815
-6.639160 0.000820
-6.630408 0.000825
-6.621655 0.000831
-6.612903 0.000836
-6.604151 0.000841
-6.595399 0.000846
-6.586647 0.000852
-6.577894 0.000857
-6.569142 0.000862
-6.560390 0.000868
-6.551638 0.000874
-6.542886 0.000879
-6.534134 0.000885
-6.525381 0.000891
-6.516629 0.000896
-6.507877 0.000902
-6.499125 0.000908
-6.490373 0.000914
-6.481620 0.000920
-6.472868 0.000926
-6.464116 0.000932
-6.455364 0.000938
-6.446612 0.000945
-6.437859 0.000951
-6.429107 0.000957
-6.420355 0.000964
-6.411603 0.000970
-6.402851 0.000977
-6.394099 0.000984
-6.385346 0.000990
-6.376594 0.000997
-6.367842 0.001004
-6.359090 0.001011
-6.350338 0.001018
-6.341585 0.001025
-6.332833 0.001032
-6.324081 0.001039
-6.315329 0.001047
-6.306577 0.001054
-6.297824 0.001061
-6.289072 0.001069
-6.280320 0.001077
-6.271568 0.001084
-6.262816 0.001092
-6.254064 0.001100
-6.245311 0.001108
-6.236559 0.001116
-6.227807 0.001124
-6.219055 0.001132
-6.210303 0.001141
-6.201550 0.001149
-6.192798 0.001158
-6.184046 0.001166
-6.175294 0.001175
-6.166542 0.001184
-6.157789 0.001193
-6.149037 0.001202
-6.140285 0.001211
-6.131533 0.001220
-6.122781 0.001229
-6.114029 0.001239
-6.105276 0.001248
-6.096524 0.001258
-6.087772 0.001267
-6.079020 0.001277
-6.070268 0.001287
-6.061515 0.001297
-6.052763 0.001308
-6.044011 0.001318
-6.035259 0.001329
-6.026507 0.001339
-6.017754 0.001350
-6.009002 0.001361
-6.000250 0.001372
-5.991498 0.001383
-5.982746 0.001394
-5.973993 0.001406
-5.965241 0.001417
-5.956489 0.001429
-5.947737 0.001441
-5.938985 0.001453
-5.930233 0.001465
-5.921480 0.001477
-5.912728 0.001489
-5.903976 0.001502
-5.895224 0.001515
-5.886472 0.001528
-5.877719 0.001541
-5.868967 0.001554
-5.860215 0.001568
-5.851463 0.001581
-5.842711 0.001595
-5.833958 0.001609
-5.825206 0.001623
-5.816454 0.001638
-5.807702 0.001652
-5.798950 0.001667
-5.790198 0.001682
-5.781445 0.001697
-5.772693 0.001712
-5.763941 0.001728
-5.755189 0.001744
-5.746437 0.001760
-5.737684 0.001776
-5.728932 0.001793
-5.720180 0.001809
-5.711428 0.001826
-5.702676 0.001844
-5.693923 0.001861
-5.685171 0.001879
-5.676419 0.001897
-5.667667 0.001915
-5.658915 0.001933
-5.650163 0.001952
-5.641410 0.001971
-5.632658 0.001990
-5.623906 0.002010
-5.615154 0.002030
-5.606402 0.002050
-5.597649 0.002070
-5.588897 0.002091
-5.580145 0.002112
-5.571393 0.002134
-5.562641 0.002156
-5.553888 0.002178
-5.545136 0.002200
-5.536384 0.002223
-5.527632 0.002246
-5.518880 0.002270
-5.510128 0.002294
-5.501375 0.002318
-5.492623 0.002343
-5.483871 0.002368
-5.475119 0.002393
-5.466367 0.002419
-5.457614 0.002445
-5.448862 0.002472
-5.440110 0.002499
-5.431358 0.002527
-5.422606 0.002555
-5.413853 0.002584
-5.405101 0.002613
-5.396349 0.002643
-5.387597 0.002673
-5.378845 0.002703
-5.370093 0.002735
-5.361340 0.002766
-5.352588 0.002799
-5.343836 0.002831
-5.335084 0.002865
-5.326332 0.002899
-5.317579 0.002934
-5.308827 0.002969
-5.300075 0.003005
-5.291323 0.003042
-5.282571 0.003079
-5.273818 0.003117
-5.265066 0.003156
-5.256314 0.003195
-5.247562 0.003235
-5.238810 0.003276
-5.230058 0.003318
-5.221305 0.003361
-5.212553 0.003404
-5.203801 0.003448
-5.195049 0.003493
-5.186297 0.003539
-5.177544 0.003586
-5.168792 0.003634
-5.160040 0.003683
-5.151288 0.003733
-5.142536 0.003784
-5.133783 0.003836
-5.125031 0.003889
-5.116279 0.003943
-5.107527 0.003999
-5.098775 0.004055
-5.090023 0.004113
-5.081270 0.004172
-5.072518 0.004232
-5.063766 0.004294
-5.055014 0.004357
-5.046262 0.004421
-5.037509 0.004487
-5.028757 0.004554
-5.020005 0.004623
-5.011253 0.004694
-5.002501 0.004766
-4.993748 0.004839
-4.984996 0.004915
-4.976244 0.004992
-4.967492 0.005072
-4.958740 0.005153
-4.949987 0.005236
-4.941235 0.005321
-4.932483 0.005408
-4.923731 0.005498
-4.914979 0.005589
-4.906227 0.005683
-4.897474 0.005780
-4.888722 0.005879
-4.879970 0.005980
-4.871218 0.006084
-4.862466 0.006191
-4.853713 0.006301
-4.844961 0.006414
-4.836209 0.006530
-4.827457 0.006649
-4.818705 0.006771
-4.809952 0.006897
-4.801200 0.007026
-4.792448 0.007159
-4.783696 0.007296
-4.774944 0.007437
-4.766192 0.007582
-4.757439 0.007731
-4.748687 0.007885
-4.739935 0.008044
-4.731183 0.008207
-4.722431 0.008376
-4.713678 0.008549
-4.704926 0.008728
-4.696174 0.008913
-4.687422 0.009104
-4.678670 0.009301
-4.669917 0.009505
-4.661165 0.009715
-4.652413 0.009932
-4.643661 0.010157
-4.634909 0.010390
-4.626157 0.010630
-4.617404 0.010879
-4.608652 0.011137
-4.599900 0.011404
-4.591148 0.011681
-4.582396 0.011968
-4.573643 0.012265
-4.564891 0.012574
-4.556139 0.012894
-4.547387 0.013227
-4.538635 0.013573
-4.529882 0.013932
-4.521130 0.014305
-4.512378 0.014693
-4.503626 0.015097
-4.494874 0.015518
-4.486122 0.015955
-4.477369 0.016411
-4.468617 0.016886
-4.459865 0.017382
-4.451113 0.017898
-4.442361 0.018437
-4.433608 0.018999
-4.424856 0.019585
-4.416104 0.020198
-4.407352 0.020838
-4.398600 0.021506
-4.389847 0.022204
-4.381095 0.022934
-4.372343 0.023696
-4.363591 0.024493
-4.354839 0.025326
-4.346087 0.026197
-4.337334 0.027107
-4.328582 0.028058
-4.319830 0.029052
-4.311078 0.030090
-4.302326 0.031174
-4.293573 0.032306
-4.284821 0.033486
-4.276069 0.034718
-4.267317 0.036002
-4.258565 0.037339
-4.249812 0.038730
-4.241060 0.040178
-4.232308 0.041682
-4.223556 0.043243
-4.214804 0.044861
-4.206052 0.046538
-4.197299 0.048272
-4.188547 0.050063
-4.179795 0.051912
-4.171043 0.053815
-4.162291 0.055773
-4.153538 0.057783
-4.144786 0.059843
-4.136034 0.061950
-4.127282 0.064102
-4.118530 0.066294
-4.109777 0.068523
-4.101025 0.070784
-4.092273 0.073071
-4.083521 0.075381
-4.074769 0.077705
-4.066017 0.080040
-4.057264 0.082376
-4.048512 0.084708
-4.039760 0.087027
-4.031008 0.089326
-4.022256 0.091595
-4.013503 0.093828
-4.004751 0.096014
-3.995999 0.098145
-3.987247 0.100211
-3.978495 0.102204
-3.969742 0.104113
-3.960990 0.105930
-3.952238 0.107646
-3.943486 0.109252
-3.934734 0.110739
-3.925981 0.112098
-3.917229 0.113323
-3.908477 0.114406
-3.899725 0.115340
-3.890973 0.116119
-3.882221 0.116738
-3.873468 0.117193
-3.864716 0.117480
-3.855964 0.117597
-3.847212 0.117541
-3.838460 0.117313
-3.829707 0.116913
-3.820955 0.116342
-3.812203 0.115603
-3.803451 0.114700
-3.794699 0.113636
-3.785946 0.112418
-3.777194 0.111052
-3.768442 0.109545
-3.759690 0.107905
-3.750938 0.106141
-3.742186 0.104263
-3.733433 0.102279
-3.724681 0.100201
-3.715929 0.098039
-3.707177 0.095803
-3.698425 0.093504
-3.689672 0.091153
-3.680920 0.088761
-3.672168 0.086338
-3.663416 0.083894
-3.654664 0.081439
-3.645911 0.078983
-3.637159 0.076533
-3.628407 0.074099
-3.619655 0.071687
-3.610903 0.069305
-3.602151 0.066960
-3.593398 0.064656
-3.584646 0.062399
-3.575894 0.060193
-3.567142 0.058042
-3.558390 0.055949
-3.549637 0.053917
-3.540885 0.051947
-3.532133 0.050040
-3.523381 0.048198
-3.514629 0.046421
-3.505876 0.044709
-3.497124 0.043062
-3.488372 0.041479
-3.479620 0.039959
-3.470868 0.038501
-3.462116 0.037104
-3.453363 0.035765
-3.444611 0.034484
-3.435859 0.033258
-3.427107 0.032086
-3.418355 0.030966
-3.409602 0.029895
-3.400850 0.028872
-3.392098 0.027895
-3.383346 0.026962
-3.374594 0.026070
-3.365841 0.025218
-3.357089 0.024405
-3.348337 0.023627
-3.339585 0.022885
-3.330833 0.022175
-3.322081 0.021496
-3.313328 0.020847
-3.304576 0.020227
-3.295824 0.019633
-3.287072 0.019065
-3.278320 0.018521
-3.269567 0.018000
-3.260815 0.017501
-3.252063 0.017023
-3.243311 0.016565
-3.234559 0.016125
-3.225806 0.015704
-3.217054 0.015299
-3.208302 0.014911
-3.199550 0.014538
-3.190798 0.014180
-3.182046 0.013836
-3.173293 0.013505
-3.164541 0.013187
-3.155789 0.012881
-3.147037 0.012586
-3.138285 0.012303
-3.129532 0.012030
-3.120780 0.011768
-3.112028 0.011515
-3.103276 0.011271
-3.094524 0.011036
-3.085771 0.010810
-3.077019 0.010592
-3.068267 0.010382
-3.059515 0.010179
-3.050763 0.009983
-3.042011 0.009795
-3.033258 0.009613
-3.024506 0.009438
-3.015754 0.009268
-3.007002 0.009105
-2.998250 0.008948
-2.989497 0.008796
-2.980745 0.008650
-2.971993 0.008509
-2.963241 0.008372
-2.954489 0.008241
-2.945736 0.008115
-2.936984 0.007993
-2.928232 0.007876
-2.919480 0.007763
-2.910728 0.007654
-2.901975 0.007550
-2.893223 0.007450
-2.884471 0.007353
-2.875719 0.007261
-2.866967 0.007172
-2.858215 0.007087
-2.849462 0.007006
-2.840710 0.006929
-2.831958 0.006855
-2.823206 0.006785
-2.814454 0.006718
-2.805701 0.006655
-2.796949 0.006595
-2.788197 0.006539
-2.779445 0.006486
-2.770693 0.006437
-2.761940 0.006391
-2.753188 0.006349
-2.744436 0.006310
-2.735684 0.006275
-2.726932 0.006243
-2.718180 0.006215
-2.709427 0.006190
-2.700675 0.006169
-2.691923 0.006151
-2.683171 0.006138
-2.674419 0.006128
-2.665666 0.006121
-2.656914 0.006119
-2.648162 0.006121
-2.639410 0.006126
-2.630658 0.006135
-2.621905 0.006149
-2.613153 0.006166
-2.604401 0.006188
-2.595649 0.006214
-2.586897 0.006244
-2.578145 0.006278
-2.569392 0.006316
-2.560640 0.006359
-2.551888 0.006406
-2.543136 0.006457
-2.534384 0.006512
-2.525631 0.006571
-2.516879 0.006634
-2.508127 0.006702
-2.499375 0.006773
-2.490623 0.006847
-2.481870 0.006926
-2.473118 0.007007
-2.464366 0.007092
-2.455614 0.007180
-2.446862 0.007271
-2.438110 0.007365
-2.429357 0.007461
-2.420605 0.007560
-2.411853 0.007660
-2.403101 0.007762
-2.394349 0.007866
-2.385596 0.007970
-2.376844 0.008076
-2.368092 0.008182
-2.359340 0.008289
-2.350588 0.008395
-2.341835 0.008502
-2.333083 0.008608
-2.324331 0.008712
-2.315579 0.008816
-2.306827 0.008918
-2.298075 0.009019
-2.289322 0.009117
-2.280570 0.009213
-2.271818 0.009306
-2.263066 0.009396
-2.254314 0.009483
-2.245561 0.009566
-2.236809 0.009646
-2.228057 0.009721
-2.219305 0.009791
-2.210553 0.009858
-2.201800 0.009919
-2.193048 0.009975
-2.184296 0.010026
-2.175544 0.010072
-2.166792 0.010112
-2.158040 0.010146
-2.149287 0.010175
-2.140535 0.010198
-2.131783 0.010215
-2.123031 0.010227
-2.114279 0.010233
-2.105526 0.010234
-2.096774 0.010229
-2.088022 0.010219
-2.079270 0.010204
-2.070518 0.010183
-2.061765 0.010158
-2.053013 0.010129
-2.044261 0.010095
-2.035509 0.010056
-2.026757 0.010013
-2.018005 0.009966
-2.009252 0.009916
-2.000500 0.009861
-1.991748 0.009802
-1.982996 0.009740
-1.974244 0.009673
-1.965491 0.009603
-1.956739 0.009530
-1.947987 0.009452
-1.939235 0.009371
-1.930483 0.009285
-1.921730 0.009196
-1.912978 0.009103
-1.904226 0.009006
-1.895474 0.008906
-1.886722 0.008801
-1.877969 0.008693
-1.869217 0.008581
-1.860465 0.008465
-1.851713 0.008346
-1.842961 0.008223
-1.834209 0.008098
-1.825456 0.007969
-1.816704 0.007838
-1.807952 0.007705
-1.799200 0.007569
-1.790448 0.007432
-1.781695 0.007294
-1.772943 0.007154
-1.764191 0.007014
-1.755439 0.006874
-1.746687 0.006734
-1.737934 0.006594
-1.729182 0.006455
-1.720430 0.006318
-1.711678 0.006182
-1.702926 0.006047
-1.694174 0.005915
-1.685421 0.005786
-1.676669 0.005659
-1.667917 0.005535
-1.659165 0.005414
-1.650413 0.005296
-1.641660 0.005182
-1.632908 0.005072
-1.624156 0.004965
-1.615404 0.004861
-1.606652 0.004761
-1.597899 0.004665
-1.589147 0.004573
-1.580395 0.004484
-1.571643 0.004398
-1.562891 0.004316
-1.554139 0.004237
-1.545386 0.004161
-1.536634 0.004088
-1.527882 0.004018
-1.519130 0.003951
-1.510378 0.003886
-1.501625 0.003823
-1.492873 0.003763
-1.484121 0.003705
-1.475369 0.003648
-1.466617 0.003593
-1.457864 0.003540
-1.449112 0.003488
-1.440360 0.003437
-1.431608 0.003387
-1.422856 0.003338
-1.414104 0.003290
-1.405351 0.003243
-1.396599 0.003197
-1.387847 0.003152
-1.379095 0.003107
-1.370343 0.003062
-1.361590 0.003018
-1.352838 0.002975
-1.344086 0.002933
-1.335334 0.002890
-1.326582 0.002849
-1.317829 0.002808
-1.309077 0.002768
-1.300325 0.002728
-1.291573 0.002689
-1.282821 0.002651
-1.274069 0.002614
-1.265316 0.002577
-1.256564 0.002541
-1.247812 0.002507
-1.239060 0.002473
-1.230308 0.002440
-1.221555 0.002408
-1.212803 0.002377
-1.204051 0.002347
-1.195299 0.002319
-1.186547 0.002291
-1.177794 0.002265
-1.169042 0.002240
-1.160290 0.002216
-1.151538 0.002193
-1.142786 0.002171
-1.134034 0.002151
-1.125281 0.002132
-1.116529 0.002114
-1.107777 0.002097
-1.099025 0.002082
-1.090273 0.002068
-1.081520 0.002055
-1.072768 0.002044
-1.064016 0.002033
-1.055264 0.002025
-1.046512 0.002017
-1.037759 0.002011
-1.029007 0.002006
-1.020255 0.002003
-1.011503 0.002001
-1.002751 0.002000
-0.993998 0.002001
-0.985246 0.002004
-0.976494 0.002008
-0.967742 0.002013
-0.958990 0.002020
-0.950238 0.002029
-0.941485 0.002039
-0.932733 0.002051
-0.923981 0.002065
-0.915229 0.002080
-0.906477 0.002098
-0.897724 0.002117
-0.888972 0.002138
-0.880220 0.002161
-0.871468 0.002186
-0.862716 0.002213
-0.853963 0.002242
-0.845211 0.002273
-0.836459 0.002306
-0.827707 0.002341
-0.818955 0.002378
-0.810203 0.002417
-0.801450 0.002458
-0.792698 0.002501
-0.783946 0.002546
-0.775194 0.002592
-0.766442 0.002640
-0.757689 0.002689
-0.748937 0.002740
-0.740185 0.002792
-0.731433 0.002844
-0.722681 0.002898
-0.713928 0.002951
-0.705176 0.003005
-0.696424 0.003059
-0.687672 0.003112
-0.678920 0.003164
-0.670168 0.003215
-0.661415 0.003265
-0.652663 0.003313
-0.643911 0.003359
-0.635159 0.003402
-0.626407 0.003442
-0.617654 0.003479
-0.608902 0.003512
-0.600150 0.003541
-0.591398 0.003566
-0.582646 0.003587
-0.573893 0.003603
-0.565141 0.003615
-0.556389 0.003621
-0.547637 0.003623
-0.538885 0.003619
-0.530133 0.003610
-0.521380 0.003597
-0.512628 0.003578
-0.503876 0.003555
-0.495124 0.003527
-0.486372 0.003494
-0.477619 0.003458
-0.468867 0.003417
-0.460115 0.003373
-0.451363 0.003326
-0.442611 0.003276
-0.433858 0.003223
-0.425106 0.003168
-0.416354 0.003111
-0.407602 0.003052
-0.398850 0.002993
-0.390098 0.002932
-0.381345 0.002871
-0.372593 0.002810
-0.363841 0.002749
-0.355089 0.002688
-0.346337 0.002628
-0.337584 0.002569
-0.328832 0.002511
-0.320080 0.002453
-0.311328 0.002398
-0.302576 0.002343
-0.293823 0.002290
-0.285071 0.002238
-0.276319 0.002189
-0.267567 0.002140
-0.258815 0.002093
-0.250063 0.002048
-0.241310 0.002005
-0.232558 0.001963
-0.223806 0.001922
-0.215054 0.001883
-0.206302 0.001845
-0.197549 0.001809
-0.188797 0.001774
-0.180045 0.001740
-0.171293 0.001706
-0.162541 0.001674
-0.153788 0.001643
-0.145036 0.001613
-0.136284 0.001584
-0.127532 0.001555
-0.118780 0.001527
-0.110028 0.001499
-0.101275 0.001472
-0.092523 0.001446
-0.083771 0.001420
-0.075019 0.001395
-0.066267 0.001370
-0.057514 0.001346
-0.048762 0.001322
-0.040010 0.001298
-0.031258 0.001275
-0.022506 0.001252
-0.013753 0.001230
-0.005001 0.001208
0.003751 0.001187
0.012503 0.001166
0.021255 0.001145
0.030008 0.001125
0.038760 0.001105
0.047512 0.001086
0.056264 0.001067
0.065016 0.001049
0.073768 0.001031
0.082521 0.001014
0.091273 0.000997
0.100025 0.000980
0.108777 0.000964
0.117529 0.000949
0.126282 0.000933
0.135034 0.000919
0.143786 0.000905
0.152538 0.000891
0.161290 0.000877
0.170043 0.000864
0.178795 0.000852
0.187547 0.000840
0.196299 0.000828
0.205051 0.000816
0.213803 0.000805
0.222556 0.000794
0.231308 0.000784
0.240060 0.000774
0.248812 0.000764
0.257564 0.000755
0.266317 0.000745
0.275069 0.000736
0.283821 0.000728
0.292573 0.000719
0.301325 0.000711
0.310078 0.000703
0.318830 0.000695
0.327582 0.000688
0.336334 0.000681
0.345086 0.000673
0.353838 0.000667
0.362591 0.000660
0.371343 0.000653
0.380095 0.000647
0.388847 0.000641
0.397599 0.000634
0.406352 0.000628
0.415104 0.000623
0.423856 0.000617
0.432608 0.000612
0.441360 0.000606
0.450113 0.000601
0.458865 0.000596
0.467617 0.000591
0.476369 0.000586
0.485121 0.000581
0.493873 0.000576
0.502626 0.000571
0.511378 0.000567
0.520130 0.000562
0.528882 0.000558
0.537634 0.000554
0.546387 0.000550
0.555139 0.000545
0.563891 0.000541
0.572643 0.000537
0.581395 0.000534
0.590148 0.000530
0.598900 0.000526
0.607652 0.000522
0.616404 0.000519
0.625156 0.000515
0.633908 0.000512
0.642661 0.000508
0.651413 0.000505
0.660165 0.000501
0.668917 0.000498
0.677669 0.000495
0.686422 0.000492
0.695174 0.000489
0.703926 0.000486
0.712678 0.000483
0.721430 0.000480
0.730183 0.000477
0.738935 0.000474
0.747687 0.000471
0.756439 0.000468
0.765191 0.000465
0.773943 0.000463
0.782696 0.000460
0.791448 0.000457
0.800200 0.000455
0.808952 0.000452
0.817704 0.000450
0.826457 0.000447
0.835209 0.000445
0.843961 0.000442
0.852713 0.000440
0.861465 0.000437
0.870218 0.000435
0.878970 0.000433
0.887722 0.000431
0.896474 0.000428
0.905226 0.000426
0.913978 0.000424
0.922731 0.000422
0.931483 0.000420
0.940235 0.000417
0.948987 0.000415
0.957739 0.000413
0.966492 0.000411
0.975244 0.000409
0.983996 0.000407
0.992748 0.000405
1.001500 0.000403
1.010253 0.000401
1.019005 0.000400
1.027757 0.000398
1.036509 0.000396
1.045261 0.000394
1.054014 0.000392
1.062766 0.000390
1.071518 0.000389
1.080270 0.000387
1.089022 0.000385
1.097774 0.000384
1.106527 0.000382
1.115279 0.000380
1.124031 0.000379
1.132783 0.000377
1.141535 0.000375
1.150288 0.000374
1.159040 0.000372
1.167792 0.000371
1.176544 0.000369
1.185296 0.000368
1.194049 0.000366
1.202801 0.000365
1.211553 0.000363
1.220305 0.000362
1.229057 0.000360
1.237809 0.000359
1.246562 0.000357
1.255314 0.000356
1.264066 0.000355
1.272818 0.000353
1.281570 0.000352
1.290323 0.000351
1.299075 0.000349
1.307827 0.000348
1.316579 0.000347
1.325331 0.000345
1.334084 0.000344
1.342836 0.000343
1.351588 0.000342
1.360340 0.000340
1.369092 0.000339
1.377844 0.000338
1.386597 0.000337
1.395349 0.000336
1.404101 0.000335
1.412853 0.000334
1.421605 0.000332
1.430358 0.000331
1.439110 0.000330
1.447862 0.000329
1.456614 0.000328
1.465366 0.000327
1.474119 0.000326
1.482871 0.000325
1.491623 0.000324
1.500375 0.000323
1.509127 0.000322
1.517879 0.000321
1.526632 0.000320
1.535384 0.000319
1.544136 0.000318
1.552888 0.000317
1.561640 0.000316
1.570393 0.000315
1.579145 0.000315
1.587897 0.000314
1.596649 0.000313
1.605401 0.000312
1.614154 0.000311
1.622906 0.000310
1.631658 0.000310
1.640410 0.000309
1.649162 0.000308
1.657914 0.000307
1.666667 0.000306
1.675419 0.000306
1.684171 0.000305
1.692923 0.000304
1.701675 0.000303
1.710428 0.000303
1.719180 0.000302
1.727932 0.000301
1.736684 0.000301
1.745436 0.000300
1.754189 0.000300
1.762941 0.000299
1.771693 0.000298
1.780445 0.000298
1.789197 0.000297
1.797949 0.000297
1.806702 0.000296
1.815454 0.000296
1.824206 0.000295
1.832958 0.000295
1.841710 0.000294
1.850463 0.000294
1.859215 0.000293
1.867967 0.000293
1.876719 0.000292
1.885471 0.000292
1.894224 0.000291
1.902976 0.000291
1.911728 0.000291
1.920480 0.000290
1.929232 0.000290
1.937984 0.000290
1.946737 0.000289
1.955489 0.000289
1.964241 0.000289
1.972993 0.000289
1.981745 0.000288
1.990498 0.000288
1.999250 0.000288
2.008002 0.000288
2.016754 0.000288
2.025506 0.000288
2.034259 0.000287
2.043011 0.000287
2.051763 0.000287
2.060515 0.000287
2.069267 0.000287
2.078020 0.000287
2.086772 0.000287
2.095524 0.000287
2.104276 0.000287
2.113028 0.000288
2.121780 0.000288
2.130533 0.000288
2.139285 0.000288
2.148037 0.000288
2.156789 0.000288
2.165541 0.000289
2.174294 0.000289
2.183046 0.000289
2.191798 0.000290
2.200550 0.000290
2.209302 0.000291
2.218055 0.000291
2.226807 0.000292
2.235559 0.000292
2.244311 0.000293
2.253063 0.000294
2.261815 0.000294
2.270568 0.000295
2.279320 0.000296
2.288072 0.000297
2.296824 0.000298
2.305576 0.000298
2.314329 0.000299
2.323081 0.000301
2.331833 0.000302
2.340585 0.000303
2.349337 0.000304
2.358090 0.000305
2.366842 0.000307
2.375594 0.000308
2.384346 0.000310
2.393098 0.000311
2.401850 0.000313
2.410603 0.000315
2.419355 0.000317
2.428107 0.000319
2.436859 0.000321
2.445611 0.000323
2.454364 0.000325
2.463116 0.000328
2.471868 0.000330
2.480620 0.000333
2.489372 0.000336
2.498125 0.000338
2.506877 0.000341
2.515629 0.000345
2.524381 0.000348
2.533133 0.000351
2.541885 0.000355
2.550638 0.000358
2.559390 0.000362
2.568142 0.000366
2.576894 0.000371
2.585646 0.000375
2.594399 0.000380
2.603151 0.000384
2.611903 0.000389
2.620655 0.000394
2.629407 0.000400
2.638160 0.000405
2.646912 0.000411
2.655664 0.000417
2.664416 0.000423
2.673168 0.000429
2.681920 0.000436
2.690673 0.000442
2.699425 0.000449
2.708177 0.000457
2.716929 0.000464
2.725681 0.000472
2.734434 0.000480
2.743186 0.000488
2.751938 0.000497
2.760690 0.000505
2.769442 0.000515
2.778195 0.000524
2.786947 0.000534
2.795699 0.000544
2.804451 0.000555
2.813203 0.000566
2.821955 0.000577
2.830708 0.000589
2.839460 0.000602
2.848212 0.000615
2.856964 0.000628
2.865716 0.000642
2.874469 0.000656
2.883221 0.000671
2.891973 0.000687
2.900725 0.000703
2.909477 0.000720
2.918230 0.000737
2.926982 0.000755
2.935734 0.000774
2.944486 0.000793
2.953238 0.000812
2.961990 0.000833
2.970743 0.000853
2.979495 0.000874
2.988247 0.000896
2.996999 0.000918
3.005751 0.000940
3.014504 0.000963
3.023256 0.000985
3.032008 0.001008
3.040760 0.001031
3.049512 0.001053
3.058265 0.001076
3.067017 0.001098
3.075769 0.001119
3.084521 0.001140
3.093273 0.001161
3.102026 0.001180
3.110778 0.001199
3.119530 0.001217
3.128282 0.001234
3.137034 0.001249
3.145786 0.001264
3.154539 0.001277
3.163291 0.001288
3.172043 0.001298
3.180795 0.001307
3.189547 0.001314
3.198300 0.001319
3.207052 0.001323
3.215804 0.001326
3.224556 0.001326
3.233308 0.001325
3.242061 0.001323
3.250813 0.001319
3.259565 0.001314
3.268317 0.001307
3.277069 0.001299
3.285821 0.001289
3.294574 0.001278
3.303326 0.001266
3.312078 0.001253
3.320830 0.001239
3.329582 0.001224
3.338335 0.001207
3.347087 0.001190
3.355839 0.001173
3.364591 0.001154
3.373343 0.001135
3.382096 0.001116
3.390848 0.001095
3.399600 0.001075
3.408352 0.001054
3.417104 0.001033
3.425856 0.001011
3.434609 0.000989
3.443361 0.000968
3.452113 0.000946
3.460865 0.000924
3.469617 0.000902
3.478370 0.000880
3.487122 0.000858
3.495874 0.000837
3.504626 0.000816
3.513378 0.000794
3.522131 0.000774
3.530883 0.000753
3.539635 0.000733
3.548387 0.000714
3.557139 0.000694
3.565891 0.000675
3.574644 0.000657
3.583396 0.000639
3.592148 0.000622
3.600900 0.000605
3.609652 0.000588
3.618405 0.000573
3.627157 0.000557
3.635909 0.000542
3.644661 0.000528
3.653413 0.000514
3.662166 0.000501
3.670918 0.000488
3.679670 0.000476
3.688422 0.000464
3.697174 0.000453
3.705926 0.000442
3.714679 0.000431
3.723431 0.000421
3.732183 0.000412
3.740935 0.000403
3.749687 0.000394
3.758440 0.000385
3.767192 0.000377
3.775944 0.000369
3.784696 0.000362
3.793448 0.000355
3.802201 0.000348
3.810953 0.000341
3.819705 0.000335
3.828457 0.000329
3.837209 0.000323
3.845961 0.000318
3.854714 0.000312
3.863466 0.000307
3.872218 0.000302
3.880970 0.000297
3.889722 0.000293
3.898475 0.000288
3.907227 0.000284
3.915979 0.000280
3.924731 0.000276
3.933483 0.000272
3.942236 0.000269
3.950988 0.000265
3.959740 0.000262
3.968492 0.000258
3.977244 0.000255
3.985996 0.000252
3.994749 0.000249
4.003501 0.000246
4.012253 0.000243
4.021005 0.000241
4.029757 0.000238
4.038510 0.000235
4.047262 0.000233
4.056014 0.000231
4.064766 0.000228
4.073518 0.000226
4.082271 0.000224
4.091023 0.000222
4.099775 0.000220
4.108527 0.000218
4.117279 0.000216
4.126032 0.000214
4.134784 0.000212
4.143536 0.000210
4.152288 0.000208
4.161040 0.000207
4.169792 0.000205
4.178545 0.000203
4.187297 0.000202
4.196049 0.000200
4.204801 0.000199
4.213553 0.000197
4.222306 0.000196
4.231058 0.000194
4.239810 0.000193
4.248562 0.000192
4.257314 0.000190
4.266067 0.000189
4.274819 0.000188
4.283571 0.000187
4.292323 0.000185
4.301075 0.000184
4.309827 0.000183
4.318580 0.000182
4.327332 0.000181
4.336084 0.000180
4.344836 0.000179
4.353588 0.000178
4.362341 0.000177
4.371093 0.000176
4.379845 0.000175
4.388597 0.000174
4.397349 0.000173
4.406102 0.000172
4.414854 0.000171
4.423606 0.000170
4.432358 0.000169
4.441110 0.000168
4.449862 0.000167
4.458615 0.000167
4.467367 0.000166
4.476119 0.000165
4.484871 0.000164
4.493623 0.000163
4.502376 0.000163
4.511128 0.000162
4.519880 0.000161
4.528632 0.000160
4.537384 0.000160
4.546137 0.000159
4.554889 0.000158
4.563641 0.000158
4.572393 0.000157
4.581145 0.000156
4.589897 0.000156
4.598650 0.000155
4.607402 0.000154
4.616154 0.000154
4.624906 0.000153
4.633658 0.000153
4.642411 0.000152
4.651163 0.000151
4.659915 0.000151
4.668667 0.000150
4.677419 0.000150
4.686172 0.000149
4.694924 0.000149
4.703676 0.000148
4.712428 0.000147
4.721180 0.000147
4.729932 0.000146
4.738685 0.000146
4.747437 0.000145
4.756189 0.000145
4.764941 0.000144
4.773693 0.000144
4.782446 0.000143
4.791198 0.000143
4.799950 0.000142
4.808702 0.000142
4.817454 0.000142
4.826207 0.000141
4.834959 0.000141
4.843711 0.000140
4.852463 0.000140
4.861215 0.000139
4.869967 0.000139
4.878720 0.000139
4.887472 0.000138
4.896224 0.000138
4.904976 0.000137
4.913728 0.000137
4.922481 0.000136
4.931233 0.000136
4.939985 0.000136
4.948737 0.000135
4.957489 0.000135
4.966242 0.000135
4.974994 0.000134
4.983746 0.000134
4.992498 0.000133
5.001250 0.000133
5.010003 0.000133
5.018755 0.000132
5.027507 0.000132
5.036259 0.000132
5.045011 0.000131
5.053763 0.000131
5.062516 0.000131
5.071268 0.000130
5.080020 0.000130
5.088772 0.000130
5.097524 0.000129
5.106277 0.000129
5.115029 0.000129
5.123781 0.000128
5.132533 0.000128
5.141285 0.000128
5.150038 0.000128
5.158790 0.000127
5.167542 0.000127
5.176294 0.000127
5.185046 0.000126
5.193798 0.000126
5.202551 0.000126
5.211303 0.000125
5.220055 0.000125
5.228807 0.000125
5.237559 0.000125
5.246312 0.000124
5.255064 0.000124
5.263816 0.000124
5.272568 0.000124
5.281320 0.000123
5.290073 0.000123
5.298825 0.000123
5.307577 0.000123
5.316329 0.000122
5.325081 0.000122
5.333833 0.000122
5.342586 0.000122
5.351338 0.000121
5.360090 0.000121
5.368842 0.000121
5.377594 0.000121
5.386347 0.000120
5.395099 0.000120
5.403851 0.000120
5.412603 0.000120
5.421355 0.000119
5.430108 0.000119
5.438860 0.000119
5.447612 0.000119
5.456364 0.000118
5.465116 0.000118
5.473868 0.000118
5.482621 0.000118
5.491373 0.000118
5.500125 0.000117
5.508877 0.000117
5.517629 0.000117
5.526382 0.000117
5.535134 0.000117
5.543886 0.000116
5.552638 0.000116
5.561390 0.000116
5.570143 0.000116
5.578895 0.000116
5.587647 0.000115
5.596399 0.000115
5.605151 0.000115
5.613903 0.000115
5.622656 0.000115
5.631408 0.000114
5.640160 0.000114
5.648912 0.000114
5.657664 0.000114
5.666417 0.000114
5.675169 0.000114
5.683921 0.000113
5.692673 0.000113
5.701425 0.000113
5.710178 0.000113
5.718930 0.000113
5.727682 0.000112
5.736434 0.000112
5.745186 0.000112
5.753938 0.000112
5.762691 0.000112
5.771443 0.000112
5.780195 0.000111
5.788947 0.000111
5.797699 0.000111
5.806452 0.000111
5.815204 0.000111
5.823956 0.000111
5.832708 0.000110
5.841460 0.000110
5.850213 0.000110
5.858965 0.000110
5.867717 0.000110
5.876469 0.000110
5.885221 0.000110
5.893973 0.000109
5.902726 0.000109
5.911478 0.000109
5.920230 0.000109
5.928982 0.000109
5.937734 0.000109
5.946487 0.000109
5.955239 0.000108
5.963991 0.000108
5.972743 0.000108
5.981495 0.000108
5.990248 0.000108
5.999000 0.000108
6.007752 0.000108
6.016504 0.000107
6.025256 0.000107
6.034009 0.000107
6.042761 0.000107
6.051513 0.000107
6.060265 0.000107
6.069017 0.000107
6.077769 0.000107
6.086522 0.000106
6.095274 0.000106
6.104026 0.000106
6.112778 0.000106
6.121530 0.000106
6.130283 0.000106
6.139035 0.000106
6.147787 0.000106
6.156539 0.000105
6.165291 0.000105
6.174044 0.000105
6.182796 0.000105
6.191548 0.000105
6.200300 0.000105
6.209052 0.000105
6.217804 0.000105
6.226557 0.000105
6.235309 0.000104
6.244061 0.000104
6.252813 0.000104
6.261565 0.000104
6.270318 0.000104
6.279070 0.000104
6.287822 0.000104
6.296574 0.000104
6.305326 0.000104
6.314079 0.000104
6.322831 0.000103
6.331583 0.000103
6.340335 0.000103
6.349087 0.000103
6.357839 0.000103
6.366592 0.000103
6.375344 0.000103
6.384096 0.000103
6.392848 0.000103
6.401600 0.000103
6.410353 0.000103
6.419105 0.000102
6.427857 0.000102
6.436609 0.000102
6.445361 0.000102
6.454114 0.000102
6.462866 0.000102
6.471618 0.000102
6.480370 0.000102
6.489122 0.000102
6.497874 0.000102
6.506627 0.000102
6.515379 0.000102
6.524131 0.000101
6.532883 0.000101
6.541635 0.000101
6.550388 0.000101
6.559140 0.000101
6.567892 0.000101
6.576644 0.000101
6.585396 0.000101
6.594149 0.000101
6.602901 0.000101
6.611653 0.000101
6.620405 0.000101
6.629157 0.000101
6.637909 0.000100
6.646662 0.000100
6.655414 0.000100
6.664166 0.000100
6.672918 0.000100
6.681670 0.000100
6.690423 0.000100
6.699175 0.000100
6.707927 0.000100
6.716679 0.000100
6.725431 0.000100
6.734184 0.000100
6.742936 0.000100
6.751688 0.000100
6.760440 0.000100
6.769192 0.000100
6.777944 0.000099
6.786697 0.000099
6.795449 0.000099
6.804201 0.000099
6.812953 0.000099
6.821705 0.000099
6.830458 0.000099
6.839210 0.000099
6.847962 0.000099
6.856714 0.000099
6.865466 0.000099
6.874219 0.000099
6.882971 0.000099
6.891723 0.000099
6.900475 0.000099
6.909227 0.000099
6.917979 0.000099
6.926732 0.000099
6.935484 0.000099
6.944236 0.000099
6.952988 0.000099
6.961740 0.000098
6.970493 0.000098
6.979245 0.000098
6.987997 0.000098
6.996749 0.000098
7.005501 0.000098
7.014254 0.000098
7.023006 0.000098
7.031758 0.000098
7.040510 0.000098
7.049262 0.000098
7.058015 0.000098
7.066767 0.000098
7.075519 0.000098
7.084271 0.000098
7.093023 0.000098
7.101775 0.000098
7.110528 0.000098
7.119280 0.000098
7.128032 0.000098
7.136784 0.000098
7.145536 0.000098
7.154289 0.000098
7.163041 0.000098
7.171793 0.000098
7.180545 0.000098
7.189297 0.000098
7.198050 0.000098
7.206802 0.000098
7.215554 0.000098
7.224306 0.000098
7.233058 0.000098
7.241810 0.000098
7.250563 0.000098
7.259315 0.000098
7.268067 0.000098
7.276819 0.000098
7.285571 0.000098
7.294324 0.000097
7.303076 0.000097
7.311828 0.000097
7.320580 0.000097
7.329332 0.000097
7.338085 0.000097
7.346837 0.000097
7.355589 0.000097
7.364341 0.000097
7.373093 0.000097
7.381845 0.000097
7.390598 0.000097
7.399350 0.000097
7.408102 0.000097
7.416854 0.000097
7.425606 0.000097
7.434359 0.000097
7.443111 0.000097
7.451863 0.000097
7.460615 0.000097
7.469367 0.000097
7.478120 0.000097
7.486872 0.000097
7.495624 0.000097
7.504376 0.000097
7.513128 0.000097
7.521880 0.000097
7.530633 0.000097
7.539385 0.000097
7.548137 0.000097
7.556889 0.000097
7.565641 0.000097
7.574394 0.000097
7.583146 0.000097
7.591898 0.000098
7.600650 0.000098
7.609402 0.000098
7.618155 0.000098
7.626907 0.000098
7.635659 0.000098
7.644411 0.000098
7.653163 0.000098
7.661915 0.000098
7.670668 0.000098
7.679420 0.000098
7.688172 0.000098
7.696924 0.000098
7.705676 0.000098
7.714429 0.000098
7.723181 0.000098
7.731933 0.000098
7.740685 0.000098
7.749437 0.000098
7.758190 0.000098
7.766942 0.000098
7.775694 0.000098
7.784446 0.000098
7.793198 0.000098
7.801950 0.000098
7.810703 0.000098
7.819455 0.000098
7.828207 0.000098
7.836959 0.000098
7.845711 0.000098
7.854464 0.000098
7.863216 0.000098
7.871968 0.000098
7.880720 0.000098
7.889472 0.000098
7.898225 0.000098
7.906977 0.000098
7.915729 0.000099
7.924481 0.000099
7.933233 0.000099
7.941985 0.000099
7.950738 0.000099
7.959490 0.000099
7.968242 0.000099
7.976994 0.000099
7.985746 0.000099
7.994499 0.000099
8.003251 0.000099
8.012003 0.000099
8.020755 0.000099
8.029507 0.000099
8.038260 0.000099
8.047012 0.000099
8.055764 0.000099
8.064516 0.000099
8.073268 0.000099
8.082021 0.000100
8.090773 0.000100
8.099525 0.000100
8.108277 0.000100
8.117029 0.000100
8.125781 0.000100
8.134534 0.000100
8.143286 0.000100
8.152038 0.000100
8.160790 0.000100
8.169542 0.000100
8.178295 0.000100
8.187047 0.000100
8.195799 0.000100
8.204551 0.000100
8.213303 0.000100
8.222056 0.000101
8.230808 0.000101
8.239560 0.000101
8.248312 0.000101
8.257064 0.000101
8.265816 0.000101
8.274569 0.000101
8.283321 0.000101
8.292073 0.000101
8.300825 0.000101
8.309577 0.000101
8.318330 0.000101
8.327082 0.000102
8.335834 0.000102
8.344586 0.000102
8.353338 0.000102
8.362091 0.000102
8.370843 0.000102
8.379595 0.000102
8.388347 0.000102
8.397099 0.000102
8.405851 0.000102
8.414604 0.000102
8.423356 0.000103
8.432108 0.000103
8.440860 0.000103
8.449612 0.000103
8.458365 0.000103
8.467117 0.000103
8.475869 0.000103
8.484621 0.000103
8.493373 0.000103
8.502126 0.000103
8.510878 0.000104
8.519630 0.000104
8.528382 0.000104
8.537134 0.000104
8.545886 0.000104
8.554639 0.000104
8.563391 0.000104
8.572143 0.000104
8.580895 0.000104
8.589647 0.000105
8.598400 0.000105
8.607152 0.000105
8.615904 0.000105
8.624656 0.000105
8.633408 0.000105
8.642161 0.000105
8.650913 0.000105
8.659665 0.000106
8.668417 0.000106
8.677169 0.000106
8.685921 0.000106
8.694674 0.000106
8.703426 0.000106
8.712178 0.000106
8.720930 0.000107
8.729682 0.000107
8.738435 0.000107
8.747187 0.000107
8.755939 0.000107
8.764691 0.000107
8.773443 0.000107
8.782196 0.000107
8.790948 0.000108
8.799700 0.000108
8.808452 0.000108
8.817204 0.000108
8.825956 0.000108
8.834709 0.000108
8.843461 0.000109
8.852213 0.000109
8.860965 0.000109
8.869717 0.000109
8.878470 0.000109
8.887222 0.000109
8.895974 0.000109
8.904726 0.000110
8.913478 0.000110
8.922231 0.000110
8.930983 0.000110
8.939735 0.000110
8.948487 0.000111
8.957239 0.000111
8.965991 0.000111
8.974744 0.000111
8.983496 0.000111
8.992248 0.000111
9.001000 0.000112
9.009752 0.000112
9.018505 0.000112
9.027257 0.000112
9.036009 0.000112
9.044761 0.000112
9.053513 0.000113
9.062266 0.000113
9.071018 0.000113
9.079770 0.000113
9.088522 0.000113
9.097274 0.000114
9.106027 0.000114
9.114779 0.000114
9.123531 0.000114
9.132283 0.000114
9.141035 0.000115
9.149787 0.000115
9.158540 0.000115
9.167292 0.000115
9.176044 0.000116
9.184796 0.000116
9.193548 0.000116
9.202301 0.000116
9.211053 0.000116
9.219805 0.000117
9.228557 0.000117
9.237309 0.000117
9.246062 0.000117
9.254814 0.000118
9.263566 0.000118
9.272318 0.000118
9.281070 0.000118
9.289822 0.000118
9.298575 0.000119
9.307327 0.000119
9.316079 0.000119
9.324831 0.000119
9.333583 0.000120
9.342336 0.000120
9.351088 0.000120
9.359840 0.000120
9.368592 0.000121
9.377344 0.000121
9.386097 0.000121
9.394849 0.000121
9.403601 0.000122
9.412353 0.000122
9.421105 0.000122
9.429857 0.000123
9.438610 0.000123
9.447362 0.000123
9.456114 0.000123
9.464866 0.000124
9.473618 0.000124
9.482371 0.000124
9.491123 0.000124
9.499875 0.000125
9.508627 0.000125
9.517379 0.000125
9.526132 0.000126
9.534884 0.000126
9.543636 0.000126
9.552388 0.000127
9.561140 0.000127
9.569892 0.000127
9.578645 0.000127
9.587397 0.000128
9.596149 0.000128
9.604901 0.000128
9.613653 0.000129
9.622406 0.000129
9.631158 0.000129
9.639910 0.000130
9.648662 0.000130
9.657414 0.000130
9.666167 0.000131
9.674919 0.000131
9.683671 0.000131
9.692423 0.000132
9.701175 0.000132
9.709927 0.000132
9.718680 0.000133
9.727432 0.000133
9.736184 0.000133
9.744936 0.000134
9.753688 0.000134
9.762441 0.000135
9.771193 0.000135
9.779945 0.000135
9.788697 0.000136
9.797449 0.000136
9.806202 0.000136
9.814954 0.000137
9.823706 0.000137
9.832458 0.000138
9.841210 0.000138
9.849962 0.000138
9.858715 0.000139
9.867467 0.000139
9.876219 0.000140
9.884971 0.000140
9.893723 0.000140
9.902476 0.000141
9.911228 0.000141
9.919980 0.000142
9.928732 0.000142
9.937484 0.000142
9.946237 0.000143
9.954989 0.000143
9.963741 0.000144
9.972493 0.000144
9.981245 0.000145
9.989997 0.000145
9.998750 0.000146
10.007502 0.000146
10.016254 0.000146
10.025006 0.000147
10.033758 0.000147
10.042511 0.000148
10.051263 0.000148
10.060015 0.000149
10.068767 0.000149
10.077519 0.000150
10.086272 0.000150
10.095024 0.000151
10.103776 0.000151
10.112528 0.000152
10.121280 0.000152
10.130033 0.000153
10.138785 0.000153
10.147537 0.000154
10.156289 0.000154
10.165041 0.000155
10.173793 0.000155
10.182546 0.000156
10.191298 0.000157
10.200050 0.000157
10.208802 0.000158
10.217554 0.000158
10.226307 0.000159
10.235059 0.000159
10.243811 0.000160
10.252563 0.000161
10.261315 0.000161
10.270068 0.000162
10.278820 0.000162
10.287572 0.000163
10.296324 0.000163
10.305076 0.000164
10.313828 0.000165
10.322581 0.000165
10.331333 0.000166
10.340085 0.000167
10.348837 0.000167
10.357589 0.000168
10.366342 0.000168
10.375094 0.000169
10.383846 0.000170
10.392598 0.000170
10.401350 0.000171
10.410103 0.000172
10.418855 0.000172
10.427607 0.000173
10.436359 0.000174
10.445111 0.000175
10.453863 0.000175
10.462616 0.000176
10.471368 0.000177
10.480120 0.000177
10.488872 0.000178
10.497624 0.000179
10.506377 0.000180
10.515129 0.000180
10.523881 0.000181
10.532633 0.000182
10.541385 0.000183
10.550138 0.000183
10.558890 0.000184
10.567642 0.000185
10.576394 0.000186
10.585146 0.000187
10.593898 0.000187
10.602651 0.000188
10.611403 0.000189
10.620155 0.000190
10.628907 0.000191
10.637659 0.000192
10.646412 0.000193
10.655164 0.000193
10.663916 0.000194
10.672668 0.000195
10.681420 0.000196
10.690173 0.000197
10.698925 0.000198
10.707677 0.000199
10.716429 0.000200
10.725181 0.000201
10.733933 0.000202
10.742686 0.000203
10.751438 0.000204
10.760190 0.000205
10.768942 0.000206
10.777694 0.000207
10.786447 0.000208
10.795199 0.000209
10.803951 0.000210
10.812703 0.000211
10.821455 0.000212
10.830208 0.000213
10.838960 0.000214
10.847712 0.000215
10.856464 0.000216
10.865216 0.000217
10.873968 0.000218
10.882721 0.000219
10.891473 0.000220
10.900225 0.000222
10.908977 0.000223
10.917729 0.000224
10.926482 0.000225
10.935234 0.000226
10.943986 0.000227
10.952738 0.000229
10.961490 0.000230
10.970243 0.000231
10.978995 0.000232
10.987747 0.000234
10.996499 0.000235
11.005251 0.000236
11.014004 0.000238
11.022756 0.000239
11.031508 0.000240
11.040260 0.000242
11.049012 0.000243
11.057764 0.000244
11.066517 0.000246
11.075269 0.000247
11.084021 0.000248
11.092773 0.000250
11.101525 0.000251
11.110278 0.000253
11.119030 0.000254
11.127782 0.000256
11.136534 0.000257
11.145286 0.000259
11.154039 0.000260
11.162791 0.000262
11.171543 0.000264
11.180295 0.000265
11.189047 0.000267
11.197799 0.000268
11.206552 0.000270
11.215304 0.000272
11.224056 0.000273
11.232808 0.000275
11.241560 0.000277
11.250313 0.000279
11.259065 0.000280
11.267817 0.000282
11.276569 0.000284
11.285321 0.000286
11.294074 0.000288
11.302826 0.000290
11.311578 0.000292
11.320330 0.000293
11.329082 0.000295
11.337834 0.000297
11.346587 0.000299
11.355339 0.000301
11.364091 0.000303
11.372843 0.000306
11.381595 0.000308
11.390348 0.000310
11.399100 0.000312
11.407852 0.000314
11.416604 0.000316
11.425356 0.000318
11.434109 0.000321
11.442861 0.000323
11.451613 0.000325
11.460365 0.000328
11.469117 0.000330
11.477869 0.000332
11.486622 0.000335
11.495374 0.000337
11.504126 0.000340
11.512878 0.000342
11.521630 0.000345
11.530383 0.000347
11.539135 0.000350
11.547887 0.000353
11.556639 0.000355
11.565391 0.000358
11.574144 0.000361
11.582896 0.000364
11.591648 0.000367
11.600400 0.000369
11.609152 0.000372
11.617904 0.000375
11.626657 0.000378
11.635409 0.000381
11.644161 0.000384
11.652913 0.000388
11.661665 0.000391
11.670418 0.000394
11.679170 0.000397
11.687922 0.000401
11.696674 0.000404
11.705426 0.000407
11.714179 0.000411
11.722931 0.000414
11.731683 0.000418
11.740435 0.000421
11.749187 0.000425
11.757939 0.000429
11.766692 0.000432
11.775444 0.000436
11.784196 0.000440
11.792948 0.000444
11.801700 0.000448
11.810453 0.000452
11.819205 0.000456
11.827957 0.000460
11.836709 0.000465
11.845461 0.000469
11.854214 0.000473
11.862966 0.000478
11.871718 0.000482
11.880470 0.000487
11.889222 0.000492
11.897974 0.000496
11.906727 0.000501
11.915479 0.000506
11.924231 0.000511
11.932983 0.000516
11.941735 0.000521
11.950488 0.000526
11.959240 0.000532
11.967992 0.000537
11.976744 0.000542
11.985496 0.000548
11.994249 0.000554
12.003001 0.000559
12.011753 0.000565
12.020505 0.000571
12.029257 0.000577
12.038010 0.000583
12.046762 0.000590
12.055514 0.000596
12.064266 0.000603
12.073018 0.000609
12.081770 0.000616
12.090523 0.000623
12.099275 0.000630
12.108027 0.000637
12.116779 0.000644
12.125531 0.000652
12.134284 0.000659
12.143036 0.000667
12.151788 0.000675
12.160540 0.000683
12.169292 0.000691
12.178045 0.000699
12.186797 0.000707
12.195549 0.000716
12.204301 0.000725
12.213053 0.000734
12.221805 0.000743
12.230558 0.000752
12.239310 0.000762
12.248062 0.000771
12.256814 0.000781
12.265566 0.000791
12.274319 0.000802
12.283071 0.000812
12.291823 0.000823
12.300575 0.000834
12.309327 0.000845
12.318080 0.000856
12.326832 0.000868
12.335584 0.000880
12.344336 0.000892
12.353088 0.000905
12.361840 0.000918
12.370593 0.000931
12.379345 0.000944
12.388097 0.000958
12.396849 0.000972
12.405601 0.000986
12.414354 0.001001
12.423106 0.001016
12.431858 0.001031
12.440610 0.001047
12.449362 0.001063
12.458115 0.001080
12.466867 0.001097
12.475619 0.001114
12.484371 0.001132
12.493123 0.001150
12.501875 0.001169
12.510628 0.001188
12.519380 0.001208
12.528132 0.001228
12.536884 0.001249
12.545636 0.001270
12.554389 0.001292
12.563141 0.001315
12.571893 0.001338
12.580645 0.001362
12.589397 0.001387
12.598150 0.001412
12.606902 0.001438
12.615654 0.001464
12.624406 0.001492
12.633158 0.001520
12.641910 0.001549
12.650663 0.001579
12.659415 0.001610
12.668167 0.001642
12.676919 0.001675
12.685671 0.001709
12.694424 0.001744
12.703176 0.001780
12.711928 0.001818
12.720680 0.001856
12.729432 0.001896
12.738185 0.001937
12.746937 0.001980
12.755689 0.002024
12.764441 0.002070
12.773193 0.002117
12.781945 0.002166
12.790698 0.002217
12.799450 0.002269
12.808202 0.002323
12.816954 0.002380
12.825706 0.002439
12.834459 0.002499
12.843211 0.002563
12.851963 0.002628
12.860715 0.002696
12.869467 0.002767
12.878220 0.002841
12.886972 0.002918
12.895724 0.002998
12.904476 0.003081
12.913228 0.003168
12.921980 0.003258
12.930733 0.003353
12.939485 0.003451
12.948237 0.003554
12.956989 0.003661
12.965741 0.003773
12.974494 0.003890
12.983246 0.004013
12.991998 0.004141
13.000750 0.004275
13.009502 0.004415
13.018255 0.004561
13.027007 0.004715
13.035759 0.004875
13.044511 0.005043
13.053263 0.005219
13.062016 0.005403
13.070768 0.005596
13.079520 0.005798
13.088272 0.006009
13.097024 0.006229
13.105776 0.006460
13.114529 0.006702
13.123281 0.006954
13.132033 0.007217
13.140785 0.007492
13.149537 0.007778
13.158290 0.008076
13.167042 0.008386
13.175794 0.008708
13.184546 0.009041
13.193298 0.009387
13.202051 0.009745
13.210803 0.010114
13.219555 0.010495
13.228307 0.010886
13.237059 0.011288
13.245811 0.011698
13.254564 0.012118
13.263316 0.012545
13.272068 0.012979
13.280820 0.013418
13.289572 0.013860
13.298325 0.014305
13.307077 0.014751
13.315829 0.015195
13.324581 0.015637
13.333333 0.016073
13.342086 0.016502
13.350838 0.016922
13.359590 0.017330
13.368342 0.017725
13.377094 0.018103
13.385846 0.018463
13.394599 0.018803
13.403351 0.019121
13.412103 0.019413
13.420855 0.019680
13.429607 0.019918
13.438360 0.020126
13.447112 0.020303
13.455864 0.020448
13.464616 0.020559
13.473368 0.020636
13.482121 0.020679
13.490873 0.020687
13.499625 0.020660
13.508377 0.020598
13.517129 0.020502
13.525881 0.020373
13.534634 0.020212
13.543386 0.020019
13.552138 0.019797
13.560890 0.019547
13.569642 0.019270
13.578395 0.018969
13.587147 0.018646
13.595899 0.018302
13.604651 0.017941
13.613403 0.017563
13.622156 0.017172
13.630908 0.016769
13.639660 0.016358
13.648412 0.015939
13.657164 0.015515
13.665916 0.015089
13.674669 0.014662
13.683421 0.014235
13.692173 0.013811
13.700925 0.013392
13.709677 0.012977
13.718430 0.012570
13.727182 0.012171
13.735934 0.011780
13.744686 0.011399
13.753438 0.011029
13.762191 0.010671
13.770943 0.010324
13.779695 0.009989
13.788447 0.009666
13.797199 0.009356
13.805951 0.009058
13.814704 0.008774
13.823456 0.008502
13.832208 0.008242
13.840960 0.007995
13.849712 0.007760
13.858465 0.007537
13.867217 0.007326
13.875969 0.007126
13.884721 0.006938
13.893473 0.006760
13.902226 0.006593
13.910978 0.006436
13.919730 0.006289
13.928482 0.006151
13.937234 0.006023
13.945986 0.005904
13.954739 0.005794
13.963491 0.005693
13.972243 0.005599
13.980995 0.005514
13.989747 0.005437
13.998500 0.005367
14.007252 0.005305
14.016004 0.005251
14.024756 0.005203
14.033508 0.005163
14.042261 0.005130
14.051013 0.005104
14.059765 0.005085
14.068517 0.005073
14.077269 0.005068
14.086022 0.005070
14.094774 0.005079
14.103526 0.005095
14.112278 0.005118
14.121030 0.005148
14.129782 0.005185
14.138535 0.005229
14.147287 0.005281
14.156039 0.005340
14.164791 0.005407
14.173543 0.005481
14.182296 0.005563
14.191048 0.005653
14.199800 0.005750
14.208552 0.005855
14.217304 0.005968
14.226057 0.006089
14.234809 0.006217
14.243561 0.006353
14.252313 0.006497
14.261065 0.006647
14.269817 0.006805
14.278570 0.006969
14.287322 0.007139
14.296074 0.007315
14.304826 0.007496
14.313578 0.007682
14.322331 0.007872
14.331083 0.008065
14.339835 0.008259
14.348587 0.008455
14.357339 0.008652
14.366092 0.008847
14.374844 0.009040
14.383596 0.009230
14.392348 0.009415
14.401100 0.009594
14.409852 0.009766
14.418605 0.009930
14.427357 0.010084
14.436109 0.010226
14.444861 0.010357
14.453613 0.010473
14.462366 0.010576
14.471118 0.010663
14.479870 0.010733
14.488622 0.010786
14.497374 0.010822
14.506127 0.010840
14.514879 0.010839
14.523631 0.010820
14.532383 0.010782
14.541135 0.010726
14.549887 0.010652
14.558640 0.010560
14.567392 0.010452
14.576144 0.010328
14.584896 0.010188
14.593648 0.010035
14.602401 0.009868
14.611153 0.009690
14.619905 0.009501
14.628657 0.009303
14.637409 0.009097
14.646162 0.008884
14.654914 0.008665
14.663666 0.008442
14.672418 0.008217
14.681170 0.007989
14.689922 0.007761
14.698675 0.007532
14.707427 0.007305
14.716179 0.007081
14.724931 0.006859
14.733683 0.006640
14.742436 0.006426
14.751188 0.006217
14.759940 0.006013
14.768692 0.005815
14.777444 0.005622
14.786197 0.005436
14.794949 0.005256
14.803701 0.005083
14.812453 0.004916
14.821205 0.004756
14.829957 0.004602
14.838710 0.004455
14.847462 0.004314
14.856214 0.004180
14.864966 0.004052
14.873718 0.003930
14.882471 0.003814
14.891223 0.003703
14.899975 0.003598
14.908727 0.003499
14.917479 0.003404
14.926232 0.003315
14.934984 0.003231
14.943736 0.003151
14.952488 0.003075
14.961240 0.003004
14.969992 0.002938
14.978745 0.002875
14.987497 0.002816
14.996249 0.002761
15.005001 0.002709
15.013753 0.002661
15.022506 0.002616
15.031258 0.002575
15.040010 0.002537
15.048762 0.002502
15.057514 0.002470
15.066267 0.002441
15.075019 0.002414
15.083771 0.002391
15.092523 0.002370
15.101275 0.002352
15.110028 0.002337
15.118780 0.002324
15.127532 0.002314
15.136284 0.002306
15.145036 0.002301
15.153788 0.002298
15.162541 0.002297
15.171293 0.002298
15.180045 0.002301
15.188797 0.002306
15.197549 0.002314
15.206302 0.002322
15.215054 0.002333
15.223806 0.002345
15.232558 0.002358
15.241310 0.002373
15.250063 0.002388
15.258815 0.002405
15.267567 0.002422
15.276319 0.002440
15.285071 0.002458
15.293823 0.002476
15.302576 0.002493
15.311328 0.002511
15.320080 0.002528
15.328832 0.002544
15.337584 0.002559
15.346337 0.002572
15.355089 0.002584
15.363841 0.002595
15.372593 0.002603
15.381345 0.002609
15.390098 0.002614
15.398850 0.002615
15.407602 0.002615
15.416354 0.002611
15.425106 0.002605
15.433858 0.002596
15.442611 0.002584
15.451363 0.002569
15.460115 0.002552
15.468867 0.002532
15.477619 0.002509
15.486372 0.002483
15.495124 0.002455
15.503876 0.002425
15.512628 0.002392
15.521380 0.002357
15.530133 0.002321
15.538885 0.002282
15.547637 0.002243
15.556389 0.002201
15.565141 0.002159
15.573893 0.002116
15.582646 0.002073
15.591398 0.002028
15.600150 0.001984
15.608902 0.001939
15.617654 0.001895
15.626407 0.001851
15.635159 0.001807
15.643911 0.001764
15.652663 0.001721
15.661415 0.001680
15.670168 0.001639
15.678920 0.001599
15.687672 0.001561
15.696424 0.001523
15.705176 0.001487
15.713928 0.001452
15.722681 0.001419
15.731433 0.001386
15.740185 0.001355
15.748937 0.001326
15.757689 0.001297
15.766442 0.001270
15.775194 0.001245
15.783946 0.001220
15.792698 0.001197
15.801450 0.001176
15.810203 0.001155
15.818955 0.001136
15.827707 0.001117
15.836459 0.001100
15.845211 0.001084
15.853963 0.001069
15.862716 0.001054
15.871468 0.001041
15.880220 0.001029
15.888972 0.001017
15.897724 0.001006
15.906477 0.000996
15.915229 0.000986
15.923981 0.000977
15.932733 0.000968
15.941485 0.000960
15.950238 0.000952
15.958990 0.000945
15.967742 0.000938
15.976494 0.000931
15.985246 0.000924
15.993998 0.000917
16.002751 0.000910
16.011503 0.000904
16.020255 0.000897
16.029007 0.000890
16.037759 0.000883
16.046512 0.000876
16.055264 0.000869
16.064016 0.000861
16.072768 0.000854
16.081520 0.000846
16.090273 0.000838
16.099025 0.000829
16.107777 0.000821
16.116529 0.000812
16.125281 0.000803
16.134034 0.000793
16.142786 0.000784
16.151538 0.000774
16.160290 0.000764
16.169042 0.000754
16.177794 0.000744
16.186547 0.000734
16.195299 0.000723
16.204051 0.000713
16.212803 0.000703
16.221555 0.000692
16.230308 0.000682
16.239060 0.000672
16.247812 0.000662
16.256564 0.000652
16.265316 0.000642
16.274069 0.000632
16.282821 0.000622
16.291573 0.000613
16.300325 0.000603
16.309077 0.000594
16.317829 0.000585
16.326582 0.000577
16.335334 0.000568
16.344086 0.000560
16.352838 0.000553
16.361590 0.000545
16.370343 0.000538
16.379095 0.000531
16.387847 0.000524
16.396599 0.000517
16.405351 0.000511
16.414104 0.000505
16.422856 0.000500
16.431608 0.000494
16.440360 0.000489
16.449112 0.000484
16.457864 0.000480
16.466617 0.000476
16.475369 0.000471
16.484121 0.000468
16.492873 0.000464
16.501625 0.000460
16.510378 0.000457
16.519130 0.000454
16.527882 0.000451
16.536634 0.000448
16.545386 0.000446
16.554139 0.000443
16.562891 0.000441
16.571643 0.000439
16.580395 0.000436
16.589147 0.000434
16.597899 0.000432
16.606652 0.000430
16.615404 0.000427
16.624156 0.000425
16.632908 0.000423
16.641660 0.000421
16.650413 0.000418
16.659165 0.000416
16.667917 0.000413
16.676669 0.000410
16.685421 0.000408
16.694174 0.000405
16.702926 0.000402
16.711678 0.000398
16.720430 0.000395
16.729182 0.000392
16.737934 0.000388
16.746687 0.000384
16.755439 0.000381
16.764191 0.000377
16.772943 0.000373
16.781695 0.000369
16.790448 0.000364
16.799200 0.000360
16.807952 0.000356
16.816704 0.000351
16.825456 0.000347
16.834209 0.000343
16.842961 0.000338
16.851713 0.000334
16.860465 0.000329
16.869217 0.000325
16.877969 0.000320
16.886722 0.000316
16.895474 0.000312
16.904226 0.000307
16.912978 0.000303
16.921730 0.000299
16.930483 0.000295
16.939235 0.000291
16.947987 0.000287
16.956739 0.000283
16.965491 0.000280
16.974244 0.000276
16.982996 0.000273
16.991748 0.000269
17.000500 0.000266
17.009252 0.000263
17.018005 0.000259
17.026757 0.000256
17.035509 0.000253
17.044261 0.000250
17.053013 0.000248
17.061765 0.000245
17.070518 0.000242
17.079270 0.000240
17.088022 0.000237
17.096774 0.000235
17.105526 0.000232
17.114279 0.000230
17.123031 0.000228
17.131783 0.000225
17.140535 0.000223
17.149287 0.000221
17.158040 0.000219
17.166792 0.000217
17.175544 0.000215
17.184296 0.000213
17.193048 0.000211
17.201800 0.000210
17.210553 0.000208
17.219305 0.000206
17.228057 0.000204
17.236809 0.000203
17.245561 0.000201
17.254314 0.000200
17.263066 0.000198
17.271818 0.000196
17.280570 0.000195
17.289322 0.000193
17.298075 0.000192
17.306827 0.000191
17.315579 0.000189
17.324331 0.000188
17.333083 0.000187
17.341835 0.000185
17.350588 0.000184
17.359340 0.000183
17.368092 0.000181
17.376844 0.000180
17.385596 0.000179
17.394349 0.000178
17.403101 0.000177
17.411853 0.000175
17.420605 0.000174
17.429357 0.000173
17.438110 0.000172
17.446862 0.000171
17.455614 0.000170
17.464366 0.000169
17.473118 0.000168
17.481870 0.000167
17.490623 0.000166
17.499375 0.000165
17.508127 0.000164
17.516879 0.000163
17.525631 0.000162
17.534384 0.000161
17.543136 0.000160
17.551888 0.000159
17.560640 0.000158
17.569392 0.000157
17.578145 0.000156
17.586897 0.000156
17.595649 0.000155
17.604401 0.000154
17.613153 0.000153
17.621905 0.000152
17.630658 0.000151
17.639410 0.000151
17.648162 0.000150
17.656914 0.000149
17.665666 0.000148
17.674419 0.000147
17.683171 0.000147
17.691923 0.000146
17.700675 0.000145
17.709427 0.000144
17.718180 0.000144
17.726932 0.000143
17.735684 0.000142
17.744436 0.000141
17.753188 0.000141
17.761940 0.000140
17.770693 0.000139
17.779445 0.000139
17.788197 0.000138
17.796949 0.000137
17.805701 0.000137
17.814454 0.000136
17.823206 0.000135
17.831958 0.000135
17.840710 0.000134
17.849462 0.000133
17.858215 0.000133
17.866967 0.000132
17.875719 0.000132
17.884471 0.000131
17.893223 0.000130
17.901975 0.000130
17.910728 0.000129
17.919480 0.000129
17.928232 0.000128
17.936984 0.000127
17.945736 0.000127
17.954489 0.000126
17.963241 0.000126
17.971993 0.000125
17.980745 0.000125
17.989497 0.000124
17.998250 0.000124
18.007002 0.000123
18.015754 0.000122
18.024506 0.000122
18.033258 0.000121
18.042011 0.000121
18.050763 0.000120
18.059515 0.000120
18.068267 0.000119
18.077019 0.000119
18.085771 0.000118
18.094524 0.000118
18.103276 0.000117
18.112028 0.000117
18.120780 0.000116
18.129532 0.000116
18.138285 0.000116
18.147037 0.000115
18.155789 0.000115
18.164541 0.000114
18.173293 0.000114
18.182046 0.000113
18.190798 0.000113
18.199550 0.000112
18.208302 0.000112
18.217054 0.000111
18.225806 0.000111
18.234559 0.000111
18.243311 0.000110
18.252063 0.000110
18.260815 0.000109
18.269567 0.000109
18.278320 0.000109
18.287072 0.000108
18.295824 0.000108
18.304576 0.000107
18.313328 0.000107
18.322081 0.000107
18.330833 0.000106
18.339585 0.000106
18.348337 0.000105
18.357089 0.000105
18.365841 0.000105
18.374594 0.000104
18.383346 0.000104
18.392098 0.000104
18.400850 0.000103
18.409602 0.000103
18.418355 0.000102
18.427107 0.000102
18.435859 0.000102
18.444611 0.000101
18.453363 0.000101
18.462116 0.000101
18.470868 0.000100
18.479620 0.000100
18.488372 0.000100
18.497124 0.000099
18.505876 0.000099
18.514629 0.000099
18.523381 0.000098
18.532133 0.000098
18.540885 0.000098
18.549637 0.000098
18.558390 0.000097
18.567142 0.000097
18.575894 0.000097
18.584646 0.000096
18.593398 0.000096
18.602151 0.000096
18.610903 0.000095
18.619655 0.000095
18.628407 0.000095
18.637159 0.000095
18.645911 0.000094
18.654664 0.000094
18.663416 0.000094
18.672168 0.000093
18.680920 0.000093
18.689672 0.000093
18.698425 0.000093
18.707177 0.000092
18.715929 0.000092
18.724681 0.000092
18.733433 0.000092
18.742186 0.000091
18.750938 0.000091
18.759690 0.000091
18.768442 0.000091
18.777194 0.000090
18.785946 0.000090
18.794699 0.000090
18.803451 0.000090
18.812203 0.000089
18.820955 0.000089
18.829707 0.000089
18.838460 0.000089
18.847212 0.000089
18.855964 0.000088
18.864716 0.000088
18.873468 0.000088
18.882221 0.000088
18.890973 0.000087
18.899725 0.000087
18.908477 0.000087
18.917229 0.000087
18.925981 0.000087
18.934734 0.000086
18.943486 0.000086
18.952238 0.000086
18.960990 0.000086
18.969742 0.000086
18.978495 0.000086
18.987247 0.000085
18.995999 0.000085
19.004751 0.000085
19.013503 0.000085
19.022256 0.000085
19.031008 0.000084
19.039760 0.000084
19.048512 0.000084
19.057264 0.000084
19.066017 0.000084
19.074769 0.000084
19.083521 0.000084
19.092273 0.000083
19.101025 0.000083
19.109777 0.000083
19.118530 0.000083
19.127282 0.000083
19.136034 0.000083
19.144786 0.000083
19.153538 0.000083
19.162291 0.000082
19.171043 0.000082
19.179795 0.000082
19.188547 0.000082
19.197299 0.000082
19.206052 0.000082
19.214804 0.000082
19.223556 0.000082
19.232308 0.000082
19.241060 0.000082
19.249812 0.000081
19.258565 0.000081
19.267317 0.000081
19.276069 0.000081
19.284821 0.000081
19.293573 0.000081
19.302326 0.000081
19.311078 0.000081
19.319830 0.000081
19.328582 0.000081
19.337334 0.000081
19.346087 0.000081
19.354839 0.000081
19.363591 0.000081
19.372343 0.000081
19.381095 0.000081
19.389847 0.000081
19.398600 0.000081
19.407352 0.000081
19.416104 0.000081
19.424856 0.000081
19.433608 0.000081
19.442361 0.000081
19.451113 0.000081
19.459865 0.000081
19.468617 0.000081
19.477369 0.000081
19.486122 0.000081
19.494874 0.000081
19.503626 0.000082
19.512378 0.000082
19.521130 0.000082
19.529882 0.000082
19.538635 0.000082
19.547387 0.000082
19.556139 0.000082
19.564891 0.000083
19.573643 0.000083
19.582396 0.000083
19.591148 0.000083
19.599900 0.000083
19.608652 0.000084
19.617404 0.000084
19.626157 0.000084
19.634909 0.000084
19.643661 0.000085
19.652413 0.000085
19.661165 0.000085
19.669917 0.000086
19.678670 0.000086
19.687422 0.000086
19.696174 0.000087
19.704926 0.000087
19.713678 0.000088
19.722431 0.000088
19.731183 0.000089
19.739935 0.000089
19.748687 0.000090
19.757439 0.000090
19.766192 0.000091
19.774944 0.000091
19.783696 0.000092
19.792448 0.000093
19.801200 0.000093
19.809952 0.000094
19.818705 0.000095
19.827457 0.000096
19.836209 0.000096
19.844961 0.000097
19.853713 0.000098
19.862466 0.000099
19.871218 0.000100
19.879970 0.000101
19.888722 0.000102
19.897474 0.000103
19.906227 0.000104
19.914979 0.000105
19.923731 0.000107
19.932483 0.000108
19.941235 0.000109
19.949987 0.000111
19.958740 0.000112
19.967492 0.000113
19.976244 0.000115
19.984996 0.000117
19.993748 0.000118
20.002501 0.000120
20.011253 0.000122
20.020005 0.000124
20.028757 0.000126
20.037509 0.000128
20.046262 0.000130
20.055014 0.000132
20.063766 0.000135
20.072518 0.000137
20.081270 0.000140
20.090023 0.000142
20.098775 0.000145
20.107527 0.000148
20.116279 0.000151
20.125031 0.000155
20.133783 0.000158
20.142536 0.000162
20.151288 0.000166
20.160040 0.000169
20.168792 0.000174
20.177544 0.000178
20.186297 0.000182
20.195049 0.000187
20.203801 0.000192
20.212553 0.000197
20.221305 0.000202
20.230058 0.000207
20.238810 0.000212
20.247562 0.000218
20.256314 0.000224
20.265066 0.000230
20.273818 0.000236
20.282571 0.000242
20.291323 0.000248
20.300075 0.000254
20.308827 0.000260
20.317579 0.000266
20.326332 0.000273
20.335084 0.000279
20.343836 0.000285
20.352588 0.000291
20.361340 0.000297
20.370093 0.000302
20.378845 0.000308
20.387597 0.000313
20.396349 0.000318
20.405101 0.000323
20.413853 0.000327
20.422606 0.000331
20.431358 0.000335
20.440110 0.000338
20.448862 0.000341
20.457614 0.000344
20.466367 0.000346
20.475119 0.000347
20.483871 0.000348
20.492623 0.000349
20.501375 0.000349
20.510128 0.000348
20.518880 0.000347
20.527632 0.000346
20.536384 0.000344
20.545136 0.000341
20.553888 0.000338
20.562641 0.000335
20.571393 0.000331
20.580145 0.000327
20.588897 0.000322
20.597649 0.000318
20.606402 0.000312
20.615154 0.000307
20.623906 0.000301
20.632658 0.000295
20.641410 0.000289
20.650163 0.000283
20.658915 0.000277
20.667667 0.000270
20.676419 0.000264
20.685171 0.000257
20.693923 0.000251
20.702676 0.000244
20.711428 0.000237
20.720180 0.000231
20.728932 0.000225
20.737684 0.000218
20.746437 0.000212
20.755189 0.000206
20.763941 0.000200
20.772693 0.000195
20.781445 0.000189
20.790198 0.000184
20.798950 0.000178
20.807702 0.000173
20.816454 0.000168
20.825206 0.000164
20.833958 0.000159
20.842711 0.000155
20.851463 0.000150
20.860215 0.000146
20.868967 0.000143
20.877719 0.000139
20.886472 0.000135
20.895224 0.000132
20.903976 0.000129
20.912728 0.000125
20.921480 0.000122
20.930233 0.000120
20.938985 0.000117
20.947737 0.000114
20.956489 0.000112
20.965241 0.000109
20.973993 0.000107
20.982746 0.000105
20.991498 0.000103
21.000250 0.000101
21.009002 0.000099
21.017754 0.000097
21.026507 0.000095
21.035259 0.000094
21.044011 0.000092
21.052763 0.000090
21.061515 0.000089
21.070268 0.000087
21.079020 0.000086
21.087772 0.000085
21.096524 0.000083
21.105276 0.000082
21.114029 0.000081
21.122781 0.000080
21.131533 0.000079
21.140285 0.000078
21.149037 0.000077
21.157789 0.000076
21.166542 0.000075
21.175294 0.000074
21.184046 0.000073
21.192798 0.000072
21.201550 0.000071
21.210303 0.000071
21.219055 0.000070
21.227807 0.000069
21.236559 0.000068
21.245311 0.000068
21.254064 0.000067
21.262816 0.000066
21.271568 0.000066
21.280320 0.000065
21.289072 0.000064
21.297824 0.000064
21.306577 0.000063
21.315329 0.000063
21.324081 0.000062
21.332833 0.000062
21.341585 0.000061
21.350338 0.000061
21.359090 0.000060
21.367842 0.000060
21.376594 0.000059
21.385346 0.000059
21.394099 0.000058
21.402851 0.000058
21.411603 0.000057
21.420355 0.000057
21.429107 0.000057
21.437859 0.000056
21.446612 0.000056
21.455364 0.000055
21.464116 0.000055
21.472868 0.000055
21.481620 0.000054
21.490373 0.000054
21.499125 0.000054
21.507877 0.000053
21.516629 0.000053
21.525381 0.000053
21.534134 0.000052
21.542886 0.000052
21.551638 0.000052
21.560390 0.000051
21.569142 0.000051
21.577894 0.000051
21.586647 0.000051
21.595399 0.000050
21.604151 0.000050
21.612903 0.000050
21.621655 0.000050
21.630408 0.000049
21.639160 0.000049
21.647912 0.000049
21.656664 0.000049
21.665416 0.000048
21.674169 0.000048
21.682921 0.000048
21.691673 0.000048
21.700425 0.000047
21.709177 0.000047
21.717929 0.000047
21.726682 0.000047
21.735434 0.000047
21.744186 0.000046
21.752938 0.000046
21.761690 0.000046
21.770443 0.000046
21.779195 0.000046
21.787947 0.000045
21.796699 0.000045
21.805451 0.000045
21.814204 0.000045
21.822956 0.000045
21.831708 0.000045
21.840460 0.000044
21.849212 0.000044
21.857964 0.000044
21.866717 0.000044
21.875469 0.000044
21.884221 0.000044
21.892973 0.000043
21.901725 0.000043
21.910478 0.000043
21.919230 0.000043
21.927982 0.000043
21.936734 0.000043
21.945486 0.000042
21.954239 0.000042
21.962991 0.000042
21.971743 0.000042
21.980495 0.000042
21.989247 0.000042
21.997999 0.000042
22.006752 0.000041
22.015504 0.000041
22.024256 0.000041
22.033008 0.000041
22.041760 0.000041
22.050513 0.000041
22.059265 0.000041
22.068017 0.000041
22.076769 0.000040
22.085521 0.000040
22.094274 0.000040
22.103026 0.000040
22.111778 0.000040
22.120530 0.000040
22.129282 0.000040
22.138035 0.000040
22.146787 0.000039
22.155539 0.000039
22.164291 0.000039
22.173043 0.000039
22.181795 0.000039
22.190548 0.000039
22.199300 0.000039
22.208052 0.000039
22.216804 0.000039
22.225556 0.000038
22.234309 0.000038
22.243061 0.000038
22.251813 0.000038
22.260565 0.000038
22.269317 0.000038
22.278070 0.000038
22.286822 0.000038
22.295574 0.000038
22.304326 0.000037
22.313078 0.000037
22.321830 0.000037
22.330583 0.000037
22.339335 0.000037
22.348087 0.000037
22.356839 0.000037
22.365591 0.000037
22.374344 0.000037
22.383096 0.000037
22.391848 0.000037
22.400600 0.000036
22.409352 0.000036
22.418105 0.000036
22.426857 0.000036
22.435609 0.000036
22.444361 0.000036
22.453113 0.000036
22.461865 0.000036
22.470618 0.000036
22.479370 0.000036
22.488122 0.000036
22.496874 0.000035
22.505626 0.000035
22.514379 0.000035
22.523131 0.000035
22.531883 0.000035
22.540635 0.000035
22.549387 0.000035
22.558140 0.000035
22.566892 0.000035
22.575644 0.000035
22.584396 0.000035
22.593148 0.000035
22.601900 0.000034
22.610653 0.000034
22.619405 0.000034
22.628157 0.000034
22.636909 0.000034
22.645661 0.000034
22.654414 0.000034
22.663166 0.000034
22.671918 0.000034
22.680670 0.000034
22.689422 0.000034
22.698175 0.000034
22.706927 0.000034
22.715679 0.000034
22.724431 0.000033
22.733183 0.000033
22.741935 0.000033
22.750688 0.000033
22.759440 0.000033
22.768192 0.000033
22.776944 0.000033
22.785696 0.000033
22.794449 0.000033
22.803201 0.000033
22.811953 0.000033
22.820705 0.000033
22.829457 0.000033
22.838210 0.000033
22.846962 0.000032
22.855714 0.000032
22.864466 0.000032
22.873218 0.000032
22.881970 0.000032
22.890723 0.000032
22.899475 0.000032
22.908227 0.000032
22.916979 0.000032
22.925731 0.000032
22.934484 0.000032
22.943236 0.000032
22.951988 0.000032
22.960740 0.000032
22.969492 0.000032
22.978245 0.000031
22.986997 0.000031
22.995749 0.000031
23.004501 0.000031
23.013253 0.000031
23.022006 0.000031
23.030758 0.000031
23.039510 0.000031
23.048262 0.000031
23.057014 0.000031
23.065766 0.000031
23.074519 0.000031
23.083271 0.000031
23.092023 0.000031
23.100775 0.000031
23.109527 0.000031
23.118280 0.000031
23.127032 0.000030
23.135784 0.000030
23.144536 0.000030
23.153288 0.000030
23.162041 0.000030
23.170793 0.000030
23.179545 0.000030
23.188297 0.000030
23.197049 0.000030
23.205801 0.000030
23.214554 0.000030
23.223306 0.000030
23.232058 0.000030
23.240810 0.000030
23.249562 0.000030
23.258315 0.000030
23.267067 0.000030
23.275819 0.000030
23.284571 0.000030
23.293323 0.000029
23.302076 0.000029
23.310828 0.000029
23.319580 0.000029
23.328332 0.000029
23.337084 0.000029
23.345836 0.000029
23.354589 0.000029
23.363341 0.000029
23.372093 0.000029
23.380845 0.000029
23.389597 0.000029
23.398350 0.000029
23.407102 0.000029
23.415854 0.000029
23.424606 0.000029
23.433358 0.000029
23.442111 0.000029
23.450863 0.000029
23.459615 0.000028
23.468367 0.000028
23.477119 0.000028
23.485871 0.000028
23.494624 0.000028
23.503376 0.000028
23.512128 0.000028
23.520880 0.000028
23.529632 0.000028
23.538385 0.000028
23.547137 0.000028
23.555889 0.000028
23.564641 0.000028
23.573393 0.000028
23.582146 0.000028
23.590898 0.000028
23.599650 0.000028
23.608402 0.000028
23.617154 0.000028
23.625906 0.000028
23.634659 0.000028
23.643411 0.000028
23.652163 0.000027
23.660915 0.000027
23.669667 0.000027
23.678420 0.000027
23.687172 0.000027
23.695924 0.000027
23.704676 0.000027
23.713428 0.000027
23.722181 0.000027
23.730933 0.000027
23.739685 0.000027
23.748437 0.000027
23.757189 0.000027
23.765941 0.000027
23.774694 0.000027
23.783446 0.000027
23.792198 0.000027
23.800950 0.000027
23.809702 0.000027
23.818455 0.000027
23.827207 0.000027
23.835959 0.000027
23.844711 0.000027
23.853463 0.000026
23.862216 0.000026
23.870968 0.000026
23.879720 0.000026
23.888472 0.000026
23.897224 0.000026
23.905976 0.000026
23.914729 0.000026
23.923481 0.000026
23.932233 0.000026
23.940985 0.000026
23.949737 0.000026
23.958490 0.000026
23.967242 0.000026
23.975994 0.000026
23.984746 0.000026
23.993498 0.000026
24.002251 0.000026
24.011003 0.000026
24.019755 0.000026
24.028507 0.000026
24.037259 0.000026
24.046012 0.000026
24.054764 0.000026
24.063516 0.000026
24.072268 0.000025
24.081020 0.000025
24.089772 0.000025
24.098525 0.000025
24.107277 0.000025
24.116029 0.000025
24.124781 0.000025
24.133533 0.000025
24.142286 0.000025
24.151038 0.000025
24.159790 0.000025
24.168542 0.000025
24.177294 0.000025
24.186047 0.000025
24.194799 0.000025
24.203551 0.000025
24.212303 0.000025
24.221055 0.000025
24.229807 0.000025
24.238560 0.000025
24.247312 0.000025
24.256064 0.000025
24.264816 0.000025
24.273568 0.000025
24.282321 0.000025
24.291073 0.000025
24.299825 0.000025
24.308577 0.000024
24.317329 0.000024
24.326082 0.000024
24.334834 0.000024
24.343586 0.000024
24.352338 0.000024
24.361090 0.000024
24.369842 0.000024
24.378595 0.000024
24.387347 0.000024
24.396099 0.000024
24.404851 0.000024
24.413603 0.000024
24.422356 0.000024
24.431108 0.000024
24.439860 0.000024
24.448612 0.000024
24.457364 0.000024
24.466117 0.000024
24.474869 0.000024
24.483621 0.000024
24.492373 0.000024
24.501125 0.000024
24.509877 0.000024
24.518630 0.000024
24.527382 0.000024
24.536134 0.000024
24.544886 0.000024
24.553638 0.000024
24.562391 0.000023
24.571143 0.000023
24.579895 0.000023
24.588647 0.000023
24.597399 0.000023
24.606152 0.000023
24.614904 0.000023
24.623656 0.000023
24.632408 0.000023
24.641160 0.000023
24.649912 0.000023
24.658665 0.000023
24.667417 0.000023
24.676169 0.000023
24.684921 0.000023
24.693673 0.000023
24.702426 0.000023
24.711178 0.000023
24.719930 0.000023
24.728682 0.000023
24.737434 0.000023
24.746187 0.000023
24.754939 0.000023
24.763691 0.000023
24.772443 0.000022
24.781195 0.000022
24.789947 0.000022
24.798700 0.000022
24.807452 0.000022
24.816204 0.000022
24.824956 0.000022
24.833708 0.000021
24.842461 0.000021
24.851213 0.000021
24.859965 0.000021
24.868717 0.000020
24.877469 0.000020
24.886222 0.000019
24.894974 0.000019
24.903726 0.000018
24.912478 0.000018
24.921230 0.000017
24.929982 0.000017
24.938735 0.000016
24.947487 0.000015
24.956239 0.000015
24.964991 0.000014
24.973743 0.000013
24.982496 0.000012
24.991248 0.000012

Sticks
-4.022256 0.009628
-3.995999 0.004421
-3.952238 0.009086
-3.864716 0.039406
-3.768442 0.032636
-2.525631 0.000013
-2.324331 0.001568
-2.131783 0.003360
-1.904226 0.000614
-1.895474 0.001831
-1.799200 0.000192
-1.790448 0.000576
-1.422856 0.000466
-1.247812 0.000029
-0.547637 0.000501
-0.538885 0.001525
-0.136284 0.000197
-0.013753 0.000003
2.734434 0.000002
2.743186 0.000001
2.786947 0.000007
2.804451 0.000026
2.848212 0.000004
2.891973 0.000000
2.900725 0.000005
3.102026 0.000000
3.163291 0.000186
3.172043 0.000308
3.180795 0.000024
3.233308 0.000050
3.242061 0.000122
3.390848 0.000065
3.399600 0.000193
13.438360 0.007951
13.534634 0.007599
14.514879 0.007292
15.390098 0.000496
15.468867 0.000821
16.064016 0.000192
16.247812 0.000026
16.702926 0.000077
20.011253 0.000004
20.072518 0.000001
20.431358 0.000013
20.440110 0.000039
20.457614 0.000069
20.553888 0.000110
