-10.000000 -0.000038
-9.991248 -0.000040
-9.982496 -0.000043
-9.973743 -0.000045
-9.964991 -0.000048
-9.956239 -0.000050
-9.947487 -0.000052
-9.938735 -0.000055
-9.929982 -0.000057
-9.921230 -0.000059
-9.912478 -0.000060
-9.903726 -0.000062
-9.894974 -0.000064
-9.886222 -0.000065
-9.877469 -0.000067
-9.868717 -0.000068
-9.859965 -0.000069
-9.851213 -0.000070
-9.842461 -0.000071
-9.833708 -0.000072
-9.824956 -0.000073
-9.816204 -0.000073
-9.807452 -0.000074
-9.798700 -0.000074
-9.789947 -0.000075
-9.781195 -0.000075
-9.772443 -0.000076
-9.763691 -0.000076
-9.754939 -0.000077
-9.746187 -0.000077
-9.737434 -0.000077
-9.728682 -0.000078
-9.719930 -0.000078
-9.711178 -0.000078
-9.702426 -0.000078
-9.693673 -0.000079
-9.684921 -0.000079
-9.676169 -0.000079
-9.667417 -0.000079
-9.658665 -0.000080
-9.649912 -0.000080
-9.641160 -0.000080
-9.632408 -0.000080
-9.623656 -0.000081
-9.614904 -0.000081
-9.606152 -0.000081
-9.597399 -0.000082
-9.588647 -0.000082
-9.579895 -0.000082
-9.571143 -0.000082
-9.562391 -0.000083
-9.553638 -0.000083
-9.544886 -0.000083
-9.536134 -0.000083
-9.527382 -0.000084
-9.518630 -0.000084
-9.509877 -0.000084
-9.501125 -0.000084
-9.492373 -0.000085
-9.483621 -0.000085
-9.474869 -0.000085
-9.466117 -0.000086
-9.457364 -0.000086
-9.448612 -0.000086
-9.439860 -0.000086
-9.431108 -0.000087
-9.422356 -0.000087
-9.413603 -0.000087
-9.404851 -0.000088
-9.396099 -0.000088
-9.387347 -0.000088
-9.378595 -0.000088
-9.369842 -0.000089
-9.361090 -0.000089
-9.352338 -0.000089
-9.343586 -0.000090
-9.334834 -0.000090
-9.326082 -0.000090
-9.317329 -0.000091
-9.308577 -0.000091
-9.299825 -0.000091
-9.291073 -0.000091
-9.282321 -0.000092
-9.273568 -0.000092
-9.264816 -0.000092
-9.256064 -0.000093
-9.247312 -0.000093
-9.238560 -0.000093
-9.229807 -0.000094
-9.221055 -0.000094
-9.212303 -0.000094
-9.203551 -0.000095
-9.194799 -0.000095
-9.186047 -0.000095
-9.177294 -0.000096
-9.168542 -0.000096
-9.159790 -0.000096
-9.151038 -0.000097
-9.142286 -0.000097
-9.133533 -0.000097
-9.124781 -0.000098
-9.116029 -0.000098
-9.107277 -0.000098
-9.098525 -0.000099
-9.089772 -0.000099
-9.081020 -0.000099
-9.072268 -0.000100
-9.063516 -0.000100
-9.054764 -0.000100
-9.046012 -0.000101
-9.037259 -0.000101
-9.028507 -0.000101
-9.019755 -0.000102
-9.011003 -0.000102
-9.002251 -0.000102
-8.993498 -0.000103
-8.984746 -0.000103
-8.975994 -0.000104
-8.967242 -0.000104
-8.958490 -0.000104
-8.949737 -0.000105
-8.940985 -0.000105
-8.932233 -0.000105
-8.923481 -0.000106
-8.914729 -0.000106
-8.905976 -0.000107
-8.897224 -0.000107
-8.888472 -0.000107
-8.879720 -0.000108
-8.870968 -0.000108
-8.862216 -0.000109
-8.853463 -0.000109
-8.844711 -0.000109
-8.835959 -0.000110
-8.827207 -0.000110
-8.818455 -0.000111
-8.809702 -0.000111
-8.800950 -0.000111
-8.792198 -0.000112
-8.783446 -0.000112
-8.774694 -0.000113
-8.765941 -0.000113
-8.757189 -0.000113
-8.748437 -0.000114
-8.739685 -0.000114
-8.730933 -0.000115
-8.722181 -0.000115
-8.713428 -0.000116
-8.704676 -0.000116
-8.695924 -0.000116
-8.687172 -0.000117
-8.678420 -0.000117
-8.669667 -0.000118
-8.660915 -0.000118
-8.652163 -0.000119
-8.643411 -0.000119
-8.634659 -0.000120
-8.625906 -0.000120
-8.617154 -0.000120
-8.608402 -0.000121
-8.599650 -0.000121
-8.590898 -0.000122
-8.582146 -0.000122
-8.573393 -0.000123
-8.564641 -0.000123
-8.555889 -0.000124
-8.547137 -0.000124
-8.538385 -0.000125
-8.529632 -0.000125
-8.520880 -0.000126
-8.512128 -0.000126
-8.503376 -0.000127
-8.494624 -0.000127
-8.485871 -0.000128
-8.477119 -0.000128
-8.468367 -0.000129
-8.459615 -0.000129
-8.450863 -0.000130
-8.442111 -0.000130
-8.433358 -0.000131
-8.424606 -0.000131
-8.415854 -0.000132
-8.407102 -0.000132
-8.398350 -0.000133
-8.389597 -0.000133
-8.380845 -0.000134
-8.372093 -0.000134
-8.363341 -0.000135
-8.354589 -0.000135
-8.345836 -0.000136
-8.337084 -0.000137
-8.328332 -0.000137
-8.319580 -0.000138
-8.310828 -0.000138
-8.302076 -0.000139
-8.293323 -0.000139
-8.284571 -0.000140
-8.275819 -0.000141
-8.267067 -0.000141
-8.258315 -0.000142
-8.249562 -0.000142
-8.240810 -0.000143
-8.232058 -0.000143
-8.223306 -0.000144
-8.214554 -0.000145
-8.205801 -0.000145
-8.197049 -0.000146
-8.188297 -0.000146
-8.179545 -0.000147
-8.170793 -0.000148
-8.162041 -0.000148
-8.153288 -0.000149
-8.144536 -0.000150
-8.135784 -0.000150
-8.127032 -0.000151
-8.118280 -0.000151
-8.109527 -0.000152
-8.100775 -0.000153
-8.092023 -0.000153
-8.083271 -0.000154
-8.074519 -0.000155
-8.065766 -0.000155
-8.057014 -0.000156
-8.048262 -0.000157
-8.039510 -0.000157
-8.030758 -0.000158
-8.022006 -0.000159
-8.013253 -0.000159
-8.004501 -0.000160
-7.995749 -0.000161
-7.986997 -0.000162
-7.978245 -0.000162
-7.969492 -0.000163
-7.960740 -0.000164
-7.951988 -0.000164
-7.943236 -0.000165
-7.934484 -0.000166
-7.925731 -0.000167
-7.916979 -0.000167
-7.908227 -0.000168
-7.899475 -0.000169
-7.890723 -0.000170
-7.881970 -0.000170
-7.873218 -0.000171
-7.864466 -0.000172
-7.855714 -0.000173
-7.846962 -0.000174
-7.838210 -0.000174
-7.829457 -0.000175
-7.820705 -0.000176
-7.811953 -0.000177
-7.803201 -0.000177
-7.794449 -0.000178
-7.785696 -0.000179
-7.776944 -0.000180
-7.768192 -0.000181
-7.759440 -0.000182
-7.750688 -0.000182
-7.741935 -0.000183
-7.733183 -0.000184
-7.724431 -0.000185
-7.715679 -0.000186
-7.706927 -0.000187
-7.698175 -0.000188
-7.689422 -0.000188
-7.680670 -0.000189
-7.671918 -0.000190
-7.663166 -0.000191
-7.654414 -0.000192
-7.645661 -0.000193
-7.636909 -0.000194
-7.628157 -0.000195
-7.619405 -0.000196
-7.610653 -0.000197
-7.601900 -0.000198
-7.593148 -0.000199
-7.584396 -0.000200
-7.575644 -0.000201
-7.566892 -0.000202
-7.558140 -0.000202
-7.549387 -0.000203
-7.540635 -0.000204
-7.531883 -0.000205
-7.523131 -0.000206
-7.514379 -0.000207
-7.505626 -0.000209
-7.496874 -0.000210
-7.488122 -0.000211
-7.479370 -0.000212
-7.470618 -0.000213
-7.461865 -0.000214
-7.453113 -0.000215
-7.444361 -0.000216
-7.435609 -0.000217
-7.426857 -0.000218
-7.418105 -0.000219
-7.409352 -0.000220
-7.400600 -0.000221
-7.391848 -0.000223
-7.383096 -0.000224
-7.374344 -0.000225
-7.365591 -0.000226
-7.356839 -0.000227
-7.348087 -0.000228
-7.339335 -0.000229
-7.330583 -0.000231
-7.321830 -0.000232
-7.313078 -0.000233
-7.304326 -0.000234
-7.295574 -0.000235
-7.286822 -0.000237
-7.278070 -0.000238
-7.269317 -0.000239
-7.260565 -0.000240
-7.251813 -0.000242
-7.243061 -0.000243
-7.234309 -0.000244
-7.225556 -0.000246
-7.216804 -0.000247
-7.208052 -0.000248
-7.199300 -0.000250
-7.190548 -0.000251
-7.181795 -0.000252
-7.173043 -0.000254
-7.164291 -0.000255
-7.155539 -0.000256
-7.146787 -0.000258
-7.138035 -0.000259
-7.129282 -0.000261
-7.120530 -0.000262
-7.111778 -0.000263
-7.103026 -0.000265
-7.094274 -0.000266
-7.085521 -0.000268
-7.076769 -0.000269
-7.068017 -0.000271
-7.059265 -0.000272
-7.050513 -0.000274
-7.041760 -0.000275
-7.033008 -0.000277
-7.024256 -0.000278
-7.015504 -0.000280
-7.006752 -0.000282
-6.997999 -0.000283
-6.989247 -0.000285
-6.980495 -0.000286
-6.971743 -0.000288
-6.962991 -0.000290
-6.954239 -0.000291
-6.945486 -0.000293
-6.936734 -0.000295
-6.927982 -0.000296
-6.919230 -0.000298
-6.910478 -0.000300
-6.901725 -0.000302
-6.892973 -0.000303
-6.884221 -0.000305
-6.875469 -0.000307
-6.866717 -0.000309
-6.857964 -0.000311
-6.849212 -0.000313
-6.840460 -0.000314
-6.831708 -0.000316
-6.822956 -0.000318
-6.814204 -0.000320
-6.805451 -0.000322
-6.796699 -0.000324
-6.787947 -0.000326
-6.779195 -0.000328
-6.770443 -0.000330
-6.761690 -0.000332
-6.752938 -0.000334
-6.744186 -0.000336
-6.735434 -0.000338
-6.726682 -0.000340
-6.717929 -0.000342
-6.709177 -0.000344
-6.700425 -0.000347
-6.691673 -0.000349
-6.682921 -0.000351
-6.674169 -0.000353
-6.665416 -0.000355
-6.656664 -0.000358
-6.647912 -0.000360
-6.639160 -0.000362
-6.630408 -0.000365
-6.621655 -0.000367
-6.612903 -0.000369
-6.604151 -0.000372
-6.595399 -0.000374
-6.586647 -0.000376
-6.577894 -0.000379
-6.569142 -0.000381
-6.560390 -0.000384
-6.551638 -0.000386
-6.542886 -0.000389
-6.534134 -0.000392
-6.525381 -0.000394
-6.516629 -0.000397
-6.507877 -0.000399
-6.499125 -0.000402
-6.490373 -0.000405
-6.481620 -0.000408
-6.472868 -0.000410
-6.464116 -0.000413
-6.455364 -0.000416
-6.446612 -0.000419
-6.437859 -0.000422
-6.429107 -0.000424
-6.420355 -0.000427
-6.411603 -0.000430
-6.402851 -0.000433
-6.394099 -0.000436
-6.385346 -0.000439
-6.376594 -0.000442
-6.367842 -0.000446
-6.359090 -0.000449
-6.350338 -0.000452
-6.341585 -0.000455
-6.332833 -0.000458
-6.324081 -0.000462
-6.315329 -0.000465
-6.306577 -0.000468
-6.297824 -0.000472
-6.289072 -0.000475
-6.280320 -0.000478
-6.271568 -0.000482
-6.262816 -0.000485
-6.254064 -0.000489
-6.245311 -0.000493
-6.236559 -0.000496
-6.227807 -0.000500
-6.219055 -0.000504
-6.210303 -0.000507
-6.201550 -0.000511
-6.192798 -0.000515
-6.184046 -0.000519
-6.175294 -0.000523
-6.166542 -0.000527
-6.157789 -0.000531
-6.149037 -0.000535
-6.140285 -0.000539
-6.131533 -0.000543
-6.122781 -0.000547
-6.114029 -0.000552
-6.105276 -0.000556
-6.096524 -0.000560
-6.087772 -0.000565
-6.079020 -0.000569
-6.070268 -0.000574
-6.061515 -0.000578
-6.052763 -0.000583
-6.044011 -0.000587
-6.035259 -0.000592
-6.026507 -0.000597
-6.017754 -0.000602
-6.009002 -0.000607
-6.000250 -0.000612
-5.991498 -0.000617
-5.982746 -0.000622
-5.973993 -0.000627
-5.965241 -0.000632
-5.956489 -0.000637
-5.947737 -0.000643
-5.938985 -0.000648
-5.930233 -0.000653
-5.921480 -0.000659
-5.912728 -0.000664
-5.903976 -0.000670
-5.895224 -0.000676
-5.886472 -0.000682
-5.877719 -0.000688
-5.868967 -0.000693
-5.860215 -0.000699
-5.851463 -0.000706
-5.842711 -0.000712
-5.833958 -0.000718
-5.825206 -0.000724
-5.816454 -0.000731
-5.807702 -0.000737
-5.798950 -0.000744
-5.790198 -0.000750
-5.781445 -0.000757
-5.772693 -0.000764
-5.763941 -0.000771
-5.755189 -0.000778
-5.746437 -0.000785
-5.737684 -0.000792
-5.728932 -0.000800
-5.720180 -0.000807
-5.711428 -0.000815
-5.702676 -0.000822
-5.693923 -0.000830
-5.685171 -0.000838
-5.676419 -0.000846
-5.667667 -0.000854
-5.658915 -0.000862
-5.650163 -0.000870
-5.641410 -0.000879
-5.632658 -0.000887
-5.623906 -0.000896
-5.615154 -0.000905
-5.606402 -0.000914
-5.597649 -0.000923
-5.588897 -0.000932
-5.580145 -0.000941
-5.571393 -0.000951
-5.562641 -0.000960
-5.553888 -0.000970
-5.545136 -0.000980
-5.536384 -0.000990
-5.527632 -0.001000
-5.518880 -0.001010
-5.510128 -0.001021
-5.501375 -0.001031
-5.492623 -0.001042
-5.483871 -0.001053
-5.475119 -0.001064
-5.466367 -0.001075
-5.457614 -0.001087
-5.448862 -0.001099
-5.440110 -0.001110
-5.431358 -0.001122
-5.422606 -0.001135
-5.413853 -0.001147
-5.405101 -0.001160
-5.396349 -0.001173
-5.387597 -0.001186
-5.378845 -0.001199
-5.370093 -0.001212
-5.361340 -0.001226
-5.352588 -0.001240
-5.343836 -0.001254
-5.335084 -0.001268
-5.326332 -0.001283
-5.317579 -0.001298
-5.308827 -0.001313
-5.300075 -0.001328
-5.291323 -0.001344
-5.282571 -0.001360
-5.273818 -0.001376
-5.265066 -0.001393
-5.256314 -0.001410
-5.247562 -0.001427
-5.238810 -0.001444
-5.230058 -0.001462
-5.221305 -0.001480
-5.212553 -0.001498
-5.203801 -0.001517
-5.195049 -0.001536
-5.186297 -0.001555
-5.177544 -0.001575
-5.168792 -0.001595
-5.160040 -0.001616
-5.151288 -0.001637
-5.142536 -0.001658
-5.133783 -0.001680
-5.125031 -0.001702
-5.116279 -0.001724
-5.107527 -0.001747
-5.098775 -0.001771
-5.090023 -0.001795
-5.081270 -0.001819
-5.072518 -0.001844
-5.063766 -0.001869
-5.055014 -0.001895
-5.046262 -0.001922
-5.037509 -0.001949
-5.028757 -0.001976
-5.020005 -0.002004
-5.011253 -0.002033
-5.002501 -0.002062
-4.993748 -0.002092
-4.984996 -0.002123
-4.976244 -0.002154
-4.967492 -0.002186
-4.958740 -0.002219
-4.949987 -0.002252
-4.941235 -0.002286
-4.932483 -0.002321
-4.923731 -0.002357
-4.914979 -0.002393
-4.906227 -0.002430
-4.897474 -0.002468
-4.888722 -0.002507
-4.879970 -0.002547
-4.871218 -0.002588
-4.862466 -0.002630
-4.853713 -0.002673
-4.844961 -0.002717
-4.836209 -0.002761
-4.827457 -0.002807
-4.818705 -0.002855
-4.809952 -0.002903
-4.801200 -0.002952
-4.792448 -0.003003
-4.783696 -0.003055
-4.774944 -0.003108
-4.766192 -0.003163
-4.757439 -0.003219
-4.748687 -0.003277
-4.739935 -0.003336
-4.731183 -0.003397
-4.722431 -0.003459
-4.713678 -0.003523
-4.704926 -0.003589
-4.696174 -0.003656
-4.687422 -0.003726
-4.678670 -0.003797
-4.669917 -0.003871
-4.661165 -0.003946
-4.652413 -0.004024
-4.643661 -0.004104
-4.634909 -0.004186
-4.626157 -0.004271
-4.617404 -0.004358
-4.608652 -0.004448
-4.599900 -0.004540
-4.591148 -0.004635
-4.582396 -0.004734
-4.573643 -0.004835
-4.564891 -0.004940
-4.556139 -0.005047
-4.547387 -0.005159
-4.538635 -0.005274
-4.529882 -0.005392
-4.521130 -0.005515
-4.512378 -0.005641
-4.503626 -0.005772
-4.494874 -0.005907
-4.486122 -0.006047
-4.477369 -0.006192
-4.468617 -0.006341
-4.459865 -0.006496
-4.451113 -0.006657
-4.442361 -0.006823
-4.433608 -0.006995
-4.424856 -0.007173
-4.416104 -0.007358
-4.407352 -0.007550
-4.398600 -0.007749
-4.389847 -0.007956
-4.381095 -0.008170
-4.372343 -0.008393
-4.363591 -0.008624
-4.354839 -0.008865
-4.346087 -0.009115
-4.337334 -0.009376
-4.328582 -0.009647
-4.319830 -0.009929
-4.311078 -0.010223
-4.302326 -0.010531
-4.293573 -0.010851
-4.284821 -0.011186
-4.276069 -0.011536
-4.267317 -0.011902
-4.258565 -0.012285
-4.249812 -0.012687
-4.241060 -0.013108
-4.232308 -0.013551
-4.223556 -0.014016
-4.214804 -0.014506
-4.206052 -0.015022
-4.197299 -0.015566
-4.188547 -0.016140
-4.179795 -0.016746
-4.171043 -0.017387
-4.162291 -0.018065
-4.153538 -0.018782
-4.144786 -0.019542
-4.136034 -0.020346
-4.127282 -0.021197
-4.118530 -0.022097
-4.109777 -0.023050
-4.101025 -0.024057
-4.092273 -0.025121
-4.083521 -0.026242
-4.074769 -0.027423
-4.066017 -0.028665
-4.057264 -0.029968
-4.048512 -0.031332
-4.039760 -0.032756
-4.031008 -0.034239
-4.022256 -0.035778
-4.013503 -0.037372
-4.004751 -0.039015
-3.995999 -0.040703
-3.987247 -0.042431
-3.978495 -0.044193
-3.969742 -0.045979
-3.960990 -0.047783
-3.952238 -0.049596
-3.943486 -0.051407
-3.934734 -0.053207
-3.925981 -0.054985
-3.917229 -0.056728
-3.908477 -0.058427
-3.899725 -0.060070
-3.890973 -0.061644
-3.882221 -0.063139
-3.873468 -0.064543
-3.864716 -0.065847
-3.855964 -0.067041
-3.847212 -0.068115
-3.838460 -0.069063
-3.829707 -0.069875
-3.820955 -0.070548
-3.812203 -0.071077
-3.803451 -0.071457
-3.794699 -0.071688
-3.785946 -0.071767
-3.777194 -0.071697
-3.768442 -0.071479
-3.759690 -0.071116
-3.750938 -0.070613
-3.742186 -0.069974
-3.733433 -0.069206
-3.724681 -0.068316
-3.715929 -0.067313
-3.707177 -0.066205
-3.698425 -0.065001
-3.689672 -0.063711
-3.680920 -0.062343
-3.672168 -0.060909
-3.663416 -0.059417
-3.654664 -0.057879
-3.645911 -0.056302
-3.637159 -0.054696
-3.628407 -0.053071
-3.619655 -0.051434
-3.610903 -0.049793
-3.602151 -0.048155
-3.593398 -0.046528
-3.584646 -0.044917
-3.575894 -0.043328
-3.567142 -0.041765
-3.558390 -0.040233
-3.549637 -0.038735
-3.540885 -0.037275
-3.532133 -0.035854
-3.523381 -0.034476
-3.514629 -0.033141
-3.505876 -0.031850
-3.497124 -0.030605
-3.488372 -0.029405
-3.479620 -0.028250
-3.470868 -0.027141
-3.462116 -0.026076
-3.453363 -0.025056
-3.444611 -0.024078
-3.435859 -0.023141
-3.427107 -0.022246
-3.418355 -0.021390
-3.409602 -0.020572
-3.400850 -0.019790
-3.392098 -0.019044
-3.383346 -0.018332
-3.374594 -0.017651
-3.365841 -0.017002
-3.357089 -0.016382
-3.348337 -0.015790
-3.339585 -0.015225
-3.330833 -0.014685
-3.322081 -0.014170
-3.313328 -0.013677
-3.304576 -0.013207
-3.295824 -0.012757
-3.287072 -0.012326
-3.278320 -0.011914
-3.269567 -0.011520
-3.260815 -0.011142
-3.252063 -0.010781
-3.243311 -0.010434
-3.234559 -0.010102
-3.225806 -0.009783
-3.217054 -0.009477
-3.208302 -0.009183
-3.199550 -0.008900
-3.190798 -0.008629
-3.182046 -0.008368
-3.173293 -0.008116
-3.164541 -0.007874
-3.155789 -0.007641
-3.147037 -0.007416
-3.138285 -0.007199
-3.129532 -0.006990
-3.120780 -0.006788
-3.112028 -0.006593
-3.103276 -0.006405
-3.094524 -0.006222
-3.085771 -0.006046
-3.077019 -0.005875
-3.068267 -0.005710
-3.059515 -0.005549
-3.050763 -0.005394
-3.042011 -0.005243
-3.033258 -0.005096
-3.024506 -0.004954
-3.015754 -0.004816
-3.007002 -0.004681
-2.998250 -0.004550
-2.989497 -0.004423
-2.980745 -0.004299
-2.971993 -0.004178
-2.963241 -0.004060
-2.954489 -0.003944
-2.945736 -0.003832
-2.936984 -0.003722
-2.928232 -0.003614
-2.919480 -0.003509
-2.910728 -0.003406
-2.901975 -0.003305
-2.893223 -0.003206
-2.884471 -0.003109
-2.875719 -0.003014
-2.866967 -0.002920
-2.858215 -0.002828
-2.849462 -0.002737
-2.840710 -0.002648
-2.831958 -0.002560
-2.823206 -0.002473
-2.814454 -0.002388
-2.805701 -0.002303
-2.796949 -0.002220
-2.788197 -0.002137
-2.779445 -0.002055
-2.770693 -0.001974
-2.761940 -0.001894
-2.753188 -0.001814
-2.744436 -0.001735
-2.735684 -0.001656
-2.726932 -0.001577
-2.718180 -0.001499
-2.709427 -0.001421
-2.700675 -0.001343
-2.691923 -0.001265
-2.683171 -0.001187
-2.674419 -0.001109
-2.665666 -0.001030
-2.656914 -0.000951
-2.648162 -0.000871
-2.639410 -0.000791
-2.630658 -0.000709
-2.621905 -0.000627
-2.613153 -0.000543
-2.604401 -0.000458
-2.595649 -0.000371
-2.586897 -0.000282
-2.578145 -0.000191
-2.569392 -0.000098
-2.560640 -0.000002
-2.551888 0.000098
-2.543136 0.000201
-2.534384 0.000308
-2.525631 0.000419
-2.516879 0.000535
-2.508127 0.000656
-2.499375 0.000783
-2.490623 0.000916
-2.481870 0.001055
-2.473118 0.001202
-2.464366 0.001356
-2.455614 0.001519
-2.446862 0.001690
-2.438110 0.001871
-2.429357 0.002061
-2.420605 0.002261
-2.411853 0.002472
-2.403101 0.002693
-2.394349 0.002925
-2.385596 0.003169
-2.376844 0.003424
-2.368092 0.003690
-2.359340 0.003967
-2.350588 0.004256
-2.341835 0.004555
-2.333083 0.004865
-2.324331 0.005185
-2.315579 0.005514
-2.306827 0.005851
-2.298075 0.006196
-2.289322 0.006548
-2.280570 0.006905
-2.271818 0.007267
-2.263066 0.007632
-2.254314 0.007998
-2.245561 0.008365
-2.236809 0.008731
-2.228057 0.009095
-2.219305 0.009455
-2.210553 0.009809
-2.201800 0.010157
-2.193048 0.010496
-2.184296 0.010826
-2.175544 0.011146
-2.166792 0.011454
-2.158040 0.011749
-2.149287 0.012030
-2.140535 0.012297
-2.131783 0.012549
-2.123031 0.012786
-2.114279 0.013006
-2.105526 0.013211
-2.096774 0.013399
-2.088022 0.013570
-2.079270 0.013725
-2.070518 0.013864
-2.061765 0.013986
-2.053013 0.014093
-2.044261 0.014183
-2.035509 0.014259
-2.026757 0.014318
-2.018005 0.014363
-2.009252 0.014394
-2.000500 0.014410
-1.991748 0.014411
-1.982996 0.014399
-1.974244 0.014373
-1.965491 0.014333
-1.956739 0.014279
-1.947987 0.014212
-1.939235 0.014132
-1.930483 0.014038
-1.921730 0.013931
-1.912978 0.013811
-1.904226 0.013677
-1.895474 0.013531
-1.886722 0.013372
-1.877969 0.013200
-1.869217 0.013016
-1.860465 0.012820
-1.851713 0.012613
-1.842961 0.012394
-1.834209 0.012166
-1.825456 0.011927
-1.816704 0.011679
-1.807952 0.011422
-1.799200 0.011157
-1.790448 0.010886
-1.781695 0.010608
-1.772943 0.010325
-1.764191 0.010038
-1.755439 0.009747
-1.746687 0.009453
-1.737934 0.009158
-1.729182 0.008862
-1.720430 0.008566
-1.711678 0.008271
-1.702926 0.007977
-1.694174 0.007686
-1.685421 0.007397
-1.676669 0.007113
-1.667917 0.006832
-1.659165 0.006557
-1.650413 0.006286
-1.641660 0.006022
-1.632908 0.005763
-1.624156 0.005511
-1.615404 0.005266
-1.606652 0.005028
-1.597899 0.004796
-1.589147 0.004572
-1.580395 0.004355
-1.571643 0.004146
-1.562891 0.003944
-1.554139 0.003750
-1.545386 0.003562
-1.536634 0.003383
-1.527882 0.003210
-1.519130 0.003045
-1.510378 0.002887
-1.501625 0.002736
-1.492873 0.002592
-1.484121 0.002454
-1.475369 0.002323
-1.466617 0.002198
-1.457864 0.002080
-1.449112 0.001968
-1.440360 0.001861
-1.431608 0.001760
-1.422856 0.001665
-1.414104 0.001575
-1.405351 0.001490
-1.396599 0.001410
-1.387847 0.001334
-1.379095 0.001263
-1.370343 0.001196
-1.361590 0.001133
-1.352838 0.001074
-1.344086 0.001018
-1.335334 0.000966
-1.326582 0.000916
-1.317829 0.000869
-1.309077 0.000825
-1.300325 0.000784
-1.291573 0.000744
-1.282821 0.000707
-1.274069 0.000671
-1.265316 0.000637
-1.256564 0.000605
-1.247812 0.000573
-1.239060 0.000543
-1.230308 0.000514
-1.221555 0.000486
-1.212803 0.000458
-1.204051 0.000431
-1.195299 0.000405
-1.186547 0.000379
-1.177794 0.000353
-1.169042 0.000328
-1.160290 0.000303
-1.151538 0.000278
-1.142786 0.000253
-1.134034 0.000227
-1.125281 0.000202
-1.116529 0.000177
-1.107777 0.000152
-1.099025 0.000126
-1.090273 0.000101
-1.081520 0.000074
-1.072768 0.000048
-1.064016 0.000022
-1.055264 -0.000005
-1.046512 -0.000033
-1.037759 -0.000061
-1.029007 -0.000089
-1.020255 -0.000118
-1.011503 -0.000147
-1.002751 -0.000178
-0.993998 -0.000208
-0.985246 -0.000240
-0.976494 -0.000272
-0.967742 -0.000305
-0.958990 -0.000339
-0.950238 -0.000374
-0.941485 -0.000410
-0.932733 -0.000446
-0.923981 -0.000484
-0.915229 -0.000524
-0.906477 -0.000564
-0.897724 -0.000606
-0.888972 -0.000649
-0.880220 -0.000693
-0.871468 -0.000739
-0.862716 -0.000786
-0.853963 -0.000835
-0.845211 -0.000885
-0.836459 -0.000937
-0.827707 -0.000991
-0.818955 -0.001046
-0.810203 -0.001102
-0.801450 -0.001161
-0.792698 -0.001220
-0.783946 -0.001281
-0.775194 -0.001344
-0.766442 -0.001407
-0.757689 -0.001472
-0.748937 -0.001538
-0.740185 -0.001604
-0.731433 -0.001671
-0.722681 -0.001739
-0.713928 -0.001806
-0.705176 -0.001874
-0.696424 -0.001940
-0.687672 -0.002007
-0.678920 -0.002072
-0.670168 -0.002135
-0.661415 -0.002197
-0.652663 -0.002257
-0.643911 -0.002314
-0.635159 -0.002369
-0.626407 -0.002420
-0.617654 -0.002468
-0.608902 -0.002512
-0.600150 -0.002552
-0.591398 -0.002588
-0.582646 -0.002619
-0.573893 -0.002645
-0.565141 -0.002667
-0.556389 -0.002683
-0.547637 -0.002694
-0.538885 -0.002700
-0.530133 -0.002700
-0.521380 -0.002695
-0.512628 -0.002686
-0.503876 -0.002671
-0.495124 -0.002652
-0.486372 -0.002628
-0.477619 -0.002599
-0.468867 -0.002567
-0.460115 -0.002531
-0.451363 -0.002491
-0.442611 -0.002449
-0.433858 -0.002404
-0.425106 -0.002356
-0.416354 -0.002306
-0.407602 -0.002255
-0.398850 -0.002203
-0.390098 -0.002149
-0.381345 -0.002095
-0.372593 -0.002041
-0.363841 -0.001986
-0.355089 -0.001932
-0.346337 -0.001878
-0.337584 -0.001825
-0.328832 -0.001773
-0.320080 -0.001722
-0.311328 -0.001672
-0.302576 -0.001624
-0.293823 -0.001576
-0.285071 -0.001530
-0.276319 -0.001486
-0.267567 -0.001443
-0.258815 -0.001402
-0.250063 -0.001362
-0.241310 -0.001324
-0.232558 -0.001287
-0.223806 -0.001252
-0.215054 -0.001217
-0.206302 -0.001185
-0.197549 -0.001153
-0.188797 -0.001122
-0.180045 -0.001093
-0.171293 -0.001065
-0.162541 -0.001037
-0.153788 -0.001011
-0.145036 -0.000985
-0.136284 -0.000960
-0.127532 -0.000935
-0.118780 -0.000911
-0.110028 -0.000888
-0.101275 -0.000866
-0.092523 -0.000843
-0.083771 -0.000822
-0.075019 -0.000801
-0.066267 -0.000780
-0.057514 -0.000759
-0.048762 -0.000739
-0.040010 -0.000720
-0.031258 -0.000701
-0.022506 -0.000682
-0.013753 -0.000663
-0.005001 -0.000645
0.003751 -0.000628
0.012503 -0.000611
0.021255 -0.000594
0.030008 -0.000577
0.038760 -0.000561
0.047512 -0.000546
0.056264 -0.000531
0.065016 -0.000516
0.073768 -0.000502
0.082521 -0.000488
0.091273 -0.000475
0.100025 -0.000462
0.108777 -0.000450
0.117529 -0.000438
0.126282 -0.000426
0.135034 -0.000415
0.143786 -0.000404
0.152538 -0.000394
0.161290 -0.000383
0.170043 -0.000374
0.178795 -0.000365
0.187547 -0.000356
0.196299 -0.000347
0.205051 -0.000339
0.213803 -0.000331
0.222556 -0.000323
0.231308 -0.000316
0.240060 -0.000309
0.248812 -0.000302
0.257564 -0.000296
0.266317 -0.000289
0.275069 -0.000283
0.283821 -0.000277
0.292573 -0.000272
0.301325 -0.000266
0.310078 -0.000261
0.318830 -0.000256
0.327582 -0.000251
0.336334 -0.000247
0.345086 -0.000242
0.353838 -0.000238
0.362591 -0.000234
0.371343 -0.000230
0.380095 -0.000226
0.388847 -0.000222
0.397599 -0.000218
0.406352 -0.000215
0.415104 -0.000211
0.423856 -0.000208
0.432608 -0.000205
0.441360 -0.000202
0.450113 -0.000198
0.458865 -0.000196
0.467617 -0.000193
0.476369 -0.000190
0.485121 -0.000187
0.493873 -0.000185
0.502626 -0.000182
0.511378 -0.000180
0.520130 -0.000177
0.528882 -0.000175
0.537634 -0.000173
0.546387 -0.000170
0.555139 -0.000168
0.563891 -0.000166
0.572643 -0.000164
0.581395 -0.000162
0.590148 -0.000160
0.598900 -0.000158
0.607652 -0.000157
0.616404 -0.000155
0.625156 -0.000153
0.633908 -0.000151
0.642661 -0.000150
0.651413 -0.000148
0.660165 -0.000146
0.668917 -0.000145
0.677669 -0.000143
0.686422 -0.000142
0.695174 -0.000140
0.703926 -0.000139
0.712678 -0.000138
0.721430 -0.000136
0.730183 -0.000135
0.738935 -0.000134
0.747687 -0.000132
0.756439 -0.000131
0.765191 -0.000130
0.773943 -0.000129
0.782696 -0.000127
0.791448 -0.000126
0.800200 -0.000125
0.808952 -0.000124
0.817704 -0.000123
0.826457 -0.000122
0.835209 -0.000121
0.843961 -0.000120
0.852713 -0.000119
0.861465 -0.000118
0.870218 -0.000117
0.878970 -0.000116
0.887722 -0.000115
0.896474 -0.000114
0.905226 -0.000113
0.913978 -0.000112
0.922731 -0.000111
0.931483 -0.000110
0.940235 -0.000110
0.948987 -0.000109
0.957739 -0.000108
0.966492 -0.000107
0.975244 -0.000106
0.983996 -0.000106
0.992748 -0.000105
1.001500 -0.000104
1.010253 -0.000103
1.019005 -0.000103
1.027757 -0.000102
1.036509 -0.000101
1.045261 -0.000100
1.054014 -0.000100
1.062766 -0.000099
1.071518 -0.000098
1.080270 -0.000098
1.089022 -0.000097
1.097774 -0.000096
1.106527 -0.000096
1.115279 -0.000095
1.124031 -0.000095
1.132783 -0.000094
1.141535 -0.000093
1.150288 -0.000093
1.159040 -0.000092
1.167792 -0.000092
1.176544 -0.000091
1.185296 -0.000090
1.194049 -0.000090
1.202801 -0.000089
1.211553 -0.000089
1.220305 -0.000088
1.229057 -0.000088
1.237809 -0.000087
1.246562 -0.000087
1.255314 -0.000086
1.264066 -0.000086
1.272818 -0.000085
1.281570 -0.000085
1.290323 -0.000084
1.299075 -0.000084
1.307827 -0.000083
1.316579 -0.000083
1.325331 -0.000082
1.334084 -0.000082
1.342836 -0.000081
1.351588 -0.000081
1.360340 -0.000080
1.369092 -0.000080
1.377844 -0.000080
1.386597 -0.000079
1.395349 -0.000079
1.404101 -0.000078
1.412853 -0.000078
1.421605 -0.000077
1.430358 -0.000077
1.439110 -0.000077
1.447862 -0.000076
1.456614 -0.000076
1.465366 -0.000075
1.474119 -0.000075
1.482871 -0.000075
1.491623 -0.000074
1.500375 -0.000074
1.509127 -0.000074
1.517879 -0.000073
1.526632 -0.000073
1.535384 -0.000073
1.544136 -0.000072
1.552888 -0.000072
1.561640 -0.000071
1.570393 -0.000071
1.579145 -0.000071
1.587897 -0.000070
1.596649 -0.000070
1.605401 -0.000070
1.614154 -0.000069
1.622906 -0.000069
1.631658 -0.000069
1.640410 -0.000068
1.649162 -0.000068
1.657914 -0.000068
1.666667 -0.000068
1.675419 -0.000067
1.684171 -0.000067
1.692923 -0.000067
1.701675 -0.000066
1.710428 -0.000066
1.719180 -0.000066
1.727932 -0.000065
1.736684 -0.000065
1.745436 -0.000065
1.754189 -0.000065
1.762941 -0.000064
1.771693 -0.000064
1.780445 -0.000064
1.789197 -0.000064
1.797949 -0.000063
1.806702 -0.000063
1.815454 -0.000063
1.824206 -0.000062
1.832958 -0.000062
1.841710 -0.000062
1.850463 -0.000062
1.859215 -0.000062
1.867967 -0.000061
1.876719 -0.000061
1.885471 -0.000061
1.894224 -0.000061
1.902976 -0.000060
1.911728 -0.000060
1.920480 -0.000060
1.929232 -0.000060
1.937984 -0.000059
1.946737 -0.000059
1.955489 -0.000059
1.964241 -0.000059
1.972993 -0.000059
1.981745 -0.000059
1.990498 -0.000058
1.999250 -0.000058
2.008002 -0.000058
2.016754 -0.000058
2.025506 -0.000058
2.034259 -0.000057
2.043011 -0.000057
2.051763 -0.000057
2.060515 -0.000057
2.069267 -0.000057
2.078020 -0.000057
2.086772 -0.000057
2.095524 -0.000056
2.104276 -0.000056
2.113028 -0.000056
2.121780 -0.000056
2.130533 -0.000056
2.139285 -0.000056
2.148037 -0.000056
2.156789 -0.000056
2.165541 -0.000056
2.174294 -0.000056
2.183046 -0.000056
2.191798 -0.000056
2.200550 -0.000055
2.209302 -0.000055
2.218055 -0.000055
2.226807 -0.000055
2.235559 -0.000055
2.244311 -0.000055
2.253063 -0.000055
2.261815 -0.000055
2.270568 -0.000056
2.279320 -0.000056
2.288072 -0.000056
2.296824 -0.000056
2.305576 -0.000056
2.314329 -0.000056
2.323081 -0.000056
2.331833 -0.000056
2.340585 -0.000056
2.349337 -0.000057
2.358090 -0.000057
2.366842 -0.000057
2.375594 -0.000057
2.384346 -0.000058
2.393098 -0.000058
2.401850 -0.000058
2.410603 -0.000059
2.419355 -0.000059
2.428107 -0.000060
2.436859 -0.000060
2.445611 -0.000061
2.454364 -0.000061
2.463116 -0.000062
2.471868 -0.000062
2.480620 -0.000063
2.489372 -0.000064
2.498125 -0.000064
2.506877 -0.000065
2.515629 -0.000066
2.524381 -0.000067
2.533133 -0.000068
2.541885 -0.000069
2.550638 -0.000070
2.559390 -0.000071
2.568142 -0.000072
2.576894 -0.000073
2.585646 -0.000075
2.594399 -0.000076
2.603151 -0.000077
2.611903 -0.000079
2.620655 -0.000080
2.629407 -0.000082
2.638160 -0.000083
2.646912 -0.000085
2.655664 -0.000087
2.664416 -0.000089
2.673168 -0.000090
2.681920 -0.000092
2.690673 -0.000094
2.699425 -0.000096
2.708177 -0.000098
2.716929 -0.000100
2.725681 -0.000102
2.734434 -0.000104
2.743186 -0.000106
2.751938 -0.000108
2.760690 -0.000111
2.769442 -0.000113
2.778195 -0.000115
2.786947 -0.000117
2.795699 -0.000120
2.804451 -0.000122
2.813203 -0.000124
2.821955 -0.000127
2.830708 -0.000129
2.839460 -0.000132
2.848212 -0.000135
2.856964 -0.000137
2.865716 -0.000140
2.874469 -0.000143
2.883221 -0.000146
2.891973 -0.000149
2.900725 -0.000152
2.909477 -0.000155
2.918230 -0.000158
2.926982 -0.000161
2.935734 -0.000164
2.944486 -0.000167
2.953238 -0.000170
2.961990 -0.000173
2.970743 -0.000175
2.979495 -0.000178
2.988247 -0.000180
2.996999 -0.000183
3.005751 -0.000185
3.014504 -0.000186
3.023256 -0.000187
3.032008 -0.000188
3.040760 -0.000188
3.049512 -0.000188
3.058265 -0.000187
3.067017 -0.000185
3.075769 -0.000182
3.084521 -0.000179
3.093273 -0.000174
3.102026 -0.000169
3.110778 -0.000162
3.119530 -0.000155
3.128282 -0.000146
3.137034 -0.000136
3.145786 -0.000125
3.154539 -0.000112
3.163291 -0.000099
3.172043 -0.000084
3.180795 -0.000068
3.189547 -0.000051
3.198300 -0.000032
3.207052 -0.000013
3.215804 0.000008
3.224556 0.000029
3.233308 0.000051
3.242061 0.000074
3.250813 0.000098
3.259565 0.000121
3.268317 0.000146
3.277069 0.000170
3.285821 0.000194
3.294574 0.000219
3.303326 0.000242
3.312078 0.000266
3.320830 0.000289
3.329582 0.000311
3.338335 0.000332
3.347087 0.000352
3.355839 0.000370
3.364591 0.000388
3.373343 0.000404
3.382096 0.000418
3.390848 0.000431
3.399600 0.000443
3.408352 0.000452
3.417104 0.000460
3.425856 0.000467
3.434609 0.000471
3.443361 0.000474
3.452113 0.000476
3.460865 0.000476
3.469617 0.000474
3.478370 0.000471
3.487122 0.000466
3.495874 0.000461
3.504626 0.000454
3.513378 0.000446
3.522131 0.000437
3.530883 0.000428
3.539635 0.000418
3.548387 0.000407
3.557139 0.000395
3.565891 0.000384
3.574644 0.000371
3.583396 0.000359
3.592148 0.000347
3.600900 0.000334
3.609652 0.000322
3.618405 0.000309
3.627157 0.000297
3.635909 0.000285
3.644661 0.000273
3.653413 0.000261
3.662166 0.000250
3.670918 0.000239
3.679670 0.000228
3.688422 0.000218
3.697174 0.000208
3.705926 0.000199
3.714679 0.000189
3.723431 0.000181
3.732183 0.000172
3.740935 0.000164
3.749687 0.000156
3.758440 0.000149
3.767192 0.000142
3.775944 0.000135
3.784696 0.000129
3.793448 0.000123
3.802201 0.000117
3.810953 0.000111
3.819705 0.000106
3.828457 0.000101
3.837209 0.000096
3.845961 0.000092
3.854714 0.000088
3.863466 0.000084
3.872218 0.000080
3.880970 0.000076
3.889722 0.000073
3.898475 0.000069
3.907227 0.000066
3.915979 0.000063
3.924731 0.000060
3.933483 0.000057
3.942236 0.000055
3.950988 0.000052
3.959740 0.000050
3.968492 0.000048
3.977244 0.000046
3.985996 0.000044
3.994749 0.000042
4.003501 0.000040
4.012253 0.000038
4.021005 0.000036
4.029757 0.000035
4.038510 0.000033
4.047262 0.000032
4.056014 0.000030
4.064766 0.000029
4.073518 0.000028
4.082271 0.000026
4.091023 0.000025
4.099775 0.000024
4.108527 0.000023
4.117279 0.000022
4.126032 0.000021
4.134784 0.000020
4.143536 0.000019
4.152288 0.000018
4.161040 0.000017
4.169792 0.000016
4.178545 0.000016
4.187297 0.000015
4.196049 0.000014
4.204801 0.000014
4.213553 0.000013
4.222306 0.000012
4.231058 0.000012
4.239810 0.000011
4.248562 0.000010
4.257314 0.000010
4.266067 0.000009
4.274819 0.000009
4.283571 0.000008
4.292323 0.000008
4.301075 0.000007
4.309827 0.000007
4.318580 0.000007
4.327332 0.000006
4.336084 0.000006
4.344836 0.000005
4.353588 0.000005
4.362341 0.000005
4.371093 0.000004
4.379845 0.000004
4.388597 0.000004
4.397349 0.000003
4.406102 0.000003
4.414854 0.000003
4.423606 0.000003
4.432358 0.000002
4.441110 0.000002
4.449862 0.000002
4.458615 0.000002
4.467367 0.000001
4.476119 0.000001
4.484871 0.000001
4.493623 0.000001
4.502376 0.000001
4.511128 0.000000
4.519880 0.000000
4.528632 0.000000
4.537384 -0.000000
4.546137 -0.000000
4.554889 -0.000000
4.563641 -0.000000
4.572393 -0.000001
4.581145 -0.000001
4.589897 -0.000001
4.598650 -0.000001
4.607402 -0.000001
4.616154 -0.000001
4.624906 -0.000001
4.633658 -0.000001
4.642411 -0.000001
4.651163 -0.000002
4.659915 -0.000002
4.668667 -0.000002
4.677419 -0.000002
4.686172 -0.000002
4.694924 -0.000002
4.703676 -0.000002
4.712428 -0.000002
4.721180 -0.000002
4.729932 -0.000002
4.738685 -0.000002
4.747437 -0.000002
4.756189 -0.000002
4.764941 -0.000002
4.773693 -0.000002
4.782446 -0.000002
4.791198 -0.000002
4.799950 -0.000003
4.808702 -0.000003
4.817454 -0.000003
4.826207 -0.000003
4.834959 -0.000003
4.843711 -0.000003
4.852463 -0.000003
4.861215 -0.000003
4.869967 -0.000003
4.878720 -0.000003
4.887472 -0.000003
4.896224 -0.000003
4.904976 -0.000003
4.913728 -0.000003
4.922481 -0.000003
4.931233 -0.000003
4.939985 -0.000003
4.948737 -0.000003
4.957489 -0.000003
4.966242 -0.000003
4.974994 -0.000003
4.983746 -0.000003
4.992498 -0.000003
5.001250 -0.000003
5.010003 -0.000003
5.018755 -0.000003
5.027507 -0.000003
5.036259 -0.000003
5.045011 -0.000003
5.053763 -0.000003
5.062516 -0.000003
5.071268 -0.000002
5.080020 -0.000002
5.088772 -0.000002
5.097524 -0.000002
5.106277 -0.000002
5.115029 -0.000002
5.123781 -0.000002
5.132533 -0.000002
5.141285 -0.000002
5.150038 -0.000002
5.158790 -0.000002
5.167542 -0.000002
5.176294 -0.000002
5.185046 -0.000002
5.193798 -0.000002
5.202551 -0.000002
5.211303 -0.000002
5.220055 -0.000002
5.228807 -0.000002
5.237559 -0.000002
5.246312 -0.000002
5.255064 -0.000002
5.263816 -0.000002
5.272568 -0.000002
5.281320 -0.000002
5.290073 -0.000002
5.298825 -0.000001
5.307577 -0.000001
5.316329 -0.000001
5.325081 -0.000001
5.333833 -0.000001
5.342586 -0.000001
5.351338 -0.000001
5.360090 -0.000001
5.368842 -0.000001
5.377594 -0.000001
5.386347 -0.000001
5.395099 -0.000001
5.403851 -0.000001
5.412603 -0.000001
5.421355 -0.000001
5.430108 -0.000001
5.438860 -0.000001
5.447612 -0.000001
5.456364 -0.000000
5.465116 -0.000000
5.473868 -0.000000
5.482621 -0.000000
5.491373 -0.000000
5.500125 -0.000000
5.508877 -0.000000
5.517629 -0.000000
5.526382 0.000000
5.535134 0.000000
5.543886 0.000000
5.552638 0.000000
5.561390 0.000000
5.570143 0.000000
5.578895 0.000000
5.587647 0.000000
5.596399 0.000001
5.605151 0.000001
5.613903 0.000001
5.622656 0.000001
5.631408 0.000001
5.640160 0.000001
5.648912 0.000001
5.657664 0.000001
5.666417 0.000001
5.675169 0.000001
5.683921 0.000001
5.692673 0.000001
5.701425 0.000001
5.710178 0.000001
5.718930 0.000002
5.727682 0.000002
5.736434 0.000002
5.745186 0.000002
5.753938 0.000002
5.762691 0.000002
5.771443 0.000002
5.780195 0.000002
5.788947 0.000002
5.797699 0.000002
5.806452 0.000002
5.815204 0.000002
5.823956 0.000002
5.832708 0.000003
5.841460 0.000003
5.850213 0.000003
5.858965 0.000003
5.867717 0.000003
5.876469 0.000003
5.885221 0.000003
5.893973 0.000003
5.902726 0.000003
5.911478 0.000003
5.920230 0.000003
5.928982 0.000003
5.937734 0.000003
5.946487 0.000004
5.955239 0.000004
5.963991 0.000004
5.972743 0.000004
5.981495 0.000004
5.990248 0.000004
5.999000 0.000004
6.007752 0.000004
6.016504 0.000004
6.025256 0.000004
6.034009 0.000004
6.042761 0.000004
6.051513 0.000005
6.060265 0.000005
6.069017 0.000005
6.077769 0.000005
6.086522 0.000005
6.095274 0.000005
6.104026 0.000005
6.112778 0.000005
6.121530 0.000005
6.130283 0.000005
6.139035 0.000005
6.147787 0.000006
6.156539 0.000006
6.165291 0.000006
6.174044 0.000006
6.182796 0.000006
6.191548 0.000006
6.200300 0.000006
6.209052 0.000006
6.217804 0.000006
6.226557 0.000006
6.235309 0.000006
6.244061 0.000007
6.252813 0.000007
6.261565 0.000007
6.270318 0.000007
6.279070 0.000007
6.287822 0.000007
6.296574 0.000007
6.305326 0.000007
6.314079 0.000007
6.322831 0.000007
6.331583 0.000007
6.340335 0.000008
6.349087 0.000008
6.357839 0.000008
6.366592 0.000008
6.375344 0.000008
6.384096 0.000008
6.392848 0.000008
6.401600 0.000008
6.410353 0.000008
6.419105 0.000008
6.427857 0.000008
6.436609 0.000009
6.445361 0.000009
6.454114 0.000009
6.462866 0.000009
6.471618 0.000009
6.480370 0.000009
6.489122 0.000009
6.497874 0.000009
6.506627 0.000009
6.515379 0.000009
6.524131 0.000010
6.532883 0.000010
6.541635 0.000010
6.550388 0.000010
6.559140 0.000010
6.567892 0.000010
6.576644 0.000010
6.585396 0.000010
6.594149 0.000010
6.602901 0.000010
6.611653 0.000011
6.620405 0.000011
6.629157 0.000011
6.637909 0.000011
6.646662 0.000011
6.655414 0.000011
6.664166 0.000011
6.672918 0.000011
6.681670 0.000011
6.690423 0.000011
6.699175 0.000012
6.707927 0.000012
6.716679 0.000012
6.725431 0.000012
6.734184 0.000012
6.742936 0.000012
6.751688 0.000012
6.760440 0.000012
6.769192 0.000012
6.777944 0.000013
6.786697 0.000013
6.795449 0.000013
6.804201 0.000013
6.812953 0.000013
6.821705 0.000013
6.830458 0.000013
6.839210 0.000013
6.847962 0.000013
6.856714 0.000014
6.865466 0.000014
6.874219 0.000014
6.882971 0.000014
6.891723 0.000014
6.900475 0.000014
6.909227 0.000014
6.917979 0.000014
6.926732 0.000014
6.935484 0.000014
6.944236 0.000015
6.952988 0.000015
6.961740 0.000015
6.970493 0.000015
6.979245 0.000015
6.987997 0.000015
6.996749 0.000015
7.005501 0.000015
7.014254 0.000016
7.023006 0.000016
7.031758 0.000016
7.040510 0.000016
7.049262 0.000016
7.058015 0.000016
7.066767 0.000016
7.075519 0.000016
7.084271 0.000016
7.093023 0.000017
7.101775 0.000017
7.110528 0.000017
7.119280 0.000017
7.128032 0.000017
7.136784 0.000017
7.145536 0.000017
7.154289 0.000017
7.163041 0.000017
7.171793 0.000018
7.180545 0.000018
7.189297 0.000018
7.198050 0.000018
7.206802 0.000018
7.215554 0.000018
7.224306 0.000018
7.233058 0.000018
7.241810 0.000019
7.250563 0.000019
7.259315 0.000019
7.268067 0.000019
7.276819 0.000019
7.285571 0.000019
7.294324 0.000019
7.303076 0.000019
7.311828 0.000020
7.320580 0.000020
7.329332 0.000020
7.338085 0.000020
7.346837 0.000020
7.355589 0.000020
7.364341 0.000020
7.373093 0.000020
7.381845 0.000021
7.390598 0.000021
7.399350 0.000021
7.408102 0.000021
7.416854 0.000021
7.425606 0.000021
7.434359 0.000021
7.443111 0.000022
7.451863 0.000022
7.460615 0.000022
7.469367 0.000022
7.478120 0.000022
7.486872 0.000022
7.495624 0.000022
7.504376 0.000022
7.513128 0.000023
7.521880 0.000023
7.530633 0.000023
7.539385 0.000023
7.548137 0.000023
7.556889 0.000023
7.565641 0.000023
7.574394 0.000024
7.583146 0.000024
7.591898 0.000024
7.600650 0.000024
7.609402 0.000024
7.618155 0.000024
7.626907 0.000024
7.635659 0.000025
7.644411 0.000025
7.653163 0.000025
7.661915 0.000025
7.670668 0.000025
7.679420 0.000025
7.688172 0.000025
7.696924 0.000026
7.705676 0.000026
7.714429 0.000026
7.723181 0.000026
7.731933 0.000026
7.740685 0.000026
7.749437 0.000026
7.758190 0.000027
7.766942 0.000027
7.775694 0.000027
7.784446 0.000027
7.793198 0.000027
7.801950 0.000027
7.810703 0.000027
7.819455 0.000028
7.828207 0.000028
7.836959 0.000028
7.845711 0.000028
7.854464 0.000028
7.863216 0.000028
7.871968 0.000028
7.880720 0.000029
7.889472 0.000029
7.898225 0.000029
7.906977 0.000029
7.915729 0.000029
7.924481 0.000029
7.933233 0.000030
7.941985 0.000030
7.950738 0.000030
7.959490 0.000030
7.968242 0.000030
7.976994 0.000030
7.985746 0.000031
7.994499 0.000031
8.003251 0.000031
8.012003 0.000031
8.020755 0.000031
8.029507 0.000031
8.038260 0.000032
8.047012 0.000032
8.055764 0.000032
8.064516 0.000032
8.073268 0.000032
8.082021 0.000032
8.090773 0.000033
8.099525 0.000033
8.108277 0.000033
8.117029 0.000033
8.125781 0.000033
8.134534 0.000033
8.143286 0.000034
8.152038 0.000034
8.160790 0.000034
8.169542 0.000034
8.178295 0.000034
8.187047 0.000034
8.195799 0.000035
8.204551 0.000035
8.213303 0.000035
8.222056 0.000035
8.230808 0.000035
8.239560 0.000035
8.248312 0.000036
8.257064 0.000036
8.265816 0.000036
8.274569 0.000036
8.283321 0.000036
8.292073 0.000037
8.300825 0.000037
8.309577 0.000037
8.318330 0.000037
8.327082 0.000037
8.335834 0.000038
8.344586 0.000038
8.353338 0.000038
8.362091 0.000038
8.370843 0.000038
8.379595 0.000038
8.388347 0.000039
8.397099 0.000039
8.405851 0.000039
8.414604 0.000039
8.423356 0.000039
8.432108 0.000040
8.440860 0.000040
8.449612 0.000040
8.458365 0.000040
8.467117 0.000040
8.475869 0.000041
8.484621 0.000041
8.493373 0.000041
8.502126 0.000041
8.510878 0.000041
8.519630 0.000042
8.528382 0.000042
8.537134 0.000042
8.545886 0.000042
8.554639 0.000042
8.563391 0.000043
8.572143 0.000043
8.580895 0.000043
8.589647 0.000043
8.598400 0.000044
8.607152 0.000044
8.615904 0.000044
8.624656 0.000044
8.633408 0.000044
8.642161 0.000045
8.650913 0.000045
8.659665 0.000045
8.668417 0.000045
8.677169 0.000045
8.685921 0.000046
8.694674 0.000046
8.703426 0.000046
8.712178 0.000046
8.720930 0.000047
8.729682 0.000047
8.738435 0.000047
8.747187 0.000047
8.755939 0.000048
8.764691 0.000048
8.773443 0.000048
8.782196 0.000048
8.790948 0.000048
8.799700 0.000049
8.808452 0.000049
8.817204 0.000049
8.825956 0.000049
8.834709 0.000050
8.843461 0.000050
8.852213 0.000050
8.860965 0.000050
8.869717 0.000051
8.878470 0.000051
8.887222 0.000051
8.895974 0.000051
8.904726 0.000052
8.913478 0.000052
8.922231 0.000052
8.930983 0.000052
8.939735 0.000053
8.948487 0.000053
8.957239 0.000053
8.965991 0.000053
8.974744 0.000054
8.983496 0.000054
8.992248 0.000054
9.001000 0.000054
9.009752 0.000055
9.018505 0.000055
9.027257 0.000055
9.036009 0.000056
9.044761 0.000056
9.053513 0.000056
9.062266 0.000056
9.071018 0.000057
9.079770 0.000057
9.088522 0.000057
9.097274 0.000057
9.106027 0.000058
9.114779 0.000058
9.123531 0.000058
9.132283 0.000059
9.141035 0.000059
9.149787 0.000059
9.158540 0.000059
9.167292 0.000060
9.176044 0.000060
9.184796 0.000060
9.193548 0.000061
9.202301 0.000061
9.211053 0.000061
9.219805 0.000061
9.228557 0.000062
9.237309 0.000062
9.246062 0.000062
9.254814 0.000063
9.263566 0.000063
9.272318 0.000063
9.281070 0.000064
9.289822 0.000064
9.298575 0.000064
9.307327 0.000065
9.316079 0.000065
9.324831 0.000065
9.333583 0.000066
9.342336 0.000066
9.351088 0.000066
9.359840 0.000067
9.368592 0.000067
9.377344 0.000067
9.386097 0.000068
9.394849 0.000068
9.403601 0.000068
9.412353 0.000069
9.421105 0.000069
9.429857 0.000069
9.438610 0.000070
9.447362 0.000070
9.456114 0.000070
9.464866 0.000071
9.473618 0.000071
9.482371 0.000071
9.491123 0.000072
9.499875 0.000072
9.508627 0.000072
9.517379 0.000073
9.526132 0.000073
9.534884 0.000073
9.543636 0.000074
9.552388 0.000074
9.561140 0.000075
9.569892 0.000075
9.578645 0.000075
9.587397 0.000076
9.596149 0.000076
9.604901 0.000076
9.613653 0.000077
9.622406 0.000077
9.631158 0.000078
9.639910 0.000078
9.648662 0.000078
9.657414 0.000079
9.666167 0.000079
9.674919 0.000080
9.683671 0.000080
9.692423 0.000080
9.701175 0.000081
9.709927 0.000081
9.718680 0.000082
9.727432 0.000082
9.736184 0.000082
9.744936 0.000083
9.753688 0.000083
9.762441 0.000084
9.771193 0.000084
9.779945 0.000085
9.788697 0.000085
9.797449 0.000085
9.806202 0.000086
9.814954 0.000086
9.823706 0.000087
9.832458 0.000087
9.841210 0.000088
9.849962 0.000088
9.858715 0.000089
9.867467 0.000089
9.876219 0.000090
9.884971 0.000090
9.893723 0.000091
9.902476 0.000091
9.911228 0.000091
9.919980 0.000092
9.928732 0.000092
9.937484 0.000093
9.946237 0.000093
9.954989 0.000094
9.963741 0.000094
9.972493 0.000095
9.981245 0.000095
9.989997 0.000096
9.998750 0.000096
10.007502 0.000097
10.016254 0.000097
10.025006 0.000098
10.033758 0.000098
10.042511 0.000099
10.051263 0.000100
10.060015 0.000100
10.068767 0.000101
10.077519 0.000101
10.086272 0.000102
10.095024 0.000102
10.103776 0.000103
10.112528 0.000103
10.121280 0.000104
10.130033 0.000104
10.138785 0.000105
10.147537 0.000106
10.156289 0.000106
10.165041 0.000107
10.173793 0.000107
10.182546 0.000108
10.191298 0.000109
10.200050 0.000109
10.208802 0.000110
10.217554 0.000110
10.226307 0.000111
10.235059 0.000112
10.243811 0.000112
10.252563 0.000113
10.261315 0.000113
10.270068 0.000114
10.278820 0.000115
10.287572 0.000115
10.296324 0.000116
10.305076 0.000117
10.313828 0.000117
10.322581 0.000118
10.331333 0.000119
10.340085 0.000119
10.348837 0.000120
10.357589 0.000121
10.366342 0.000121
10.375094 0.000122
10.383846 0.000123
10.392598 0.000123
10.401350 0.000124
10.410103 0.000125
10.418855 0.000126
10.427607 0.000126
10.436359 0.000127
10.445111 0.000128
10.453863 0.000128
10.462616 0.000129
10.471368 0.000130
10.480120 0.000131
10.488872 0.000131
10.497624 0.000132
10.506377 0.000133
10.515129 0.000134
10.523881 0.000135
10.532633 0.000135
10.541385 0.000136
10.550138 0.000137
10.558890 0.000138
10.567642 0.000139
10.576394 0.000139
10.585146 0.000140
10.593898 0.000141
10.602651 0.000142
10.611403 0.000143
10.620155 0.000144
10.628907 0.000145
10.637659 0.000145
10.646412 0.000146
10.655164 0.000147
10.663916 0.000148
10.672668 0.000149
10.681420 0.000150
10.690173 0.000151
10.698925 0.000152
10.707677 0.000153
10.716429 0.000154
10.725181 0.000155
10.733933 0.000156
10.742686 0.000157
10.751438 0.000158
10.760190 0.000159
10.768942 0.000160
10.777694 0.000161
10.786447 0.000162
10.795199 0.000163
10.803951 0.000164
10.812703 0.000165
10.821455 0.000166
10.830208 0.000167
10.838960 0.000168
10.847712 0.000169
10.856464 0.000170
10.865216 0.000171
10.873968 0.000172
10.882721 0.000173
10.891473 0.000175
10.900225 0.000176
10.908977 0.000177
10.917729 0.000178
10.926482 0.000179
10.935234 0.000180
10.943986 0.000182
10.952738 0.000183
10.961490 0.000184
10.970243 0.000185
10.978995 0.000186
10.987747 0.000188
10.996499 0.000189
11.005251 0.000190
11.014004 0.000192
11.022756 0.000193
11.031508 0.000194
11.040260 0.000196
11.049012 0.000197
11.057764 0.000198
11.066517 0.000200
11.075269 0.000201
11.084021 0.000202
11.092773 0.000204
11.101525 0.000205
11.110278 0.000207
11.119030 0.000208
11.127782 0.000210
11.136534 0.000211
11.145286 0.000213
11.154039 0.000214
11.162791 0.000216
11.171543 0.000217
11.180295 0.000219
11.189047 0.000220
11.197799 0.000222
11.206552 0.000224
11.215304 0.000225
11.224056 0.000227
11.232808 0.000229
11.241560 0.000230
11.250313 0.000232
11.259065 0.000234
11.267817 0.000235
11.276569 0.000237
11.285321 0.000239
11.294074 0.000241
11.302826 0.000243
11.311578 0.000244
11.320330 0.000246
11.329082 0.000248
11.337834 0.000250
11.346587 0.000252
11.355339 0.000254
11.364091 0.000256
11.372843 0.000258
11.381595 0.000260
11.390348 0.000262
11.399100 0.000264
11.407852 0.000266
11.416604 0.000268
11.425356 0.000270
11.434109 0.000273
11.442861 0.000275
11.451613 0.000277
11.460365 0.000279
11.469117 0.000281
11.477869 0.000284
11.486622 0.000286
11.495374 0.000288
11.504126 0.000291
11.512878 0.000293
11.521630 0.000296
11.530383 0.000298
11.539135 0.000301
11.547887 0.000303
11.556639 0.000306
11.565391 0.000308
11.574144 0.000311
11.582896 0.000314
11.591648 0.000316
11.600400 0.000319
11.609152 0.000322
11.617904 0.000325
11.626657 0.000328
11.635409 0.000330
11.644161 0.000333
11.652913 0.000336
11.661665 0.000339
11.670418 0.000342
11.679170 0.000346
11.687922 0.000349
11.696674 0.000352
11.705426 0.000355
11.714179 0.000358
11.722931 0.000362
11.731683 0.000365
11.740435 0.000368
11.749187 0.000372
11.757939 0.000375
11.766692 0.000379
11.775444 0.000382
11.784196 0.000386
11.792948 0.000390
11.801700 0.000394
11.810453 0.000397
11.819205 0.000401
11.827957 0.000405
11.836709 0.000409
11.845461 0.000413
11.854214 0.000417
11.862966 0.000422
11.871718 0.000426
11.880470 0.000430
11.889222 0.000435
11.897974 0.000439
11.906727 0.000444
11.915479 0.000448
11.924231 0.000453
11.932983 0.000458
11.941735 0.000462
11.950488 0.000467
11.959240 0.000472
11.967992 0.000477
11.976744 0.000482
11.985496 0.000488
11.994249 0.000493
12.003001 0.000498
12.011753 0.000504
12.020505 0.000510
12.029257 0.000515
12.038010 0.000521
12.046762 0.000527
12.055514 0.000533
12.064266 0.000539
12.073018 0.000545
12.081770 0.000552
12.090523 0.000558
12.099275 0.000565
12.108027 0.000571
12.116779 0.000578
12.125531 0.000585
12.134284 0.000592
12.143036 0.000599
12.151788 0.000607
12.160540 0.000614
12.169292 0.000622
12.178045 0.000629
12.186797 0.000637
12.195549 0.000645
12.204301 0.000654
12.213053 0.000662
12.221805 0.000671
12.230558 0.000679
12.239310 0.000688
12.248062 0.000698
12.256814 0.000707
12.265566 0.000716
12.274319 0.000726
12.283071 0.000736
12.291823 0.000746
12.300575 0.000756
12.309327 0.000767
12.318080 0.000778
12.326832 0.000789
12.335584 0.000800
12.344336 0.000812
12.353088 0.000824
12.361840 0.000836
12.370593 0.000848
12.379345 0.000861
12.388097 0.000874
12.396849 0.000887
12.405601 0.000901
12.414354 0.000915
12.423106 0.000929
12.431858 0.000943
12.440610 0.000958
12.449362 0.000974
12.458115 0.000990
12.466867 0.001006
12.475619 0.001022
12.484371 0.001039
12.493123 0.001057
12.501875 0.001075
12.510628 0.001093
12.519380 0.001112
12.528132 0.001132
12.536884 0.001152
12.545636 0.001172
12.554389 0.001193
12.563141 0.001215
12.571893 0.001238
12.580645 0.001261
12.589397 0.001284
12.598150 0.001309
12.606902 0.001334
12.615654 0.001360
12.624406 0.001387
12.633158 0.001414
12.641910 0.001443
12.650663 0.001472
12.659415 0.001502
12.668167 0.001534
12.676919 0.001566
12.685671 0.001599
12.694424 0.001634
12.703176 0.001670
12.711928 0.001707
12.720680 0.001745
12.729432 0.001785
12.738185 0.001826
12.746937 0.001868
12.755689 0.001912
12.764441 0.001958
12.773193 0.002005
12.781945 0.002055
12.790698 0.002106
12.799450 0.002159
12.808202 0.002214
12.816954 0.002271
12.825706 0.002331
12.834459 0.002393
12.843211 0.002458
12.851963 0.002525
12.860715 0.002595
12.869467 0.002668
12.878220 0.002745
12.886972 0.002824
12.895724 0.002908
12.904476 0.002994
12.913228 0.003085
12.921980 0.003180
12.930733 0.003279
12.939485 0.003383
12.948237 0.003492
12.956989 0.003605
12.965741 0.003724
12.974494 0.003849
12.983246 0.003980
12.991998 0.004116
13.000750 0.004260
13.009502 0.004410
13.018255 0.004568
13.027007 0.004733
13.035759 0.004906
13.044511 0.005087
13.053263 0.005277
13.062016 0.005476
13.070768 0.005684
13.079520 0.005902
13.088272 0.006129
13.097024 0.006367
13.105776 0.006615
13.114529 0.006873
13.123281 0.007142
13.132033 0.007422
13.140785 0.007712
13.149537 0.008012
13.158290 0.008323
13.167042 0.008644
13.175794 0.008975
13.184546 0.009314
13.193298 0.009661
13.202051 0.010016
13.210803 0.010376
13.219555 0.010742
13.228307 0.011111
13.237059 0.011483
13.245811 0.011855
13.254564 0.012225
13.263316 0.012591
13.272068 0.012952
13.280820 0.013304
13.289572 0.013646
13.298325 0.013974
13.307077 0.014287
13.315829 0.014582
13.324581 0.014856
13.333333 0.015106
13.342086 0.015331
13.350838 0.015527
13.359590 0.015694
13.368342 0.015828
13.377094 0.015928
13.385846 0.015993
13.394599 0.016022
13.403351 0.016014
13.412103 0.015968
13.420855 0.015885
13.429607 0.015765
13.438360 0.015609
13.447112 0.015418
13.455864 0.015193
13.464616 0.014936
13.473368 0.014650
13.482121 0.014337
13.490873 0.014000
13.499625 0.013641
13.508377 0.013263
13.517129 0.012871
13.525881 0.012466
13.534634 0.012052
13.543386 0.011633
13.552138 0.011211
13.560890 0.010789
13.569642 0.010371
13.578395 0.009958
13.587147 0.009554
13.595899 0.009159
13.604651 0.008777
13.613403 0.008409
13.622156 0.008056
13.630908 0.007719
13.639660 0.007400
13.648412 0.007098
13.657164 0.006814
13.665916 0.006549
13.674669 0.006301
13.683421 0.006072
13.692173 0.005861
13.700925 0.005667
13.709677 0.005489
13.718430 0.005327
13.727182 0.005181
13.735934 0.005049
13.744686 0.004931
13.753438 0.004827
13.762191 0.004734
13.770943 0.004652
13.779695 0.004582
13.788447 0.004521
13.797199 0.004470
13.805951 0.004427
13.814704 0.004393
13.823456 0.004366
13.832208 0.004346
13.840960 0.004333
13.849712 0.004326
13.858465 0.004326
13.867217 0.004331
13.875969 0.004342
13.884721 0.004358
13.893473 0.004379
13.902226 0.004406
13.910978 0.004437
13.919730 0.004474
13.928482 0.004515
13.937234 0.004562
13.945986 0.004613
13.954739 0.004670
13.963491 0.004732
13.972243 0.004799
13.980995 0.004872
13.989747 0.004950
13.998500 0.005035
14.007252 0.005125
14.016004 0.005222
14.024756 0.005325
14.033508 0.005435
14.042261 0.005553
14.051013 0.005677
14.059765 0.005810
14.068517 0.005950
14.077269 0.006099
14.086022 0.006257
14.094774 0.006424
14.103526 0.006601
14.112278 0.006788
14.121030 0.006985
14.129782 0.007193
14.138535 0.007413
14.147287 0.007644
14.156039 0.007888
14.164791 0.008144
14.173543 0.008413
14.182296 0.008696
14.191048 0.008992
14.199800 0.009302
14.208552 0.009627
14.217304 0.009966
14.226057 0.010320
14.234809 0.010688
14.243561 0.011070
14.252313 0.011467
14.261065 0.011878
14.269817 0.012302
14.278570 0.012739
14.287322 0.013188
14.296074 0.013648
14.304826 0.014118
14.313578 0.014596
14.322331 0.015082
14.331083 0.015573
14.339835 0.016067
14.348587 0.016563
14.357339 0.017058
14.366092 0.017550
14.374844 0.018036
14.383596 0.018513
14.392348 0.018979
14.401100 0.019430
14.409852 0.019865
14.418605 0.020279
14.427357 0.020670
14.436109 0.021034
14.444861 0.021371
14.453613 0.021676
14.462366 0.021947
14.471118 0.022182
14.479870 0.022379
14.488622 0.022536
14.497374 0.022653
14.506127 0.022727
14.514879 0.022759
14.523631 0.022748
14.532383 0.022693
14.541135 0.022596
14.549887 0.022458
14.558640 0.022278
14.567392 0.022059
14.576144 0.021803
14.584896 0.021511
14.593648 0.021186
14.602401 0.020831
14.611153 0.020447
14.619905 0.020038
14.628657 0.019606
14.637409 0.019155
14.646162 0.018687
14.654914 0.018206
14.663666 0.017714
14.672418 0.017214
14.681170 0.016708
14.689922 0.016200
14.698675 0.015691
14.707427 0.015185
14.716179 0.014682
14.724931 0.014185
14.733683 0.013695
14.742436 0.013214
14.751188 0.012743
14.759940 0.012283
14.768692 0.011836
14.777444 0.011401
14.786197 0.010979
14.794949 0.010572
14.803701 0.010178
14.812453 0.009799
14.821205 0.009434
14.829957 0.009084
14.838710 0.008748
14.847462 0.008425
14.856214 0.008117
14.864966 0.007822
14.873718 0.007540
14.882471 0.007270
14.891223 0.007013
14.899975 0.006768
14.908727 0.006535
14.917479 0.006312
14.926232 0.006100
14.934984 0.005898
14.943736 0.005705
14.952488 0.005522
14.961240 0.005348
14.969992 0.005182
14.978745 0.005025
14.987497 0.004875
14.996249 0.004732
15.005001 0.004596
15.013753 0.004467
15.022506 0.004345
15.031258 0.004228
15.040010 0.004117
15.048762 0.004012
15.057514 0.003912
15.066267 0.003817
15.075019 0.003727
15.083771 0.003641
15.092523 0.003559
15.101275 0.003482
15.110028 0.003408
15.118780 0.003339
15.127532 0.003272
15.136284 0.003209
15.145036 0.003149
15.153788 0.003092
15.162541 0.003038
15.171293 0.002986
15.180045 0.002936
15.188797 0.002888
15.197549 0.002843
15.206302 0.002798
15.215054 0.002756
15.223806 0.002715
15.232558 0.002674
15.241310 0.002635
15.250063 0.002596
15.258815 0.002558
15.267567 0.002520
15.276319 0.002482
15.285071 0.002444
15.293823 0.002406
15.302576 0.002368
15.311328 0.002329
15.320080 0.002290
15.328832 0.002250
15.337584 0.002209
15.346337 0.002167
15.355089 0.002125
15.363841 0.002082
15.372593 0.002038
15.381345 0.001993
15.390098 0.001948
15.398850 0.001903
15.407602 0.001856
15.416354 0.001810
15.425106 0.001763
15.433858 0.001716
15.442611 0.001670
15.451363 0.001623
15.460115 0.001577
15.468867 0.001532
15.477619 0.001487
15.486372 0.001443
15.495124 0.001400
15.503876 0.001358
15.512628 0.001317
15.521380 0.001278
15.530133 0.001240
15.538885 0.001203
15.547637 0.001168
15.556389 0.001134
15.565141 0.001102
15.573893 0.001071
15.582646 0.001042
15.591398 0.001014
15.600150 0.000988
15.608902 0.000963
15.617654 0.000939
15.626407 0.000916
15.635159 0.000895
15.643911 0.000875
15.652663 0.000856
15.661415 0.000837
15.670168 0.000820
15.678920 0.000803
15.687672 0.000787
15.696424 0.000771
15.705176 0.000756
15.713928 0.000742
15.722681 0.000728
15.731433 0.000714
15.740185 0.000700
15.748937 0.000687
15.757689 0.000674
15.766442 0.000661
15.775194 0.000648
15.783946 0.000635
15.792698 0.000622
15.801450 0.000610
15.810203 0.000597
15.818955 0.000584
15.827707 0.000571
15.836459 0.000558
15.845211 0.000546
15.853963 0.000533
15.862716 0.000520
15.871468 0.000507
15.880220 0.000494
15.888972 0.000481
15.897724 0.000469
15.906477 0.000456
15.915229 0.000444
15.923981 0.000431
15.932733 0.000419
15.941485 0.000407
15.950238 0.000395
15.958990 0.000384
15.967742 0.000372
15.976494 0.000362
15.985246 0.000351
15.993998 0.000341
16.002751 0.000331
16.011503 0.000322
16.020255 0.000313
16.029007 0.000305
16.037759 0.000298
16.046512 0.000291
16.055264 0.000284
16.064016 0.000278
16.072768 0.000273
16.081520 0.000268
16.090273 0.000264
16.099025 0.000260
16.107777 0.000257
16.116529 0.000255
16.125281 0.000253
16.134034 0.000252
16.142786 0.000251
16.151538 0.000251
16.160290 0.000251
16.169042 0.000252
16.177794 0.000253
16.186547 0.000254
16.195299 0.000256
16.204051 0.000258
16.212803 0.000261
16.221555 0.000263
16.230308 0.000266
16.239060 0.000269
16.247812 0.000273
16.256564 0.000276
16.265316 0.000280
16.274069 0.000284
16.282821 0.000288
16.291573 0.000292
16.300325 0.000297
16.309077 0.000301
16.317829 0.000305
16.326582 0.000310
16.335334 0.000314
16.344086 0.000319
16.352838 0.000323
16.361590 0.000328
16.370343 0.000333
16.379095 0.000338
16.387847 0.000342
16.396599 0.000347
16.405351 0.000352
16.414104 0.000357
16.422856 0.000362
16.431608 0.000367
16.440360 0.000372
16.449112 0.000377
16.457864 0.000383
16.466617 0.000388
16.475369 0.000393
16.484121 0.000398
16.492873 0.000403
16.501625 0.000409
16.510378 0.000414
16.519130 0.000419
16.527882 0.000424
16.536634 0.000429
16.545386 0.000434
16.554139 0.000439
16.562891 0.000443
16.571643 0.000448
16.580395 0.000452
16.589147 0.000456
16.597899 0.000460
16.606652 0.000464
16.615404 0.000467
16.624156 0.000470
16.632908 0.000472
16.641660 0.000475
16.650413 0.000476
16.659165 0.000478
16.667917 0.000479
16.676669 0.000479
16.685421 0.000479
16.694174 0.000479
16.702926 0.000478
16.711678 0.000476
16.720430 0.000474
16.729182 0.000472
16.737934 0.000469
16.746687 0.000466
16.755439 0.000463
16.764191 0.000459
16.772943 0.000454
16.781695 0.000449
16.790448 0.000444
16.799200 0.000439
16.807952 0.000433
16.816704 0.000428
16.825456 0.000422
16.834209 0.000415
16.842961 0.000409
16.851713 0.000403
16.860465 0.000396
16.869217 0.000390
16.877969 0.000383
16.886722 0.000377
16.895474 0.000370
16.904226 0.000364
16.912978 0.000358
16.921730 0.000351
16.930483 0.000345
16.939235 0.000339
16.947987 0.000333
16.956739 0.000327
16.965491 0.000322
16.974244 0.000316
16.982996 0.000311
16.991748 0.000306
17.000500 0.000301
17.009252 0.000296
17.018005 0.000291
17.026757 0.000286
17.035509 0.000282
17.044261 0.000278
17.053013 0.000274
17.061765 0.000270
17.070518 0.000266
17.079270 0.000262
17.088022 0.000258
17.096774 0.000255
17.105526 0.000251
17.114279 0.000248
17.123031 0.000245
17.131783 0.000242
17.140535 0.000239
17.149287 0.000236
17.158040 0.000233
17.166792 0.000231
17.175544 0.000228
17.184296 0.000226
17.193048 0.000223
17.201800 0.000221
17.210553 0.000219
17.219305 0.000216
17.228057 0.000214
17.236809 0.000212
17.245561 0.000210
17.254314 0.000208
17.263066 0.000206
17.271818 0.000204
17.280570 0.000202
17.289322 0.000200
17.298075 0.000199
17.306827 0.000197
17.315579 0.000195
17.324331 0.000193
17.333083 0.000192
17.341835 0.000190
17.350588 0.000189
17.359340 0.000187
17.368092 0.000186
17.376844 0.000184
17.385596 0.000183
17.394349 0.000181
17.403101 0.000180
17.411853 0.000179
17.420605 0.000177
17.429357 0.000176
17.438110 0.000175
17.446862 0.000173
17.455614 0.000172
17.464366 0.000171
17.473118 0.000170
17.481870 0.000168
17.490623 0.000167
17.499375 0.000166
17.508127 0.000165
17.516879 0.000164
17.525631 0.000163
17.534384 0.000162
17.543136 0.000161
17.551888 0.000160
17.560640 0.000159
17.569392 0.000158
17.578145 0.000157
17.586897 0.000156
17.595649 0.000155
17.604401 0.000154
17.613153 0.000153
17.621905 0.000152
17.630658 0.000151
17.639410 0.000150
17.648162 0.000149
17.656914 0.000148
17.665666 0.000147
17.674419 0.000146
17.683171 0.000145
17.691923 0.000145
17.700675 0.000144
17.709427 0.000143
17.718180 0.000142
17.726932 0.000141
17.735684 0.000140
17.744436 0.000140
17.753188 0.000139
17.761940 0.000138
17.770693 0.000137
17.779445 0.000136
17.788197 0.000136
17.796949 0.000135
17.805701 0.000134
17.814454 0.000133
17.823206 0.000133
17.831958 0.000132
17.840710 0.000131
17.849462 0.000131
17.858215 0.000130
17.866967 0.000129
17.875719 0.000129
17.884471 0.000128
17.893223 0.000127
17.901975 0.000127
17.910728 0.000126
17.919480 0.000125
17.928232 0.000125
17.936984 0.000124
17.945736 0.000123
17.954489 0.000123
17.963241 0.000122
17.971993 0.000121
17.980745 0.000121
17.989497 0.000120
17.998250 0.000120
18.007002 0.000119
18.015754 0.000119
18.024506 0.000118
18.033258 0.000117
18.042011 0.000117
18.050763 0.000116
18.059515 0.000116
18.068267 0.000115
18.077019 0.000115
18.085771 0.000114
18.094524 0.000113
18.103276 0.000113
18.112028 0.000112
18.120780 0.000112
18.129532 0.000111
18.138285 0.000111
18.147037 0.000110
18.155789 0.000110
18.164541 0.000109
18.173293 0.000109
18.182046 0.000108
18.190798 0.000108
18.199550 0.000107
18.208302 0.000107
18.217054 0.000106
18.225806 0.000106
18.234559 0.000106
18.243311 0.000105
18.252063 0.000105
18.260815 0.000104
18.269567 0.000104
18.278320 0.000103
18.287072 0.000103
18.295824 0.000102
18.304576 0.000102
18.313328 0.000101
18.322081 0.000101
18.330833 0.000101
18.339585 0.000100
18.348337 0.000100
18.357089 0.000099
18.365841 0.000099
18.374594 0.000099
18.383346 0.000098
18.392098 0.000098
18.400850 0.000097
18.409602 0.000097
18.418355 0.000097
18.427107 0.000096
18.435859 0.000096
18.444611 0.000095
18.453363 0.000095
18.462116 0.000095
18.470868 0.000094
18.479620 0.000094
18.488372 0.000094
18.497124 0.000093
18.505876 0.000093
18.514629 0.000093
18.523381 0.000092
18.532133 0.000092
18.540885 0.000091
18.549637 0.000091
18.558390 0.000091
18.567142 0.000090
18.575894 0.000090
18.584646 0.000090
18.593398 0.000089
18.602151 0.000089
18.610903 0.000089
18.619655 0.000089
18.628407 0.000088
18.637159 0.000088
18.645911 0.000088
18.654664 0.000087
18.663416 0.000087
18.672168 0.000087
18.680920 0.000086
18.689672 0.000086
18.698425 0.000086
18.707177 0.000086
18.715929 0.000085
18.724681 0.000085
18.733433 0.000085
18.742186 0.000084
18.750938 0.000084
18.759690 0.000084
18.768442 0.000084
18.777194 0.000083
18.785946 0.000083
18.794699 0.000083
18.803451 0.000083
18.812203 0.000082
18.820955 0.000082
18.829707 0.000082
18.838460 0.000082
18.847212 0.000081
18.855964 0.000081
18.864716 0.000081
18.873468 0.000081
18.882221 0.000080
18.890973 0.000080
18.899725 0.000080
18.908477 0.000080
18.917229 0.000080
18.925981 0.000079
18.934734 0.000079
18.943486 0.000079
18.952238 0.000079
18.960990 0.000079
18.969742 0.000078
18.978495 0.000078
18.987247 0.000078
18.995999 0.000078
19.004751 0.000078
19.013503 0.000077
19.022256 0.000077
19.031008 0.000077
19.039760 0.000077
19.048512 0.000077
19.057264 0.000077
19.066017 0.000076
19.074769 0.000076
19.083521 0.000076
19.092273 0.000076
19.101025 0.000076
19.109777 0.000076
19.118530 0.000075
19.127282 0.000075
19.136034 0.000075
19.144786 0.000075
19.153538 0.000075
19.162291 0.000075
19.171043 0.000075
19.179795 0.000075
19.188547 0.000074
19.197299 0.000074
19.206052 0.000074
19.214804 0.000074
19.223556 0.000074
19.232308 0.000074
19.241060 0.000074
19.249812 0.000074
19.258565 0.000074
19.267317 0.000074
19.276069 0.000074
19.284821 0.000073
19.293573 0.000073
19.302326 0.000073
19.311078 0.000073
19.319830 0.000073
19.328582 0.000073
19.337334 0.000073
19.346087 0.000073
19.354839 0.000073
19.363591 0.000073
19.372343 0.000073
19.381095 0.000073
19.389847 0.000073
19.398600 0.000073
19.407352 0.000073
19.416104 0.000073
19.424856 0.000073
19.433608 0.000073
19.442361 0.000073
19.451113 0.000073
19.459865 0.000073
19.468617 0.000073
19.477369 0.000073
19.486122 0.000074
19.494874 0.000074
19.503626 0.000074
19.512378 0.000074
19.521130 0.000074
19.529882 0.000074
19.538635 0.000074
19.547387 0.000074
19.556139 0.000074
19.564891 0.000075
19.573643 0.000075
19.582396 0.000075
19.591148 0.000075
19.599900 0.000075
19.608652 0.000075
19.617404 0.000076
19.626157 0.000076
19.634909 0.000076
19.643661 0.000076
19.652413 0.000077
19.661165 0.000077
19.669917 0.000077
19.678670 0.000078
19.687422 0.000078
19.696174 0.000078
19.704926 0.000079
19.713678 0.000079
19.722431 0.000079
19.731183 0.000080
19.739935 0.000080
19.748687 0.000081
19.757439 0.000081
19.766192 0.000082
19.774944 0.000082
19.783696 0.000083
19.792448 0.000083
19.801200 0.000084
19.809952 0.000085
19.818705 0.000085
19.827457 0.000086
19.836209 0.000087
19.844961 0.000088
19.853713 0.000088
19.862466 0.000089
19.871218 0.000090
19.879970 0.000091
19.888722 0.000092
19.897474 0.000093
19.906227 0.000094
19.914979 0.000095
19.923731 0.000096
19.932483 0.000098
19.941235 0.000099
19.949987 0.000100
19.958740 0.000102
19.967492 0.000103
19.976244 0.000105
19.984996 0.000107
19.993748 0.000108
20.002501 0.000110
20.011253 0.000112
20.020005 0.000114
20.028757 0.000116
20.037509 0.000119
20.046262 0.000121
20.055014 0.000123
20.063766 0.000126
20.072518 0.000129
20.081270 0.000132
20.090023 0.000135
20.098775 0.000138
20.107527 0.000141
20.116279 0.000145
20.125031 0.000148
20.133783 0.000152
20.142536 0.000156
20.151288 0.000161
20.160040 0.000165
20.168792 0.000170
20.177544 0.000174
20.186297 0.000179
20.195049 0.000185
20.203801 0.000190
20.212553 0.000196
20.221305 0.000202
20.230058 0.000208
20.238810 0.000214
20.247562 0.000220
20.256314 0.000227
20.265066 0.000234
20.273818 0.000241
20.282571 0.000248
20.291323 0.000256
20.300075 0.000263
20.308827 0.000271
20.317579 0.000279
20.326332 0.000287
20.335084 0.000295
20.343836 0.000303
20.352588 0.000311
20.361340 0.000319
20.370093 0.000327
20.378845 0.000336
20.387597 0.000343
20.396349 0.000351
20.405101 0.000359
20.413853 0.000366
20.422606 0.000373
20.431358 0.000380
20.440110 0.000387
20.448862 0.000393
20.457614 0.000399
20.466367 0.000404
20.475119 0.000408
20.483871 0.000413
20.492623 0.000416
20.501375 0.000419
20.510128 0.000422
20.518880 0.000424
20.527632 0.000425
20.536384 0.000425
20.545136 0.000425
20.553888 0.000424
20.562641 0.000423
20.571393 0.000420
20.580145 0.000417
20.588897 0.000414
20.597649 0.000410
20.606402 0.000405
20.615154 0.000400
20.623906 0.000394
20.632658 0.000388
20.641410 0.000381
20.650163 0.000374
20.658915 0.000367
20.667667 0.000359
20.676419 0.000351
20.685171 0.000343
20.693923 0.000334
20.702676 0.000326
20.711428 0.000317
20.720180 0.000308
20.728932 0.000300
20.737684 0.000291
20.746437 0.000282
20.755189 0.000274
20.763941 0.000265
20.772693 0.000257
20.781445 0.000249
20.790198 0.000241
20.798950 0.000233
20.807702 0.000226
20.816454 0.000219
20.825206 0.000212
20.833958 0.000205
20.842711 0.000198
20.851463 0.000192
20.860215 0.000186
20.868967 0.000180
20.877719 0.000174
20.886472 0.000169
20.895224 0.000164
20.903976 0.000159
20.912728 0.000154
20.921480 0.000149
20.930233 0.000145
20.938985 0.000141
20.947737 0.000137
20.956489 0.000133
20.965241 0.000129
20.973993 0.000126
20.982746 0.000123
20.991498 0.000119
21.000250 0.000116
21.009002 0.000113
21.017754 0.000111
21.026507 0.000108
21.035259 0.000105
21.044011 0.000103
21.052763 0.000101
21.061515 0.000098
21.070268 0.000096
21.079020 0.000094
21.087772 0.000092
21.096524 0.000090
21.105276 0.000089
21.114029 0.000087
21.122781 0.000085
21.131533 0.000084
21.140285 0.000082
21.149037 0.000081
21.157789 0.000079
21.166542 0.000078
21.175294 0.000076
21.184046 0.000075
21.192798 0.000074
21.201550 0.000073
21.210303 0.000072
21.219055 0.000071
21.227807 0.000069
21.236559 0.000068
21.245311 0.000067
21.254064 0.000066
21.262816 0.000066
21.271568 0.000065
21.280320 0.000064
21.289072 0.000063
21.297824 0.000062
21.306577 0.000061
21.315329 0.000060
21.324081 0.000060
21.332833 0.000059
21.341585 0.000058
21.350338 0.000058
21.359090 0.000057
21.367842 0.000056
21.376594 0.000056
21.385346 0.000055
21.394099 0.000054
21.402851 0.000054
21.411603 0.000053
21.420355 0.000053
21.429107 0.000052
21.437859 0.000052
21.446612 0.000051
21.455364 0.000051
21.464116 0.000050
21.472868 0.000050
21.481620 0.000049
21.490373 0.000049
21.499125 0.000048
21.507877 0.000048
21.516629 0.000047
21.525381 0.000047
21.534134 0.000047
21.542886 0.000046
21.551638 0.000046
21.560390 0.000045
21.569142 0.000045
21.577894 0.000045
21.586647 0.000044
21.595399 0.000044
21.604151 0.000044
21.612903 0.000043
21.621655 0.000043
21.630408 0.000043
21.639160 0.000042
21.647912 0.000042
21.656664 0.000042
21.665416 0.000041
21.674169 0.000041
21.682921 0.000041
21.691673 0.000041
21.700425 0.000040
21.709177 0.000040
21.717929 0.000040
21.726682 0.000039
21.735434 0.000039
21.744186 0.000039
21.752938 0.000039
21.761690 0.000038
21.770443 0.000038
21.779195 0.000038
21.787947 0.000038
21.796699 0.000037
21.805451 0.000037
21.814204 0.000037
21.822956 0.000037
21.831708 0.000037
21.840460 0.000036
21.849212 0.000036
21.857964 0.000036
21.866717 0.000036
21.875469 0.000036
21.884221 0.000035
21.892973 0.000035
21.901725 0.000035
21.910478 0.000035
21.919230 0.000035
21.927982 0.000034
21.936734 0.000034
21.945486 0.000034
21.954239 0.000034
21.962991 0.000034
21.971743 0.000033
21.980495 0.000033
21.989247 0.000033
21.997999 0.000033
22.006752 0.000033
22.015504 0.000033
22.024256 0.000032
22.033008 0.000032
22.041760 0.000032
22.050513 0.000032
22.059265 0.000032
22.068017 0.000032
22.076769 0.000032
22.085521 0.000031
22.094274 0.000031
22.103026 0.000031
22.111778 0.000031
22.120530 0.000031
22.129282 0.000031
22.138035 0.000031
22.146787 0.000030
22.155539 0.000030
22.164291 0.000030
22.173043 0.000030
22.181795 0.000030
22.190548 0.000030
22.199300 0.000030
22.208052 0.000029
22.216804 0.000029
22.225556 0.000029
22.234309 0.000029
22.243061 0.000029
22.251813 0.000029
22.260565 0.000029
22.269317 0.000029
22.278070 0.000029
22.286822 0.000028
22.295574 0.000028
22.304326 0.000028
22.313078 0.000028
22.321830 0.000028
22.330583 0.000028
22.339335 0.000028
22.348087 0.000028
22.356839 0.000028
22.365591 0.000027
22.374344 0.000027
22.383096 0.000027
22.391848 0.000027
22.400600 0.000027
22.409352 0.000027
22.418105 0.000027
22.426857 0.000027
22.435609 0.000027
22.444361 0.000026
22.453113 0.000026
22.461865 0.000026
22.470618 0.000026
22.479370 0.000026
22.488122 0.000026
22.496874 0.000026
22.505626 0.000026
22.514379 0.000026
22.523131 0.000026
22.531883 0.000026
22.540635 0.000025
22.549387 0.000025
22.558140 0.000025
22.566892 0.000025
22.575644 0.000025
22.584396 0.000025
22.593148 0.000025
22.601900 0.000025
22.610653 0.000025
22.619405 0.000025
22.628157 0.000025
22.636909 0.000025
22.645661 0.000024
22.654414 0.000024
22.663166 0.000024
22.671918 0.000024
22.680670 0.000024
22.689422 0.000024
22.698175 0.000024
22.706927 0.000024
22.715679 0.000024
22.724431 0.000024
22.733183 0.000024
22.741935 0.000024
22.750688 0.000023
22.759440 0.000023
22.768192 0.000023
22.776944 0.000023
22.785696 0.000023
22.794449 0.000023
22.803201 0.000023
22.811953 0.000023
22.820705 0.000023
22.829457 0.000023
22.838210 0.000023
22.846962 0.000023
22.855714 0.000023
22.864466 0.000023
22.873218 0.000022
22.881970 0.000022
22.890723 0.000022
22.899475 0.000022
22.908227 0.000022
22.916979 0.000022
22.925731 0.000022
22.934484 0.000022
22.943236 0.000022
22.951988 0.000022
22.960740 0.000022
22.969492 0.000022
22.978245 0.000022
22.986997 0.000022
22.995749 0.000022
23.004501 0.000021
23.013253 0.000021
23.022006 0.000021
23.030758 0.000021
23.039510 0.000021
23.048262 0.000021
23.057014 0.000021
23.065766 0.000021
23.074519 0.000021
23.083271 0.000021
23.092023 0.000021
23.100775 0.000021
23.109527 0.000021
23.118280 0.000021
23.127032 0.000021
23.135784 0.000021
23.144536 0.000021
23.153288 0.000020
23.162041 0.000020
23.170793 0.000020
23.179545 0.000020
23.188297 0.000020
23.197049 0.000020
23.205801 0.000020
23.214554 0.000020
23.223306 0.000020
23.232058 0.000020
23.240810 0.000020
23.249562 0.000020
23.258315 0.000020
23.267067 0.000020
23.275819 0.000020
23.284571 0.000020
23.293323 0.000020
23.302076 0.000020
23.310828 0.000019
23.319580 0.000019
23.328332 0.000019
23.337084 0.000019
23.345836 0.000019
23.354589 0.000019
23.363341 0.000019
23.372093 0.000019
23.380845 0.000019
23.389597 0.000019
23.398350 0.000019
23.407102 0.000019
23.415854 0.000019
23.424606 0.000019
23.433358 0.000019
23.442111 0.000019
23.450863 0.000019
23.459615 0.000019
23.468367 0.000019
23.477119 0.000019
23.485871 0.000018
23.494624 0.000018
23.503376 0.000018
23.512128 0.000018
23.520880 0.000018
23.529632 0.000018
23.538385 0.000018
23.547137 0.000018
23.555889 0.000018
23.564641 0.000018
23.573393 0.000018
23.582146 0.000018
23.590898 0.000018
23.599650 0.000018
23.608402 0.000018
23.617154 0.000018
23.625906 0.000018
23.634659 0.000018
23.643411 0.000018
23.652163 0.000018
23.660915 0.000018
23.669667 0.000017
23.678420 0.000017
23.687172 0.000017
23.695924 0.000017
23.704676 0.000017
23.713428 0.000017
23.722181 0.000017
23.730933 0.000017
23.739685 0.000017
23.748437 0.000017
23.757189 0.000017
23.765941 0.000017
23.774694 0.000017
23.783446 0.000017
23.792198 0.000017
23.800950 0.000017
23.809702 0.000017
23.818455 0.000017
23.827207 0.000017
23.835959 0.000017
23.844711 0.000017
23.853463 0.000017
23.862216 0.000017
23.870968 0.000017
23.879720 0.000017
23.888472 0.000016
23.897224 0.000016
23.905976 0.000016
23.914729 0.000016
23.923481 0.000016
23.932233 0.000016
23.940985 0.000016
23.949737 0.000016
23.958490 0.000016
23.967242 0.000016
23.975994 0.000016
23.984746 0.000016
23.993498 0.000016
24.002251 0.000016
24.011003 0.000016
24.019755 0.000016
24.028507 0.000016
24.037259 0.000016
24.046012 0.000016
24.054764 0.000016
24.063516 0.000016
24.072268 0.000016
24.081020 0.000016
24.089772 0.000016
24.098525 0.000016
24.107277 0.000016
24.116029 0.000015
24.124781 0.000015
24.133533 0.000015
24.142286 0.000015
24.151038 0.000015
24.159790 0.000015
24.168542 0.000015
24.177294 0.000015
24.186047 0.000015
24.194799 0.000015
24.203551 0.000015
24.212303 0.000015
24.221055 0.000015
24.229807 0.000015
24.238560 0.000015
24.247312 0.000015
24.256064 0.000015
24.264816 0.000015
24.273568 0.000015
24.282321 0.000015
24.291073 0.000015
24.299825 0.000015
24.308577 0.000015
24.317329 0.000015
24.326082 0.000015
24.334834 0.000015
24.343586 0.000015
24.352338 0.000015
24.361090 0.000015
24.369842 0.000015
24.378595 0.000014
24.387347 0.000014
24.396099 0.000014
24.404851 0.000014
24.413603 0.000014
24.422356 0.000014
24.431108 0.000014
24.439860 0.000014
24.448612 0.000014
24.457364 0.000014
24.466117 0.000014
24.474869 0.000014
24.483621 0.000014
24.492373 0.000014
24.501125 0.000014
24.509877 0.000014
24.518630 0.000014
24.527382 0.000014
24.536134 0.000014
24.544886 0.000014
24.553638 0.000014
24.562391 0.000014
24.571143 0.000014
24.579895 0.000014
24.588647 0.000014
24.597399 0.000014
24.606152 0.000014
24.614904 0.000014
24.623656 0.000014
24.632408 0.000014
24.641160 0.000014
24.649912 0.000014
24.658665 0.000013
24.667417 0.000013
24.676169 0.000013
24.684921 0.000013
24.693673 0.000013
24.702426 0.000013
24.711178 0.000013
24.719930 0.000013
24.728682 0.000013
24.737434 0.000013
24.746187 0.000013
24.754939 0.000013
24.763691 0.000013
24.772443 0.000013
24.781195 0.000013
24.789947 0.000013
24.798700 0.000013
24.807452 0.000013
24.816204 0.000013
24.824956 0.000012
24.833708 0.000012
24.842461 0.000012
24.851213 0.000012
24.859965 0.000012
24.868717 0.000012
24.877469 0.000011
24.886222 0.000011
24.894974 0.000011
24.903726 0.000011
24.912478 0.000010
24.921230 0.000010
24.929982 0.000010
24.938735 0.000009
24.947487 0.000009
24.956239 0.000008
24.964991 0.000008
24.973743 0.000007
24.982496 0.000007
24.991248 0.000007

Sticks
-4.039760 0.000001
-4.022256 -0.009628
-3.995999 0.010308
-3.952238 0.019517
-3.864716 -0.039406
-3.768442 -0.032636
-2.525631 0.000029
-2.324331 -0.001568
-2.131783 0.007641
-1.904226 -0.000614
-1.895474 0.006228
-1.799200 -0.000192
-1.790448 0.001882
-1.422856 -0.000466
-1.247812 0.000067
-0.547637 -0.000501
-0.538885 -0.001525
-0.136284 -0.000197
-0.013753 0.000007
2.734434 -0.000002
2.743186 0.000007
2.786947 -0.000007
2.804451 -0.000026
2.848212 -0.000004
2.891973 -0.000000
2.900725 0.000000
3.102026 -0.000000
3.119530 0.000005
3.163291 -0.000186
3.172043 -0.000308
3.180795 -0.000024
3.189547 0.000312
3.233308 -0.000050
3.242061 -0.000122
3.390848 -0.000065
3.399600 0.000651
13.438360 0.017694
13.534634 -0.007599
14.514879 0.016609
15.390098 0.001101
15.468867 -0.000821
16.064016 -0.000192
16.247812 -0.000026
16.702926 0.000174
20.011253 -0.000001
20.072518 -0.000001
20.431358 -0.000013
20.440110 0.000130
20.457614 -0.000069
20.553888 -0.000110
20.562641 0.000361
