-10.000000 0.000077
-9.991248 0.000082
-9.982496 0.000088
-9.973743 0.000093
-9.964991 0.000098
-9.956239 0.000103
-9.947487 0.000107
-9.938735 0.000112
-9.929982 0.000116
-9.921230 0.000120
-9.912478 0.000124
-9.903726 0.000127
-9.894974 0.000131
-9.886222 0.000134
-9.877469 0.000136
-9.868717 0.000139
-9.859965 0.000141
-9.851213 0.000143
-9.842461 0.000145
-9.833708 0.000147
-9.824956 0.000148
-9.816204 0.000150
-9.807452 0.000151
-9.798700 0.000152
-9.789947 0.000153
-9.781195 0.000154
-9.772443 0.000155
-9.763691 0.000156
-9.754939 0.000156
-9.746187 0.000157
-9.737434 0.000157
-9.728682 0.000158
-9.719930 0.000159
-9.711178 0.000159
-9.702426 0.000160
-9.693673 0.000160
-9.684921 0.000161
-9.676169 0.000161
-9.667417 0.000162
-9.658665 0.000162
-9.649912 0.000163
-9.641160 0.000163
-9.632408 0.000164
-9.623656 0.000164
-9.614904 0.000165
-9.606152 0.000165
-9.597399 0.000165
-9.588647 0.000166
-9.579895 0.000166
-9.571143 0.000167
-9.562391 0.000167
-9.553638 0.000168
-9.544886 0.000168
-9.536134 0.000169
-9.527382 0.000169
-9.518630 0.000170
-9.509877 0.000170
-9.501125 0.000171
-9.492373 0.000171
-9.483621 0.000172
-9.474869 0.000172
-9.466117 0.000173
-9.457364 0.000173
-9.448612 0.000174
-9.439860 0.000175
-9.431108 0.000175
-9.422356 0.000176
-9.413603 0.000176
-9.404851 0.000177
-9.396099 0.000177
-9.387347 0.000178
-9.378595 0.000178
-9.369842 0.000179
-9.361090 0.000179
-9.352338 0.000180
-9.343586 0.000180
-9.334834 0.000181
-9.326082 0.000182
-9.317329 0.000182
-9.308577 0.000183
-9.299825 0.000183
-9.291073 0.000184
-9.282321 0.000184
-9.273568 0.000185
-9.264816 0.000185
-9.256064 0.000186
-9.247312 0.000187
-9.238560 0.000187
-9.229807 0.000188
-9.221055 0.000188
-9.212303 0.000189
-9.203551 0.000190
-9.194799 0.000190
-9.186047 0.000191
-9.177294 0.000191
-9.168542 0.000192
-9.159790 0.000193
-9.151038 0.000193
-9.142286 0.000194
-9.133533 0.000194
-9.124781 0.000195
-9.116029 0.000196
-9.107277 0.000196
-9.098525 0.000197
-9.089772 0.000198
-9.081020 0.000198
-9.072268 0.000199
-9.063516 0.000199
-9.054764 0.000200
-9.046012 0.000201
-9.037259 0.000201
-9.028507 0.000202
-9.019755 0.000203
-9.011003 0.000203
-9.002251 0.000204
-8.993498 0.000205
-8.984746 0.000205
-8.975994 0.000206
-8.967242 0.000207
-8.958490 0.000207
-8.949737 0.000208
-8.940985 0.000209
-8.932233 0.000209
-8.923481 0.000210
-8.914729 0.000211
-8.905976 0.000212
-8.897224 0.000212
-8.888472 0.000213
-8.879720 0.000214
-8.870968 0.000214
-8.862216 0.000215
-8.853463 0.000216
-8.844711 0.000217
-8.835959 0.000217
-8.827207 0.000218
-8.818455 0.000219
-8.809702 0.000220
-8.800950 0.000220
-8.792198 0.000221
-8.783446 0.000222
-8.774694 0.000223
-8.765941 0.000223
-8.757189 0.000224
-8.748437 0.000225
-8.739685 0.000226
-8.730933 0.000226
-8.722181 0.000227
-8.713428 0.000228
-8.704676 0.000229
-8.695924 0.000230
-8.687172 0.000230
-8.678420 0.000231
-8.669667 0.000232
-8.660915 0.000233
-8.652163 0.000234
-8.643411 0.000234
-8.634659 0.000235
-8.625906 0.000236
-8.617154 0.000237
-8.608402 0.000238
-8.599650 0.000239
-8.590898 0.000239
-8.582146 0.000240
-8.573393 0.000241
-8.564641 0.000242
-8.555889 0.000243
-8.547137 0.000244
-8.538385 0.000245
-8.529632 0.000245
-8.520880 0.000246
-8.512128 0.000247
-8.503376 0.000248
-8.494624 0.000249
-8.485871 0.000250
-8.477119 0.000251
-8.468367 0.000252
-8.459615 0.000253
-8.450863 0.000254
-8.442111 0.000255
-8.433358 0.000255
-8.424606 0.000256
-8.415854 0.000257
-8.407102 0.000258
-8.398350 0.000259
-8.389597 0.000260
-8.380845 0.000261
-8.372093 0.000262
-8.363341 0.000263
-8.354589 0.000264
-8.345836 0.000265
-8.337084 0.000266
-8.328332 0.000267
-8.319580 0.000268
-8.310828 0.000269
-8.302076 0.000270
-8.293323 0.000271
-8.284571 0.000272
-8.275819 0.000273
-8.267067 0.000274
-8.258315 0.000275
-8.249562 0.000276
-8.240810 0.000278
-8.232058 0.000279
-8.223306 0.000280
-8.214554 0.000281
-8.205801 0.000282
-8.197049 0.000283
-8.188297 0.000284
-8.179545 0.000285
-8.170793 0.000286
-8.162041 0.000287
-8.153288 0.000288
-8.144536 0.000290
-8.135784 0.000291
-8.127032 0.000292
-8.118280 0.000293
-8.109527 0.000294
-8.100775 0.000295
-8.092023 0.000297
-8.083271 0.000298
-8.074519 0.000299
-8.065766 0.000300
-8.057014 0.000301
-8.048262 0.000303
-8.039510 0.000304
-8.030758 0.000305
-8.022006 0.000306
-8.013253 0.000307
-8.004501 0.000309
-7.995749 0.000310
-7.986997 0.000311
-7.978245 0.000313
-7.969492 0.000314
-7.960740 0.000315
-7.951988 0.000316
-7.943236 0.000318
-7.934484 0.000319
-7.925731 0.000320
-7.916979 0.000322
-7.908227 0.000323
-7.899475 0.000324
-7.890723 0.000326
-7.881970 0.000327
-7.873218 0.000328
-7.864466 0.000330
-7.855714 0.000331
-7.846962 0.000333
-7.838210 0.000334
-7.829457 0.000335
-7.820705 0.000337
-7.811953 0.000338
-7.803201 0.000340
-7.794449 0.000341
-7.785696 0.000343
-7.776944 0.000344
-7.768192 0.000346
-7.759440 0.000347
-7.750688 0.000349
-7.741935 0.000350
-7.733183 0.000352
-7.724431 0.000353
-7.715679 0.000355
-7.706927 0.000356
-7.698175 0.000358
-7.689422 0.000360
-7.680670 0.000361
-7.671918 0.000363
-7.663166 0.000364
-7.654414 0.000366
-7.645661 0.000368
-7.636909 0.000369
-7.628157 0.000371
-7.619405 0.000373
-7.610653 0.000374
-7.601900 0.000376
-7.593148 0.000378
-7.584396 0.000379
-7.575644 0.000381
-7.566892 0.000383
-7.558140 0.000385
-7.549387 0.000386
-7.540635 0.000388
-7.531883 0.000390
-7.523131 0.000392
-7.514379 0.000394
-7.505626 0.000395
-7.496874 0.000397
-7.488122 0.000399
-7.479370 0.000401
-7.470618 0.000403
-7.461865 0.000405
-7.453113 0.000407
-7.444361 0.000408
-7.435609 0.000410
-7.426857 0.000412
-7.418105 0.000414
-7.409352 0.000416
-7.400600 0.000418
-7.391848 0.000420
-7.383096 0.000422
-7.374344 0.000424
-7.365591 0.000426
-7.356839 0.000428
-7.348087 0.000431
-7.339335 0.000433
-7.330583 0.000435
-7.321830 0.000437
-7.313078 0.000439
-7.304326 0.000441
-7.295574 0.000443
-7.286822 0.000446
-7.278070 0.000448
-7.269317 0.000450
-7.260565 0.000452
-7.251813 0.000454
-7.243061 0.000457
-7.234309 0.000459
-7.225556 0.000461
-7.216804 0.000464
-7.208052 0.000466
-7.199300 0.000468
-7.190548 0.000471
-7.181795 0.000473
-7.173043 0.000476
-7.164291 0.000478
-7.155539 0.000481
-7.146787 0.000483
-7.138035 0.000486
-7.129282 0.000488
-7.120530 0.000491
-7.111778 0.000493
-7.103026 0.000496
-7.094274 0.000498
-7.085521 0.000501
-7.076769 0.000504
-7.068017 0.000506
-7.059265 0.000509
-7.050513 0.000512
-7.041760 0.000514
-7.033008 0.000517
-7.024256 0.000520
-7.015504 0.000523
-7.006752 0.000526
-6.997999 0.000528
-6.989247 0.000531
-6.980495 0.000534
-6.971743 0.000537
-6.962991 0.000540
-6.954239 0.000543
-6.945486 0.000546
-6.936734 0.000549
-6.927982 0.000552
-6.919230 0.000555
-6.910478 0.000558
-6.901725 0.000561
-6.892973 0.000564
-6.884221 0.000568
-6.875469 0.000571
-6.866717 0.000574
-6.857964 0.000577
-6.849212 0.000581
-6.840460 0.000584
-6.831708 0.000587
-6.822956 0.000591
-6.814204 0.000594
-6.805451 0.000597
-6.796699 0.000601
-6.787947 0.000604
-6.779195 0.000608
-6.770443 0.000612
-6.761690 0.000615
-6.752938 0.000619
-6.744186 0.000622
-6.735434 0.000626
-6.726682 0.000630
-6.717929 0.000634
-6.709177 0.000637
-6.700425 0.000641
-6.691673 0.000645
-6.682921 0.000649
-6.674169 0.000653
-6.665416 0.000657
-6.656664 0.000661
-6.647912 0.000665
-6.639160 0.000669
-6.630408 0.000673
-6.621655 0.000677
-6.612903 0.000681
-6.604151 0.000686
-6.595399 0.000690
-6.586647 0.000694
-6.577894 0.000699
-6.569142 0.000703
-6.560390 0.000708
-6.551638 0.000712
-6.542886 0.000717
-6.534134 0.000721
-6.525381 0.000726
-6.516629 0.000730
-6.507877 0.000735
-6.499125 0.000740
-6.490373 0.000745
-6.481620 0.000750
-6.472868 0.000754
-6.464116 0.000759
-6.455364 0.000764
-6.446612 0.000769
-6.437859 0.000775
-6.429107 0.000780
-6.420355 0.000785
-6.411603 0.000790
-6.402851 0.000796
-6.394099 0.000801
-6.385346 0.000806
-6.376594 0.000812
-6.367842 0.000817
-6.359090 0.000823
-6.350338 0.000829
-6.341585 0.000834
-6.332833 0.000840
-6.324081 0.000846
-6.315329 0.000852
-6.306577 0.000858
-6.297824 0.000864
-6.289072 0.000870
-6.280320 0.000876
-6.271568 0.000882
-6.262816 0.000889
-6.254064 0.000895
-6.245311 0.000901
-6.236559 0.000908
-6.227807 0.000915
-6.219055 0.000921
-6.210303 0.000928
-6.201550 0.000935
-6.192798 0.000942
-6.184046 0.000949
-6.175294 0.000956
-6.166542 0.000963
-6.157789 0.000970
-6.149037 0.000977
-6.140285 0.000985
-6.131533 0.000992
-6.122781 0.001000
-6.114029 0.001007
-6.105276 0.001015
-6.096524 0.001023
-6.087772 0.001031
-6.079020 0.001039
-6.070268 0.001047
-6.061515 0.001055
-6.052763 0.001063
-6.044011 0.001072
-6.035259 0.001080
-6.026507 0.001089
-6.017754 0.001097
-6.009002 0.001106
-6.000250 0.001115
-5.991498 0.001124
-5.982746 0.001133
-5.973993 0.001143
-5.965241 0.001152
-5.956489 0.001161
-5.947737 0.001171
-5.938985 0.001181
-5.930233 0.001191
-5.921480 0.001201
-5.912728 0.001211
-5.903976 0.001221
-5.895224 0.001231
-5.886472 0.001242
-5.877719 0.001252
-5.868967 0.001263
-5.860215 0.001274
-5.851463 0.001285
-5.842711 0.001296
-5.833958 0.001308
-5.825206 0.001319
-5.816454 0.001331
-5.807702 0.001343
-5.798950 0.001355
-5.790198 0.001367
-5.781445 0.001379
-5.772693 0.001392
-5.763941 0.001404
-5.755189 0.001417
-5.746437 0.001430
-5.737684 0.001443
-5.728932 0.001457
-5.720180 0.001470
-5.711428 0.001484
-5.702676 0.001498
-5.693923 0.001512
-5.685171 0.001527
-5.676419 0.001541
-5.667667 0.001556
-5.658915 0.001571
-5.650163 0.001587
-5.641410 0.001602
-5.632658 0.001618
-5.623906 0.001634
-5.615154 0.001650
-5.606402 0.001666
-5.597649 0.001683
-5.588897 0.001700
-5.580145 0.001717
-5.571393 0.001735
-5.562641 0.001753
-5.553888 0.001771
-5.545136 0.001789
-5.536384 0.001808
-5.527632 0.001826
-5.518880 0.001846
-5.510128 0.001865
-5.501375 0.001885
-5.492623 0.001905
-5.483871 0.001926
-5.475119 0.001947
-5.466367 0.001968
-5.457614 0.001989
-5.448862 0.002011
-5.440110 0.002034
-5.431358 0.002056
-5.422606 0.002079
-5.413853 0.002103
-5.405101 0.002127
-5.396349 0.002151
-5.387597 0.002176
-5.378845 0.002201
-5.370093 0.002226
-5.361340 0.002252
-5.352588 0.002279
-5.343836 0.002306
-5.335084 0.002333
-5.326332 0.002361
-5.317579 0.002390
-5.308827 0.002419
-5.300075 0.002448
-5.291323 0.002478
-5.282571 0.002509
-5.273818 0.002540
-5.265066 0.002572
-5.256314 0.002605
-5.247562 0.002638
-5.238810 0.002672
-5.230058 0.002706
-5.221305 0.002741
-5.212553 0.002777
-5.203801 0.002814
-5.195049 0.002851
-5.186297 0.002889
-5.177544 0.002928
-5.168792 0.002967
-5.160040 0.003008
-5.151288 0.003049
-5.142536 0.003091
-5.133783 0.003134
-5.125031 0.003178
-5.116279 0.003223
-5.107527 0.003269
-5.098775 0.003316
-5.090023 0.003364
-5.081270 0.003413
-5.072518 0.003463
-5.063766 0.003514
-5.055014 0.003567
-5.046262 0.003620
-5.037509 0.003675
-5.028757 0.003731
-5.020005 0.003789
-5.011253 0.003847
-5.002501 0.003908
-4.993748 0.003969
-4.984996 0.004032
-4.976244 0.004097
-4.967492 0.004163
-4.958740 0.004231
-4.949987 0.004301
-4.941235 0.004372
-4.932483 0.004445
-4.923731 0.004520
-4.914979 0.004597
-4.906227 0.004676
-4.897474 0.004758
-4.888722 0.004841
-4.879970 0.004926
-4.871218 0.005014
-4.862466 0.005104
-4.853713 0.005197
-4.844961 0.005292
-4.836209 0.005390
-4.827457 0.005491
-4.818705 0.005595
-4.809952 0.005702
-4.801200 0.005811
-4.792448 0.005924
-4.783696 0.006041
-4.774944 0.006161
-4.766192 0.006284
-4.757439 0.006411
-4.748687 0.006543
-4.739935 0.006678
-4.731183 0.006818
-4.722431 0.006962
-4.713678 0.007111
-4.704926 0.007264
-4.696174 0.007423
-4.687422 0.007587
-4.678670 0.007757
-4.669917 0.007932
-4.661165 0.008113
-4.652413 0.008301
-4.643661 0.008495
-4.634909 0.008697
-4.626157 0.008905
-4.617404 0.009121
-4.608652 0.009345
-4.599900 0.009577
-4.591148 0.009819
-4.582396 0.010069
-4.573643 0.010329
-4.564891 0.010599
-4.556139 0.010879
-4.547387 0.011171
-4.538635 0.011474
-4.529882 0.011790
-4.521130 0.012119
-4.512378 0.012461
-4.503626 0.012818
-4.494874 0.013190
-4.486122 0.013577
-4.477369 0.013982
-4.468617 0.014404
-4.459865 0.014844
-4.451113 0.015304
-4.442361 0.015784
-4.433608 0.016286
-4.424856 0.016811
-4.416104 0.017359
-4.407352 0.017932
-4.398600 0.018532
-4.389847 0.019159
-4.381095 0.019815
-4.372343 0.020501
-4.363591 0.021219
-4.354839 0.021969
-4.346087 0.022755
-4.337334 0.023576
-4.328582 0.024434
-4.319830 0.025330
-4.311078 0.026267
-4.302326 0.027245
-4.293573 0.028266
-4.284821 0.029330
-4.276069 0.030438
-4.267317 0.031592
-4.258565 0.032793
-4.249812 0.034040
-4.241060 0.035334
-4.232308 0.036675
-4.223556 0.038063
-4.214804 0.039498
-4.206052 0.040978
-4.197299 0.042503
-4.188547 0.044071
-4.179795 0.045680
-4.171043 0.047328
-4.162291 0.049012
-4.153538 0.050729
-4.144786 0.052475
-4.136034 0.054247
-4.127282 0.056041
-4.118530 0.057850
-4.109777 0.059670
-4.101025 0.061495
-4.092273 0.063320
-4.083521 0.065137
-4.074769 0.066940
-4.066017 0.068723
-4.057264 0.070477
-4.048512 0.072196
-4.039760 0.073872
-4.031008 0.075498
-4.022256 0.077065
-4.013503 0.078568
-4.004751 0.079997
-3.995999 0.081347
-3.987247 0.082609
-3.978495 0.083778
-3.969742 0.084847
-3.960990 0.085811
-3.952238 0.086663
-3.943486 0.087400
-3.934734 0.088016
-3.925981 0.088509
-3.917229 0.088875
-3.908477 0.089112
-3.899725 0.089219
-3.890973 0.089195
-3.882221 0.089039
-3.873468 0.088753
-3.864716 0.088338
-3.855964 0.087797
-3.847212 0.087131
-3.838460 0.086346
-3.829707 0.085446
-3.820955 0.084434
-3.812203 0.083318
-3.803451 0.082103
-3.794699 0.080795
-3.785946 0.079402
-3.777194 0.077931
-3.768442 0.076389
-3.759690 0.074784
-3.750938 0.073124
-3.742186 0.071416
-3.733433 0.069669
-3.724681 0.067890
-3.715929 0.066087
-3.707177 0.064267
-3.698425 0.062437
-3.689672 0.060604
-3.680920 0.058775
-3.672168 0.056954
-3.663416 0.055149
-3.654664 0.053364
-3.645911 0.051603
-3.637159 0.049872
-3.628407 0.048173
-3.619655 0.046511
-3.610903 0.044887
-3.602151 0.043305
-3.593398 0.041766
-3.584646 0.040272
-3.575894 0.038824
-3.567142 0.037424
-3.558390 0.036071
-3.549637 0.034765
-3.540885 0.033507
-3.532133 0.032297
-3.523381 0.031133
-3.514629 0.030016
-3.505876 0.028944
-3.497124 0.027916
-3.488372 0.026932
-3.479620 0.025989
-3.470868 0.025087
-3.462116 0.024224
-3.453363 0.023399
-3.444611 0.022611
-3.435859 0.021857
-3.427107 0.021138
-3.418355 0.020450
-3.409602 0.019793
-3.400850 0.019166
-3.392098 0.018567
-3.383346 0.017995
-3.374594 0.017448
-3.365841 0.016925
-3.357089 0.016426
-3.348337 0.015949
-3.339585 0.015493
-3.330833 0.015057
-3.322081 0.014640
-3.313328 0.014241
-3.304576 0.013859
-3.295824 0.013493
-3.287072 0.013143
-3.278320 0.012808
-3.269567 0.012487
-3.260815 0.012179
-3.252063 0.011885
-3.243311 0.011602
-3.234559 0.011331
-3.225806 0.011071
-3.217054 0.010821
-3.208302 0.010582
-3.199550 0.010352
-3.190798 0.010131
-3.182046 0.009920
-3.173293 0.009716
-3.164541 0.009521
-3.155789 0.009333
-3.147037 0.009153
-3.138285 0.008980
-3.129532 0.008813
-3.120780 0.008654
-3.112028 0.008500
-3.103276 0.008353
-3.094524 0.008211
-3.085771 0.008075
-3.077019 0.007944
-3.068267 0.007819
-3.059515 0.007699
-3.050763 0.007583
-3.042011 0.007473
-3.033258 0.007367
-3.024506 0.007265
-3.015754 0.007168
-3.007002 0.007075
-2.998250 0.006986
-2.989497 0.006901
-2.980745 0.006820
-2.971993 0.006742
-2.963241 0.006669
-2.954489 0.006599
-2.945736 0.006533
-2.936984 0.006470
-2.928232 0.006411
-2.919480 0.006355
-2.910728 0.006303
-2.901975 0.006254
-2.893223 0.006208
-2.884471 0.006166
-2.875719 0.006127
-2.866967 0.006091
-2.858215 0.006058
-2.849462 0.006029
-2.840710 0.006003
-2.831958 0.005980
-2.823206 0.005961
-2.814454 0.005945
-2.805701 0.005932
-2.796949 0.005922
-2.788197 0.005917
-2.779445 0.005914
-2.770693 0.005915
-2.761940 0.005920
-2.753188 0.005928
-2.744436 0.005941
-2.735684 0.005957
-2.726932 0.005977
-2.718180 0.006001
-2.709427 0.006029
-2.700675 0.006061
-2.691923 0.006098
-2.683171 0.006139
-2.674419 0.006185
-2.665666 0.006236
-2.656914 0.006291
-2.648162 0.006352
-2.639410 0.006418
-2.630658 0.006489
-2.621905 0.006566
-2.613153 0.006648
-2.604401 0.006737
-2.595649 0.006831
-2.586897 0.006932
-2.578145 0.007039
-2.569392 0.007153
-2.560640 0.007273
-2.551888 0.007401
-2.543136 0.007535
-2.534384 0.007677
-2.525631 0.007826
-2.516879 0.007983
-2.508127 0.008147
-2.499375 0.008319
-2.490623 0.008499
-2.481870 0.008687
-2.473118 0.008882
-2.464366 0.009086
-2.455614 0.009298
-2.446862 0.009518
-2.438110 0.009746
-2.429357 0.009982
-2.420605 0.010225
-2.411853 0.010477
-2.403101 0.010735
-2.394349 0.011001
-2.385596 0.011274
-2.376844 0.011554
-2.368092 0.011840
-2.359340 0.012132
-2.350588 0.012429
-2.341835 0.012731
-2.333083 0.013037
-2.324331 0.013346
-2.315579 0.013658
-2.306827 0.013972
-2.298075 0.014287
-2.289322 0.014602
-2.280570 0.014917
-2.271818 0.015229
-2.263066 0.015538
-2.254314 0.015843
-2.245561 0.016143
-2.236809 0.016436
-2.228057 0.016722
-2.219305 0.016999
-2.210553 0.017266
-2.201800 0.017523
-2.193048 0.017768
-2.184296 0.018000
-2.175544 0.018218
-2.166792 0.018422
-2.158040 0.018611
-2.149287 0.018784
-2.140535 0.018942
-2.131783 0.019082
-2.123031 0.019207
-2.114279 0.019314
-2.105526 0.019404
-2.096774 0.019478
-2.088022 0.019534
-2.079270 0.019575
-2.070518 0.019598
-2.061765 0.019606
-2.053013 0.019599
-2.044261 0.019576
-2.035509 0.019538
-2.026757 0.019485
-2.018005 0.019419
-2.009252 0.019338
-2.000500 0.019244
-1.991748 0.019137
-1.982996 0.019017
-1.974244 0.018884
-1.965491 0.018739
-1.956739 0.018582
-1.947987 0.018412
-1.939235 0.018231
-1.930483 0.018038
-1.921730 0.017834
-1.912978 0.017619
-1.904226 0.017392
-1.895474 0.017155
-1.886722 0.016908
-1.877969 0.016650
-1.869217 0.016384
-1.860465 0.016108
-1.851713 0.015824
-1.842961 0.015532
-1.834209 0.015233
-1.825456 0.014928
-1.816704 0.014617
-1.807952 0.014301
-1.799200 0.013982
-1.790448 0.013659
-1.781695 0.013335
-1.772943 0.013009
-1.764191 0.012683
-1.755439 0.012358
-1.746687 0.012035
-1.737934 0.011714
-1.729182 0.011396
-1.720430 0.011082
-1.711678 0.010772
-1.702926 0.010468
-1.694174 0.010170
-1.685421 0.009879
-1.676669 0.009594
-1.667917 0.009317
-1.659165 0.009047
-1.650413 0.008786
-1.641660 0.008532
-1.632908 0.008287
-1.624156 0.008050
-1.615404 0.007822
-1.606652 0.007602
-1.597899 0.007390
-1.589147 0.007187
-1.580395 0.006991
-1.571643 0.006804
-1.562891 0.006624
-1.554139 0.006452
-1.545386 0.006287
-1.536634 0.006128
-1.527882 0.005977
-1.519130 0.005832
-1.510378 0.005693
-1.501625 0.005559
-1.492873 0.005431
-1.484121 0.005308
-1.475369 0.005190
-1.466617 0.005077
-1.457864 0.004968
-1.449112 0.004863
-1.440360 0.004761
-1.431608 0.004664
-1.422856 0.004569
-1.414104 0.004478
-1.405351 0.004389
-1.396599 0.004303
-1.387847 0.004220
-1.379095 0.004139
-1.370343 0.004060
-1.361590 0.003984
-1.352838 0.003910
-1.344086 0.003837
-1.335334 0.003767
-1.326582 0.003698
-1.317829 0.003631
-1.309077 0.003566
-1.300325 0.003502
-1.291573 0.003440
-1.282821 0.003380
-1.274069 0.003321
-1.265316 0.003264
-1.256564 0.003208
-1.247812 0.003154
-1.239060 0.003102
-1.230308 0.003051
-1.221555 0.003001
-1.212803 0.002953
-1.204051 0.002907
-1.195299 0.002861
-1.186547 0.002818
-1.177794 0.002776
-1.169042 0.002735
-1.160290 0.002696
-1.151538 0.002659
-1.142786 0.002623
-1.134034 0.002588
-1.125281 0.002555
-1.116529 0.002523
-1.107777 0.002493
-1.099025 0.002464
-1.090273 0.002437
-1.081520 0.002411
-1.072768 0.002387
-1.064016 0.002364
-1.055264 0.002343
-1.046512 0.002323
-1.037759 0.002305
-1.029007 0.002288
-1.020255 0.002272
-1.011503 0.002258
-1.002751 0.002246
-0.993998 0.002235
-0.985246 0.002226
-0.976494 0.002218
-0.967742 0.002212
-0.958990 0.002207
-0.950238 0.002204
-0.941485 0.002203
-0.932733 0.002203
-0.923981 0.002205
-0.915229 0.002209
-0.906477 0.002215
-0.897724 0.002222
-0.888972 0.002231
-0.880220 0.002242
-0.871468 0.002255
-0.862716 0.002269
-0.853963 0.002286
-0.845211 0.002304
-0.836459 0.002325
-0.827707 0.002347
-0.818955 0.002371
-0.810203 0.002396
-0.801450 0.002424
-0.792698 0.002453
-0.783946 0.002484
-0.775194 0.002516
-0.766442 0.002550
-0.757689 0.002585
-0.748937 0.002622
-0.740185 0.002659
-0.731433 0.002697
-0.722681 0.002736
-0.713928 0.002776
-0.705176 0.002815
-0.696424 0.002855
-0.687672 0.002894
-0.678920 0.002932
-0.670168 0.002970
-0.661415 0.003007
-0.652663 0.003042
-0.643911 0.003075
-0.635159 0.003106
-0.626407 0.003135
-0.617654 0.003161
-0.608902 0.003184
-0.600150 0.003204
-0.591398 0.003221
-0.582646 0.003234
-0.573893 0.003243
-0.565141 0.003248
-0.556389 0.003249
-0.547637 0.003245
-0.538885 0.003238
-0.530133 0.003226
-0.521380 0.003210
-0.512628 0.003190
-0.503876 0.003166
-0.495124 0.003138
-0.486372 0.003107
-0.477619 0.003072
-0.468867 0.003033
-0.460115 0.002992
-0.451363 0.002948
-0.442611 0.002901
-0.433858 0.002853
-0.425106 0.002802
-0.416354 0.002749
-0.407602 0.002696
-0.398850 0.002641
-0.390098 0.002586
-0.381345 0.002530
-0.372593 0.002474
-0.363841 0.002418
-0.355089 0.002362
-0.346337 0.002307
-0.337584 0.002252
-0.328832 0.002198
-0.320080 0.002146
-0.311328 0.002094
-0.302576 0.002043
-0.293823 0.001994
-0.285071 0.001946
-0.276319 0.001899
-0.267567 0.001854
-0.258815 0.001811
-0.250063 0.001768
-0.241310 0.001728
-0.232558 0.001688
-0.223806 0.001651
-0.215054 0.001614
-0.206302 0.001579
-0.197549 0.001545
-0.188797 0.001512
-0.180045 0.001481
-0.171293 0.001450
-0.162541 0.001421
-0.153788 0.001393
-0.145036 0.001366
-0.136284 0.001340
-0.127532 0.001314
-0.118780 0.001290
-0.110028 0.001266
-0.101275 0.001243
-0.092523 0.001221
-0.083771 0.001200
-0.075019 0.001179
-0.066267 0.001158
-0.057514 0.001139
-0.048762 0.001120
-0.040010 0.001101
-0.031258 0.001083
-0.022506 0.001065
-0.013753 0.001048
-0.005001 0.001031
0.003751 0.001015
0.012503 0.000999
0.021255 0.000984
0.030008 0.000969
0.038760 0.000954
0.047512 0.000940
0.056264 0.000926
0.065016 0.000913
0.073768 0.000900
0.082521 0.000887
0.091273 0.000875
0.100025 0.000862
0.108777 0.000851
0.117529 0.000839
0.126282 0.000828
0.135034 0.000817
0.143786 0.000807
0.152538 0.000796
0.161290 0.000786
0.170043 0.000777
0.178795 0.000767
0.187547 0.000758
0.196299 0.000749
0.205051 0.000740
0.213803 0.000732
0.222556 0.000724
0.231308 0.000716
0.240060 0.000708
0.248812 0.000700
0.257564 0.000693
0.266317 0.000685
0.275069 0.000678
0.283821 0.000671
0.292573 0.000665
0.301325 0.000658
0.310078 0.000652
0.318830 0.000646
0.327582 0.000639
0.336334 0.000633
0.345086 0.000628
0.353838 0.000622
0.362591 0.000616
0.371343 0.000611
0.380095 0.000606
0.388847 0.000600
0.397599 0.000595
0.406352 0.000590
0.415104 0.000585
0.423856 0.000580
0.432608 0.000576
0.441360 0.000571
0.450113 0.000567
0.458865 0.000562
0.467617 0.000558
0.476369 0.000553
0.485121 0.000549
0.493873 0.000545
0.502626 0.000541
0.511378 0.000537
0.520130 0.000533
0.528882 0.000529
0.537634 0.000526
0.546387 0.000522
0.555139 0.000518
0.563891 0.000515
0.572643 0.000511
0.581395 0.000508
0.590148 0.000504
0.598900 0.000501
0.607652 0.000498
0.616404 0.000494
0.625156 0.000491
0.633908 0.000488
0.642661 0.000485
0.651413 0.000482
0.660165 0.000479
0.668917 0.000476
0.677669 0.000473
0.686422 0.000470
0.695174 0.000467
0.703926 0.000464
0.712678 0.000461
0.721430 0.000459
0.730183 0.000456
0.738935 0.000453
0.747687 0.000451
0.756439 0.000448
0.765191 0.000446
0.773943 0.000443
0.782696 0.000441
0.791448 0.000438
0.800200 0.000436
0.808952 0.000433
0.817704 0.000431
0.826457 0.000429
0.835209 0.000426
0.843961 0.000424
0.852713 0.000422
0.861465 0.000420
0.870218 0.000417
0.878970 0.000415
0.887722 0.000413
0.896474 0.000411
0.905226 0.000409
0.913978 0.000407
0.922731 0.000405
0.931483 0.000403
0.940235 0.000401
0.948987 0.000399
0.957739 0.000397
0.966492 0.000395
0.975244 0.000393
0.983996 0.000391
0.992748 0.000389
1.001500 0.000388
1.010253 0.000386
1.019005 0.000384
1.027757 0.000382
1.036509 0.000381
1.045261 0.000379
1.054014 0.000377
1.062766 0.000375
1.071518 0.000374
1.080270 0.000372
1.089022 0.000371
1.097774 0.000369
1.106527 0.000367
1.115279 0.000366
1.124031 0.000364
1.132783 0.000363
1.141535 0.000361
1.150288 0.000360
1.159040 0.000358
1.167792 0.000357
1.176544 0.000355
1.185296 0.000354
1.194049 0.000352
1.202801 0.000351
1.211553 0.000350
1.220305 0.000348
1.229057 0.000347
1.237809 0.000346
1.246562 0.000344
1.255314 0.000343
1.264066 0.000342
1.272818 0.000340
1.281570 0.000339
1.290323 0.000338
1.299075 0.000337
1.307827 0.000335
1.316579 0.000334
1.325331 0.000333
1.334084 0.000332
1.342836 0.000331
1.351588 0.000329
1.360340 0.000328
1.369092 0.000327
1.377844 0.000326
1.386597 0.000325
1.395349 0.000324
1.404101 0.000323
1.412853 0.000322
1.421605 0.000321
1.430358 0.000320
1.439110 0.000319
1.447862 0.000318
1.456614 0.000317
1.465366 0.000316
1.474119 0.000315
1.482871 0.000314
1.491623 0.000313
1.500375 0.000312
1.509127 0.000311
1.517879 0.000310
1.526632 0.000309
1.535384 0.000308
1.544136 0.000307
1.552888 0.000307
1.561640 0.000306
1.570393 0.000305
1.579145 0.000304
1.587897 0.000303
1.596649 0.000303
1.605401 0.000302
1.614154 0.000301
1.622906 0.000300
1.631658 0.000300
1.640410 0.000299
1.649162 0.000298
1.657914 0.000297
1.666667 0.000297
1.675419 0.000296
1.684171 0.000295
1.692923 0.000295
1.701675 0.000294
1.710428 0.000293
1.719180 0.000293
1.727932 0.000292
1.736684 0.000292
1.745436 0.000291
1.754189 0.000291
1.762941 0.000290
1.771693 0.000290
1.780445 0.000289
1.789197 0.000289
1.797949 0.000288
1.806702 0.000288
1.815454 0.000287
1.824206 0.000287
1.832958 0.000286
1.841710 0.000286
1.850463 0.000285
1.859215 0.000285
1.867967 0.000285
1.876719 0.000284
1.885471 0.000284
1.894224 0.000284
1.902976 0.000283
1.911728 0.000283
1.920480 0.000283
1.929232 0.000283
1.937984 0.000282
1.946737 0.000282
1.955489 0.000282
1.964241 0.000282
1.972993 0.000282
1.981745 0.000282
1.990498 0.000281
1.999250 0.000281
2.008002 0.000281
2.016754 0.000281
2.025506 0.000281
2.034259 0.000281
2.043011 0.000281
2.051763 0.000281
2.060515 0.000281
2.069267 0.000281
2.078020 0.000281
2.086772 0.000282
2.095524 0.000282
2.104276 0.000282
2.113028 0.000282
2.121780 0.000282
2.130533 0.000283
2.139285 0.000283
2.148037 0.000283
2.156789 0.000283
2.165541 0.000284
2.174294 0.000284
2.183046 0.000285
2.191798 0.000285
2.200550 0.000286
2.209302 0.000286
2.218055 0.000287
2.226807 0.000287
2.235559 0.000288
2.244311 0.000289
2.253063 0.000290
2.261815 0.000290
2.270568 0.000291
2.279320 0.000292
2.288072 0.000293
2.296824 0.000294
2.305576 0.000295
2.314329 0.000296
2.323081 0.000297
2.331833 0.000299
2.340585 0.000300
2.349337 0.000301
2.358090 0.000303
2.366842 0.000304
2.375594 0.000306
2.384346 0.000307
2.393098 0.000309
2.401850 0.000311
2.410603 0.000313
2.419355 0.000314
2.428107 0.000317
2.436859 0.000319
2.445611 0.000321
2.454364 0.000323
2.463116 0.000326
2.471868 0.000328
2.480620 0.000331
2.489372 0.000334
2.498125 0.000337
2.506877 0.000340
2.515629 0.000343
2.524381 0.000346
2.533133 0.000349
2.541885 0.000353
2.550638 0.000357
2.559390 0.000361
2.568142 0.000365
2.576894 0.000369
2.585646 0.000373
2.594399 0.000378
2.603151 0.000382
2.611903 0.000387
2.620655 0.000392
2.629407 0.000397
2.638160 0.000403
2.646912 0.000408
2.655664 0.000414
2.664416 0.000420
2.673168 0.000426
2.681920 0.000433
2.690673 0.000439
2.699425 0.000446
2.708177 0.000453
2.716929 0.000461
2.725681 0.000468
2.734434 0.000476
2.743186 0.000484
2.751938 0.000493
2.760690 0.000501
2.769442 0.000510
2.778195 0.000520
2.786947 0.000530
2.795699 0.000540
2.804451 0.000550
2.813203 0.000561
2.821955 0.000572
2.830708 0.000584
2.839460 0.000596
2.848212 0.000609
2.856964 0.000622
2.865716 0.000636
2.874469 0.000650
2.883221 0.000665
2.891973 0.000680
2.900725 0.000696
2.909477 0.000713
2.918230 0.000730
2.926982 0.000748
2.935734 0.000767
2.944486 0.000786
2.953238 0.000806
2.961990 0.000827
2.970743 0.000848
2.979495 0.000870
2.988247 0.000893
2.996999 0.000916
3.005751 0.000940
3.014504 0.000964
3.023256 0.000988
3.032008 0.001014
3.040760 0.001039
3.049512 0.001065
3.058265 0.001090
3.067017 0.001116
3.075769 0.001143
3.084521 0.001169
3.093273 0.001195
3.102026 0.001220
3.110778 0.001246
3.119530 0.001271
3.128282 0.001296
3.137034 0.001320
3.145786 0.001343
3.154539 0.001366
3.163291 0.001388
3.172043 0.001409
3.180795 0.001430
3.189547 0.001449
3.198300 0.001467
3.207052 0.001484
3.215804 0.001500
3.224556 0.001515
3.233308 0.001528
3.242061 0.001540
3.250813 0.001550
3.259565 0.001560
3.268317 0.001567
3.277069 0.001573
3.285821 0.001578
3.294574 0.001581
3.303326 0.001583
3.312078 0.001582
3.320830 0.001581
3.329582 0.001577
3.338335 0.001572
3.347087 0.001565
3.355839 0.001557
3.364591 0.001547
3.373343 0.001535
3.382096 0.001522
3.390848 0.001507
3.399600 0.001490
3.408352 0.001472
3.417104 0.001453
3.425856 0.001432
3.434609 0.001410
3.443361 0.001387
3.452113 0.001363
3.460865 0.001338
3.469617 0.001312
3.478370 0.001285
3.487122 0.001257
3.495874 0.001229
3.504626 0.001200
3.513378 0.001172
3.522131 0.001142
3.530883 0.001113
3.539635 0.001084
3.548387 0.001054
3.557139 0.001025
3.565891 0.000996
3.574644 0.000968
3.583396 0.000940
3.592148 0.000912
3.600900 0.000885
3.609652 0.000859
3.618405 0.000833
3.627157 0.000808
3.635909 0.000783
3.644661 0.000760
3.653413 0.000737
3.662166 0.000715
3.670918 0.000693
3.679670 0.000673
3.688422 0.000653
3.697174 0.000634
3.705926 0.000615
3.714679 0.000598
3.723431 0.000581
3.732183 0.000565
3.740935 0.000549
3.749687 0.000534
3.758440 0.000520
3.767192 0.000506
3.775944 0.000493
3.784696 0.000481
3.793448 0.000469
3.802201 0.000457
3.810953 0.000447
3.819705 0.000436
3.828457 0.000426
3.837209 0.000417
3.845961 0.000407
3.854714 0.000399
3.863466 0.000390
3.872218 0.000382
3.880970 0.000374
3.889722 0.000367
3.898475 0.000360
3.907227 0.000353
3.915979 0.000347
3.924731 0.000340
3.933483 0.000334
3.942236 0.000329
3.950988 0.000323
3.959740 0.000318
3.968492 0.000312
3.977244 0.000307
3.985996 0.000303
3.994749 0.000298
4.003501 0.000294
4.012253 0.000289
4.021005 0.000285
4.029757 0.000281
4.038510 0.000277
4.047262 0.000273
4.056014 0.000270
4.064766 0.000266
4.073518 0.000263
4.082271 0.000260
4.091023 0.000257
4.099775 0.000253
4.108527 0.000250
4.117279 0.000248
4.126032 0.000245
4.134784 0.000242
4.143536 0.000239
4.152288 0.000237
4.161040 0.000234
4.169792 0.000232
4.178545 0.000230
4.187297 0.000227
4.196049 0.000225
4.204801 0.000223
4.213553 0.000221
4.222306 0.000219
4.231058 0.000217
4.239810 0.000215
4.248562 0.000213
4.257314 0.000211
4.266067 0.000209
4.274819 0.000208
4.283571 0.000206
4.292323 0.000204
4.301075 0.000203
4.309827 0.000201
4.318580 0.000199
4.327332 0.000198
4.336084 0.000196
4.344836 0.000195
4.353588 0.000194
4.362341 0.000192
4.371093 0.000191
4.379845 0.000190
4.388597 0.000188
4.397349 0.000187
4.406102 0.000186
4.414854 0.000184
4.423606 0.000183
4.432358 0.000182
4.441110 0.000181
4.449862 0.000180
4.458615 0.000179
4.467367 0.000178
4.476119 0.000177
4.484871 0.000176
4.493623 0.000175
4.502376 0.000174
4.511128 0.000173
4.519880 0.000172
4.528632 0.000171
4.537384 0.000170
4.546137 0.000169
4.554889 0.000168
4.563641 0.000167
4.572393 0.000166
4.581145 0.000165
4.589897 0.000165
4.598650 0.000164
4.607402 0.000163
4.616154 0.000162
4.624906 0.000161
4.633658 0.000161
4.642411 0.000160
4.651163 0.000159
4.659915 0.000159
4.668667 0.000158
4.677419 0.000157
4.686172 0.000156
4.694924 0.000156
4.703676 0.000155
4.712428 0.000154
4.721180 0.000154
4.729932 0.000153
4.738685 0.000153
4.747437 0.000152
4.756189 0.000151
4.764941 0.000151
4.773693 0.000150
4.782446 0.000150
4.791198 0.000149
4.799950 0.000148
4.808702 0.000148
4.817454 0.000147
4.826207 0.000147
4.834959 0.000146
4.843711 0.000146
4.852463 0.000145
4.861215 0.000145
4.869967 0.000144
4.878720 0.000144
4.887472 0.000143
4.896224 0.000143
4.904976 0.000142
4.913728 0.000142
4.922481 0.000141
4.931233 0.000141
4.939985 0.000140
4.948737 0.000140
4.957489 0.000139
4.966242 0.000139
4.974994 0.000139
4.983746 0.000138
4.992498 0.000138
5.001250 0.000137
5.010003 0.000137
5.018755 0.000137
5.027507 0.000136
5.036259 0.000136
5.045011 0.000135
5.053763 0.000135
5.062516 0.000135
5.071268 0.000134
5.080020 0.000134
5.088772 0.000133
5.097524 0.000133
5.106277 0.000133
5.115029 0.000132
5.123781 0.000132
5.132533 0.000132
5.141285 0.000131
5.150038 0.000131
5.158790 0.000131
5.167542 0.000130
5.176294 0.000130
5.185046 0.000130
5.193798 0.000129
5.202551 0.000129
5.211303 0.000129
5.220055 0.000128
5.228807 0.000128
5.237559 0.000128
5.246312 0.000128
5.255064 0.000127
5.263816 0.000127
5.272568 0.000127
5.281320 0.000126
5.290073 0.000126
5.298825 0.000126
5.307577 0.000126
5.316329 0.000125
5.325081 0.000125
5.333833 0.000125
5.342586 0.000124
5.351338 0.000124
5.360090 0.000124
5.368842 0.000124
5.377594 0.000123
5.386347 0.000123
5.395099 0.000123
5.403851 0.000123
5.412603 0.000122
5.421355 0.000122
5.430108 0.000122
5.438860 0.000122
5.447612 0.000122
5.456364 0.000121
5.465116 0.000121
5.473868 0.000121
5.482621 0.000121
5.491373 0.000120
5.500125 0.000120
5.508877 0.000120
5.517629 0.000120
5.526382 0.000120
5.535134 0.000119
5.543886 0.000119
5.552638 0.000119
5.561390 0.000119
5.570143 0.000118
5.578895 0.000118
5.587647 0.000118
5.596399 0.000118
5.605151 0.000118
5.613903 0.000117
5.622656 0.000117
5.631408 0.000117
5.640160 0.000117
5.648912 0.000117
5.657664 0.000117
5.666417 0.000116
5.675169 0.000116
5.683921 0.000116
5.692673 0.000116
5.701425 0.000116
5.710178 0.000115
5.718930 0.000115
5.727682 0.000115
5.736434 0.000115
5.745186 0.000115
5.753938 0.000115
5.762691 0.000114
5.771443 0.000114
5.780195 0.000114
5.788947 0.000114
5.797699 0.000114
5.806452 0.000114
5.815204 0.000114
5.823956 0.000113
5.832708 0.000113
5.841460 0.000113
5.850213 0.000113
5.858965 0.000113
5.867717 0.000113
5.876469 0.000112
5.885221 0.000112
5.893973 0.000112
5.902726 0.000112
5.911478 0.000112
5.920230 0.000112
5.928982 0.000112
5.937734 0.000112
5.946487 0.000111
5.955239 0.000111
5.963991 0.000111
5.972743 0.000111
5.981495 0.000111
5.990248 0.000111
5.999000 0.000111
6.007752 0.000110
6.016504 0.000110
6.025256 0.000110
6.034009 0.000110
6.042761 0.000110
6.051513 0.000110
6.060265 0.000110
6.069017 0.000110
6.077769 0.000110
6.086522 0.000109
6.095274 0.000109
6.104026 0.000109
6.112778 0.000109
6.121530 0.000109
6.130283 0.000109
6.139035 0.000109
6.147787 0.000109
6.156539 0.000109
6.165291 0.000108
6.174044 0.000108
6.182796 0.000108
6.191548 0.000108
6.200300 0.000108
6.209052 0.000108
6.217804 0.000108
6.226557 0.000108
6.235309 0.000108
6.244061 0.000108
6.252813 0.000108
6.261565 0.000107
6.270318 0.000107
6.279070 0.000107
6.287822 0.000107
6.296574 0.000107
6.305326 0.000107
6.314079 0.000107
6.322831 0.000107
6.331583 0.000107
6.340335 0.000107
6.349087 0.000107
6.357839 0.000107
6.366592 0.000106
6.375344 0.000106
6.384096 0.000106
6.392848 0.000106
6.401600 0.000106
6.410353 0.000106
6.419105 0.000106
6.427857 0.000106
6.436609 0.000106
6.445361 0.000106
6.454114 0.000106
6.462866 0.000106
6.471618 0.000106
6.480370 0.000106
6.489122 0.000105
6.497874 0.000105
6.506627 0.000105
6.515379 0.000105
6.524131 0.000105
6.532883 0.000105
6.541635 0.000105
6.550388 0.000105
6.559140 0.000105
6.567892 0.000105
6.576644 0.000105
6.585396 0.000105
6.594149 0.000105
6.602901 0.000105
6.611653 0.000105
6.620405 0.000105
6.629157 0.000105
6.637909 0.000105
6.646662 0.000105
6.655414 0.000104
6.664166 0.000104
6.672918 0.000104
6.681670 0.000104
6.690423 0.000104
6.699175 0.000104
6.707927 0.000104
6.716679 0.000104
6.725431 0.000104
6.734184 0.000104
6.742936 0.000104
6.751688 0.000104
6.760440 0.000104
6.769192 0.000104
6.777944 0.000104
6.786697 0.000104
6.795449 0.000104
6.804201 0.000104
6.812953 0.000104
6.821705 0.000104
6.830458 0.000104
6.839210 0.000104
6.847962 0.000104
6.856714 0.000104
6.865466 0.000104
6.874219 0.000104
6.882971 0.000104
6.891723 0.000104
6.900475 0.000104
6.909227 0.000104
6.917979 0.000104
6.926732 0.000104
6.935484 0.000103
6.944236 0.000103
6.952988 0.000103
6.961740 0.000103
6.970493 0.000103
6.979245 0.000103
6.987997 0.000103
6.996749 0.000103
7.005501 0.000103
7.014254 0.000103
7.023006 0.000103
7.031758 0.000103
7.040510 0.000103
7.049262 0.000103
7.058015 0.000103
7.066767 0.000103
7.075519 0.000103
7.084271 0.000103
7.093023 0.000103
7.101775 0.000103
7.110528 0.000103
7.119280 0.000103
7.128032 0.000103
7.136784 0.000103
7.145536 0.000103
7.154289 0.000103
7.163041 0.000103
7.171793 0.000103
7.180545 0.000103
7.189297 0.000103
7.198050 0.000103
7.206802 0.000103
7.215554 0.000103
7.224306 0.000103
7.233058 0.000103
7.241810 0.000103
7.250563 0.000103
7.259315 0.000103
7.268067 0.000103
7.276819 0.000103
7.285571 0.000103
7.294324 0.000104
7.303076 0.000104
7.311828 0.000104
7.320580 0.000104
7.329332 0.000104
7.338085 0.000104
7.346837 0.000104
7.355589 0.000104
7.364341 0.000104
7.373093 0.000104
7.381845 0.000104
7.390598 0.000104
7.399350 0.000104
7.408102 0.000104
7.416854 0.000104
7.425606 0.000104
7.434359 0.000104
7.443111 0.000104
7.451863 0.000104
7.460615 0.000104
7.469367 0.000104
7.478120 0.000104
7.486872 0.000104
7.495624 0.000104
7.504376 0.000104
7.513128 0.000104
7.521880 0.000104
7.530633 0.000104
7.539385 0.000104
7.548137 0.000104
7.556889 0.000104
7.565641 0.000104
7.574394 0.000105
7.583146 0.000105
7.591898 0.000105
7.600650 0.000105
7.609402 0.000105
7.618155 0.000105
7.626907 0.000105
7.635659 0.000105
7.644411 0.000105
7.653163 0.000105
7.661915 0.000105
7.670668 0.000105
7.679420 0.000105
7.688172 0.000105
7.696924 0.000105
7.705676 0.000105
7.714429 0.000105
7.723181 0.000105
7.731933 0.000105
7.740685 0.000106
7.749437 0.000106
7.758190 0.000106
7.766942 0.000106
7.775694 0.000106
7.784446 0.000106
7.793198 0.000106
7.801950 0.000106
7.810703 0.000106
7.819455 0.000106
7.828207 0.000106
7.836959 0.000106
7.845711 0.000106
7.854464 0.000106
7.863216 0.000107
7.871968 0.000107
7.880720 0.000107
7.889472 0.000107
7.898225 0.000107
7.906977 0.000107
7.915729 0.000107
7.924481 0.000107
7.933233 0.000107
7.941985 0.000107
7.950738 0.000107
7.959490 0.000107
7.968242 0.000108
7.976994 0.000108
7.985746 0.000108
7.994499 0.000108
8.003251 0.000108
8.012003 0.000108
8.020755 0.000108
8.029507 0.000108
8.038260 0.000108
8.047012 0.000108
8.055764 0.000108
8.064516 0.000109
8.073268 0.000109
8.082021 0.000109
8.090773 0.000109
8.099525 0.000109
8.108277 0.000109
8.117029 0.000109
8.125781 0.000109
8.134534 0.000109
8.143286 0.000109
8.152038 0.000110
8.160790 0.000110
8.169542 0.000110
8.178295 0.000110
8.187047 0.000110
8.195799 0.000110
8.204551 0.000110
8.213303 0.000110
8.222056 0.000110
8.230808 0.000111
8.239560 0.000111
8.248312 0.000111
8.257064 0.000111
8.265816 0.000111
8.274569 0.000111
8.283321 0.000111
8.292073 0.000111
8.300825 0.000112
8.309577 0.000112
8.318330 0.000112
8.327082 0.000112
8.335834 0.000112
8.344586 0.000112
8.353338 0.000112
8.362091 0.000113
8.370843 0.000113
8.379595 0.000113
8.388347 0.000113
8.397099 0.000113
8.405851 0.000113
8.414604 0.000113
8.423356 0.000114
8.432108 0.000114
8.440860 0.000114
8.449612 0.000114
8.458365 0.000114
8.467117 0.000114
8.475869 0.000114
8.484621 0.000115
8.493373 0.000115
8.502126 0.000115
8.510878 0.000115
8.519630 0.000115
8.528382 0.000115
8.537134 0.000116
8.545886 0.000116
8.554639 0.000116
8.563391 0.000116
8.572143 0.000116
8.580895 0.000116
8.589647 0.000117
8.598400 0.000117
8.607152 0.000117
8.615904 0.000117
8.624656 0.000117
8.633408 0.000117
8.642161 0.000118
8.650913 0.000118
8.659665 0.000118
8.668417 0.000118
8.677169 0.000118
8.685921 0.000118
8.694674 0.000119
8.703426 0.000119
8.712178 0.000119
8.720930 0.000119
8.729682 0.000119
8.738435 0.000120
8.747187 0.000120
8.755939 0.000120
8.764691 0.000120
8.773443 0.000120
8.782196 0.000121
8.790948 0.000121
8.799700 0.000121
8.808452 0.000121
8.817204 0.000121
8.825956 0.000122
8.834709 0.000122
8.843461 0.000122
8.852213 0.000122
8.860965 0.000122
8.869717 0.000123
8.878470 0.000123
8.887222 0.000123
8.895974 0.000123
8.904726 0.000124
8.913478 0.000124
8.922231 0.000124
8.930983 0.000124
8.939735 0.000124
8.948487 0.000125
8.957239 0.000125
8.965991 0.000125
8.974744 0.000125
8.983496 0.000126
8.992248 0.000126
9.001000 0.000126
9.009752 0.000126
9.018505 0.000127
9.027257 0.000127
9.036009 0.000127
9.044761 0.000127
9.053513 0.000128
9.062266 0.000128
9.071018 0.000128
9.079770 0.000128
9.088522 0.000129
9.097274 0.000129
9.106027 0.000129
9.114779 0.000129
9.123531 0.000130
9.132283 0.000130
9.141035 0.000130
9.149787 0.000131
9.158540 0.000131
9.167292 0.000131
9.176044 0.000131
9.184796 0.000132
9.193548 0.000132
9.202301 0.000132
9.211053 0.000133
9.219805 0.000133
9.228557 0.000133
9.237309 0.000133
9.246062 0.000134
9.254814 0.000134
9.263566 0.000134
9.272318 0.000135
9.281070 0.000135
9.289822 0.000135
9.298575 0.000136
9.307327 0.000136
9.316079 0.000136
9.324831 0.000136
9.333583 0.000137
9.342336 0.000137
9.351088 0.000137
9.359840 0.000138
9.368592 0.000138
9.377344 0.000138
9.386097 0.000139
9.394849 0.000139
9.403601 0.000139
9.412353 0.000140
9.421105 0.000140
9.429857 0.000140
9.438610 0.000141
9.447362 0.000141
9.456114 0.000141
9.464866 0.000142
9.473618 0.000142
9.482371 0.000143
9.491123 0.000143
9.499875 0.000143
9.508627 0.000144
9.517379 0.000144
9.526132 0.000144
9.534884 0.000145
9.543636 0.000145
9.552388 0.000146
9.561140 0.000146
9.569892 0.000146
9.578645 0.000147
9.587397 0.000147
9.596149 0.000147
9.604901 0.000148
9.613653 0.000148
9.622406 0.000149
9.631158 0.000149
9.639910 0.000150
9.648662 0.000150
9.657414 0.000150
9.666167 0.000151
9.674919 0.000151
9.683671 0.000152
9.692423 0.000152
9.701175 0.000152
9.709927 0.000153
9.718680 0.000153
9.727432 0.000154
9.736184 0.000154
9.744936 0.000155
9.753688 0.000155
9.762441 0.000156
9.771193 0.000156
9.779945 0.000157
9.788697 0.000157
9.797449 0.000157
9.806202 0.000158
9.814954 0.000158
9.823706 0.000159
9.832458 0.000159
9.841210 0.000160
9.849962 0.000160
9.858715 0.000161
9.867467 0.000161
9.876219 0.000162
9.884971 0.000162
9.893723 0.000163
9.902476 0.000163
9.911228 0.000164
9.919980 0.000164
9.928732 0.000165
9.937484 0.000165
9.946237 0.000166
9.954989 0.000167
9.963741 0.000167
9.972493 0.000168
9.981245 0.000168
9.989997 0.000169
9.998750 0.000169
10.007502 0.000170
10.016254 0.000170
10.025006 0.000171
10.033758 0.000172
10.042511 0.000172
10.051263 0.000173
10.060015 0.000173
10.068767 0.000174
10.077519 0.000174
10.086272 0.000175
10.095024 0.000176
10.103776 0.000176
10.112528 0.000177
10.121280 0.000178
10.130033 0.000178
10.138785 0.000179
10.147537 0.000179
10.156289 0.000180
10.165041 0.000181
10.173793 0.000181
10.182546 0.000182
10.191298 0.000183
10.200050 0.000183
10.208802 0.000184
10.217554 0.000185
10.226307 0.000185
10.235059 0.000186
10.243811 0.000187
10.252563 0.000187
10.261315 0.000188
10.270068 0.000189
10.278820 0.000190
10.287572 0.000190
10.296324 0.000191
10.305076 0.000192
10.313828 0.000193
10.322581 0.000193
10.331333 0.000194
10.340085 0.000195
10.348837 0.000196
10.357589 0.000196
10.366342 0.000197
10.375094 0.000198
10.383846 0.000199
10.392598 0.000199
10.401350 0.000200
10.410103 0.000201
10.418855 0.000202
10.427607 0.000203
10.436359 0.000204
10.445111 0.000204
10.453863 0.000205
10.462616 0.000206
10.471368 0.000207
10.480120 0.000208
10.488872 0.000209
10.497624 0.000210
10.506377 0.000210
10.515129 0.000211
10.523881 0.000212
10.532633 0.000213
10.541385 0.000214
10.550138 0.000215
10.558890 0.000216
10.567642 0.000217
10.576394 0.000218
10.585146 0.000219
10.593898 0.000220
10.602651 0.000221
10.611403 0.000222
10.620155 0.000223
10.628907 0.000224
10.637659 0.000225
10.646412 0.000226
10.655164 0.000227
10.663916 0.000228
10.672668 0.000229
10.681420 0.000230
10.690173 0.000231
10.698925 0.000232
10.707677 0.000233
10.716429 0.000234
10.725181 0.000235
10.733933 0.000236
10.742686 0.000237
10.751438 0.000239
10.760190 0.000240
10.768942 0.000241
10.777694 0.000242
10.786447 0.000243
10.795199 0.000244
10.803951 0.000246
10.812703 0.000247
10.821455 0.000248
10.830208 0.000249
10.838960 0.000250
10.847712 0.000252
10.856464 0.000253
10.865216 0.000254
10.873968 0.000256
10.882721 0.000257
10.891473 0.000258
10.900225 0.000259
10.908977 0.000261
10.917729 0.000262
10.926482 0.000264
10.935234 0.000265
10.943986 0.000266
10.952738 0.000268
10.961490 0.000269
10.970243 0.000271
10.978995 0.000272
10.987747 0.000273
10.996499 0.000275
11.005251 0.000276
11.014004 0.000278
11.022756 0.000279
11.031508 0.000281
11.040260 0.000283
11.049012 0.000284
11.057764 0.000286
11.066517 0.000287
11.075269 0.000289
11.084021 0.000290
11.092773 0.000292
11.101525 0.000294
11.110278 0.000295
11.119030 0.000297
11.127782 0.000299
11.136534 0.000301
11.145286 0.000302
11.154039 0.000304
11.162791 0.000306
11.171543 0.000308
11.180295 0.000310
11.189047 0.000311
11.197799 0.000313
11.206552 0.000315
11.215304 0.000317
11.224056 0.000319
11.232808 0.000321
11.241560 0.000323
11.250313 0.000325
11.259065 0.000327
11.267817 0.000329
11.276569 0.000331
11.285321 0.000333
11.294074 0.000335
11.302826 0.000337
11.311578 0.000339
11.320330 0.000342
11.329082 0.000344
11.337834 0.000346
11.346587 0.000348
11.355339 0.000350
11.364091 0.000353
11.372843 0.000355
11.381595 0.000357
11.390348 0.000360
11.399100 0.000362
11.407852 0.000365
11.416604 0.000367
11.425356 0.000370
11.434109 0.000372
11.442861 0.000375
11.451613 0.000377
11.460365 0.000380
11.469117 0.000382
11.477869 0.000385
11.486622 0.000388
11.495374 0.000390
11.504126 0.000393
11.512878 0.000396
11.521630 0.000399
11.530383 0.000402
11.539135 0.000405
11.547887 0.000408
11.556639 0.000411
11.565391 0.000414
11.574144 0.000417
11.582896 0.000420
11.591648 0.000423
11.600400 0.000426
11.609152 0.000429
11.617904 0.000432
11.626657 0.000436
11.635409 0.000439
11.644161 0.000442
11.652913 0.000446
11.661665 0.000449
11.670418 0.000453
11.679170 0.000456
11.687922 0.000460
11.696674 0.000464
11.705426 0.000467
11.714179 0.000471
11.722931 0.000475
11.731683 0.000479
11.740435 0.000483
11.749187 0.000487
11.757939 0.000491
11.766692 0.000495
11.775444 0.000499
11.784196 0.000503
11.792948 0.000507
11.801700 0.000512
11.810453 0.000516
11.819205 0.000521
11.827957 0.000525
11.836709 0.000530
11.845461 0.000534
11.854214 0.000539
11.862966 0.000544
11.871718 0.000549
11.880470 0.000554
11.889222 0.000559
11.897974 0.000564
11.906727 0.000569
11.915479 0.000574
11.924231 0.000579
11.932983 0.000585
11.941735 0.000590
11.950488 0.000596
11.959240 0.000601
11.967992 0.000607
11.976744 0.000613
11.985496 0.000619
11.994249 0.000625
12.003001 0.000631
12.011753 0.000637
12.020505 0.000644
12.029257 0.000650
12.038010 0.000656
12.046762 0.000663
12.055514 0.000670
12.064266 0.000677
12.073018 0.000684
12.081770 0.000691
12.090523 0.000698
12.099275 0.000705
12.108027 0.000713
12.116779 0.000720
12.125531 0.000728
12.134284 0.000736
12.143036 0.000744
12.151788 0.000752
12.160540 0.000761
12.169292 0.000769
12.178045 0.000778
12.186797 0.000787
12.195549 0.000795
12.204301 0.000805
12.213053 0.000814
12.221805 0.000823
12.230558 0.000833
12.239310 0.000843
12.248062 0.000853
12.256814 0.000863
12.265566 0.000874
12.274319 0.000884
12.283071 0.000895
12.291823 0.000906
12.300575 0.000917
12.309327 0.000929
12.318080 0.000941
12.326832 0.000953
12.335584 0.000965
12.344336 0.000978
12.353088 0.000990
12.361840 0.001004
12.370593 0.001017
12.379345 0.001031
12.388097 0.001045
12.396849 0.001059
12.405601 0.001073
12.414354 0.001088
12.423106 0.001104
12.431858 0.001119
12.440610 0.001135
12.449362 0.001152
12.458115 0.001168
12.466867 0.001186
12.475619 0.001203
12.484371 0.001221
12.493123 0.001240
12.501875 0.001259
12.510628 0.001278
12.519380 0.001298
12.528132 0.001318
12.536884 0.001339
12.545636 0.001360
12.554389 0.001382
12.563141 0.001405
12.571893 0.001428
12.580645 0.001452
12.589397 0.001477
12.598150 0.001502
12.606902 0.001528
12.615654 0.001554
12.624406 0.001581
12.633158 0.001610
12.641910 0.001639
12.650663 0.001668
12.659415 0.001699
12.668167 0.001731
12.676919 0.001763
12.685671 0.001797
12.694424 0.001831
12.703176 0.001867
12.711928 0.001904
12.720680 0.001942
12.729432 0.001981
12.738185 0.002021
12.746937 0.002063
12.755689 0.002106
12.764441 0.002151
12.773193 0.002197
12.781945 0.002245
12.790698 0.002295
12.799450 0.002346
12.808202 0.002399
12.816954 0.002454
12.825706 0.002511
12.834459 0.002570
12.843211 0.002632
12.851963 0.002695
12.860715 0.002761
12.869467 0.002830
12.878220 0.002902
12.886972 0.002976
12.895724 0.003053
12.904476 0.003134
12.913228 0.003218
12.921980 0.003305
12.930733 0.003396
12.939485 0.003491
12.948237 0.003590
12.956989 0.003693
12.965741 0.003801
12.974494 0.003913
12.983246 0.004031
12.991998 0.004154
13.000750 0.004282
13.009502 0.004416
13.018255 0.004556
13.027007 0.004703
13.035759 0.004857
13.044511 0.005017
13.053263 0.005185
13.062016 0.005361
13.070768 0.005545
13.079520 0.005737
13.088272 0.005938
13.097024 0.006149
13.105776 0.006368
13.114529 0.006598
13.123281 0.006837
13.132033 0.007087
13.140785 0.007348
13.149537 0.007619
13.158290 0.007901
13.167042 0.008194
13.175794 0.008499
13.184546 0.008814
13.193298 0.009141
13.202051 0.009478
13.210803 0.009826
13.219555 0.010185
13.228307 0.010552
13.237059 0.010930
13.245811 0.011315
13.254564 0.011708
13.263316 0.012108
13.272068 0.012513
13.280820 0.012923
13.289572 0.013336
13.298325 0.013750
13.307077 0.014165
13.315829 0.014577
13.324581 0.014986
13.333333 0.015389
13.342086 0.015786
13.350838 0.016172
13.359590 0.016548
13.368342 0.016910
13.377094 0.017256
13.385846 0.017585
13.394599 0.017895
13.403351 0.018183
13.412103 0.018448
13.420855 0.018688
13.429607 0.018902
13.438360 0.019088
13.447112 0.019246
13.455864 0.019373
13.464616 0.019470
13.473368 0.019536
13.482121 0.019571
13.490873 0.019574
13.499625 0.019545
13.508377 0.019485
13.517129 0.019395
13.525881 0.019276
13.534634 0.019128
13.543386 0.018952
13.552138 0.018751
13.560890 0.018525
13.569642 0.018276
13.578395 0.018007
13.587147 0.017719
13.595899 0.017413
13.604651 0.017093
13.613403 0.016759
13.622156 0.016415
13.630908 0.016062
13.639660 0.015702
13.648412 0.015337
13.657164 0.014970
13.665916 0.014601
13.674669 0.014233
13.683421 0.013866
13.692173 0.013504
13.700925 0.013147
13.709677 0.012795
13.718430 0.012452
13.727182 0.012116
13.735934 0.011790
13.744686 0.011475
13.753438 0.011170
13.762191 0.010876
13.770943 0.010594
13.779695 0.010324
13.788447 0.010067
13.797199 0.009822
13.805951 0.009589
13.814704 0.009370
13.823456 0.009163
13.832208 0.008969
13.840960 0.008788
13.849712 0.008619
13.858465 0.008462
13.867217 0.008317
13.875969 0.008185
13.884721 0.008064
13.893473 0.007955
13.902226 0.007857
13.910978 0.007770
13.919730 0.007695
13.928482 0.007631
13.937234 0.007577
13.945986 0.007534
13.954739 0.007501
13.963491 0.007479
13.972243 0.007468
13.980995 0.007467
13.989747 0.007476
13.998500 0.007496
14.007252 0.007526
14.016004 0.007566
14.024756 0.007617
14.033508 0.007679
14.042261 0.007752
14.051013 0.007836
14.059765 0.007932
14.068517 0.008039
14.077269 0.008158
14.086022 0.008288
14.094774 0.008432
14.103526 0.008588
14.112278 0.008757
14.121030 0.008940
14.129782 0.009137
14.138535 0.009348
14.147287 0.009573
14.156039 0.009814
14.164791 0.010070
14.173543 0.010342
14.182296 0.010630
14.191048 0.010935
14.199800 0.011257
14.208552 0.011595
14.217304 0.011950
14.226057 0.012323
14.234809 0.012712
14.243561 0.013119
14.252313 0.013542
14.261065 0.013981
14.269817 0.014436
14.278570 0.014905
14.287322 0.015389
14.296074 0.015886
14.304826 0.016394
14.313578 0.016912
14.322331 0.017438
14.331083 0.017971
14.339835 0.018507
14.348587 0.019046
14.357339 0.019584
14.366092 0.020118
14.374844 0.020646
14.383596 0.021165
14.392348 0.021671
14.401100 0.022161
14.409852 0.022632
14.418605 0.023080
14.427357 0.023503
14.436109 0.023897
14.444861 0.024260
14.453613 0.024587
14.462366 0.024877
14.471118 0.025127
14.479870 0.025335
14.488622 0.025499
14.497374 0.025617
14.506127 0.025689
14.514879 0.025714
14.523631 0.025691
14.532383 0.025620
14.541135 0.025503
14.549887 0.025339
14.558640 0.025131
14.567392 0.024879
14.576144 0.024585
14.584896 0.024253
14.593648 0.023884
14.602401 0.023482
14.611153 0.023049
14.619905 0.022588
14.628657 0.022103
14.637409 0.021596
14.646162 0.021071
14.654914 0.020532
14.663666 0.019981
14.672418 0.019422
14.681170 0.018858
14.689922 0.018290
14.698675 0.017723
14.707427 0.017158
14.716179 0.016597
14.724931 0.016043
14.733683 0.015498
14.742436 0.014963
14.751188 0.014439
14.759940 0.013928
14.768692 0.013431
14.777444 0.012948
14.786197 0.012480
14.794949 0.012028
14.803701 0.011591
14.812453 0.011171
14.821205 0.010766
14.829957 0.010378
14.838710 0.010005
14.847462 0.009649
14.856214 0.009307
14.864966 0.008981
14.873718 0.008669
14.882471 0.008372
14.891223 0.008088
14.899975 0.007818
14.908727 0.007560
14.917479 0.007315
14.926232 0.007082
14.934984 0.006860
14.943736 0.006649
14.952488 0.006448
14.961240 0.006257
14.969992 0.006076
14.978745 0.005904
14.987497 0.005741
14.996249 0.005586
15.005001 0.005440
15.013753 0.005300
15.022506 0.005168
15.031258 0.005043
15.040010 0.004925
15.048762 0.004813
15.057514 0.004708
15.066267 0.004608
15.075019 0.004514
15.083771 0.004426
15.092523 0.004342
15.101275 0.004264
15.110028 0.004191
15.118780 0.004122
15.127532 0.004058
15.136284 0.003998
15.145036 0.003942
15.153788 0.003891
15.162541 0.003843
15.171293 0.003799
15.180045 0.003758
15.188797 0.003721
15.197549 0.003687
15.206302 0.003656
15.215054 0.003627
15.223806 0.003602
15.232558 0.003579
15.241310 0.003558
15.250063 0.003539
15.258815 0.003522
15.267567 0.003506
15.276319 0.003492
15.285071 0.003479
15.293823 0.003467
15.302576 0.003456
15.311328 0.003445
15.320080 0.003434
15.328832 0.003424
15.337584 0.003413
15.346337 0.003401
15.355089 0.003389
15.363841 0.003376
15.372593 0.003362
15.381345 0.003346
15.390098 0.003329
15.398850 0.003310
15.407602 0.003290
15.416354 0.003268
15.425106 0.003244
15.433858 0.003217
15.442611 0.003189
15.451363 0.003159
15.460115 0.003127
15.468867 0.003092
15.477619 0.003056
15.486372 0.003018
15.495124 0.002978
15.503876 0.002936
15.512628 0.002893
15.521380 0.002848
15.530133 0.002802
15.538885 0.002755
15.547637 0.002707
15.556389 0.002658
15.565141 0.002608
15.573893 0.002558
15.582646 0.002508
15.591398 0.002458
15.600150 0.002408
15.608902 0.002358
15.617654 0.002308
15.626407 0.002259
15.635159 0.002210
15.643911 0.002163
15.652663 0.002116
15.661415 0.002070
15.670168 0.002025
15.678920 0.001981
15.687672 0.001939
15.696424 0.001897
15.705176 0.001857
15.713928 0.001818
15.722681 0.001781
15.731433 0.001745
15.740185 0.001710
15.748937 0.001677
15.757689 0.001645
15.766442 0.001614
15.775194 0.001584
15.783946 0.001556
15.792698 0.001529
15.801450 0.001503
15.810203 0.001479
15.818955 0.001456
15.827707 0.001433
15.836459 0.001412
15.845211 0.001392
15.853963 0.001373
15.862716 0.001354
15.871468 0.001337
15.880220 0.001320
15.888972 0.001305
15.897724 0.001290
15.906477 0.001275
15.915229 0.001262
15.923981 0.001248
15.932733 0.001236
15.941485 0.001224
15.950238 0.001212
15.958990 0.001201
15.967742 0.001190
15.976494 0.001179
15.985246 0.001168
15.993998 0.001158
16.002751 0.001148
16.011503 0.001138
16.020255 0.001128
16.029007 0.001118
16.037759 0.001108
16.046512 0.001098
16.055264 0.001088
16.064016 0.001077
16.072768 0.001067
16.081520 0.001057
16.090273 0.001046
16.099025 0.001036
16.107777 0.001025
16.116529 0.001014
16.125281 0.001003
16.134034 0.000993
16.142786 0.000982
16.151538 0.000970
16.160290 0.000959
16.169042 0.000948
16.177794 0.000937
16.186547 0.000926
16.195299 0.000915
16.204051 0.000904
16.212803 0.000893
16.221555 0.000883
16.230308 0.000872
16.239060 0.000862
16.247812 0.000852
16.256564 0.000842
16.265316 0.000832
16.274069 0.000823
16.282821 0.000814
16.291573 0.000805
16.300325 0.000796
16.309077 0.000788
16.317829 0.000780
16.326582 0.000773
16.335334 0.000766
16.344086 0.000759
16.352838 0.000753
16.361590 0.000747
16.370343 0.000741
16.379095 0.000736
16.387847 0.000731
16.396599 0.000726
16.405351 0.000722
16.414104 0.000719
16.422856 0.000715
16.431608 0.000712
16.440360 0.000710
16.449112 0.000707
16.457864 0.000705
16.466617 0.000704
16.475369 0.000702
16.484121 0.000701
16.492873 0.000700
16.501625 0.000700
16.510378 0.000700
16.519130 0.000699
16.527882 0.000699
16.536634 0.000700
16.545386 0.000700
16.554139 0.000700
16.562891 0.000701
16.571643 0.000701
16.580395 0.000701
16.589147 0.000702
16.597899 0.000702
16.606652 0.000702
16.615404 0.000701
16.624156 0.000701
16.632908 0.000700
16.641660 0.000699
16.650413 0.000698
16.659165 0.000696
16.667917 0.000694
16.676669 0.000692
16.685421 0.000689
16.694174 0.000686
16.702926 0.000682
16.711678 0.000678
16.720430 0.000673
16.729182 0.000668
16.737934 0.000663
16.746687 0.000657
16.755439 0.000651
16.764191 0.000644
16.772943 0.000637
16.781695 0.000630
16.790448 0.000622
16.799200 0.000614
16.807952 0.000606
16.816704 0.000598
16.825456 0.000590
16.834209 0.000581
16.842961 0.000573
16.851713 0.000564
16.860465 0.000555
16.869217 0.000547
16.877969 0.000538
16.886722 0.000529
16.895474 0.000521
16.904226 0.000512
16.912978 0.000504
16.921730 0.000496
16.930483 0.000488
16.939235 0.000480
16.947987 0.000472
16.956739 0.000465
16.965491 0.000457
16.974244 0.000450
16.982996 0.000443
16.991748 0.000436
17.000500 0.000430
17.009252 0.000423
17.018005 0.000417
17.026757 0.000411
17.035509 0.000405
17.044261 0.000400
17.053013 0.000394
17.061765 0.000389
17.070518 0.000384
17.079270 0.000379
17.088022 0.000374
17.096774 0.000369
17.105526 0.000365
17.114279 0.000360
17.123031 0.000356
17.131783 0.000352
17.140535 0.000348
17.149287 0.000344
17.158040 0.000340
17.166792 0.000337
17.175544 0.000333
17.184296 0.000330
17.193048 0.000326
17.201800 0.000323
17.210553 0.000320
17.219305 0.000317
17.228057 0.000314
17.236809 0.000311
17.245561 0.000308
17.254314 0.000305
17.263066 0.000302
17.271818 0.000300
17.280570 0.000297
17.289322 0.000295
17.298075 0.000292
17.306827 0.000290
17.315579 0.000287
17.324331 0.000285
17.333083 0.000283
17.341835 0.000280
17.350588 0.000278
17.359340 0.000276
17.368092 0.000274
17.376844 0.000272
17.385596 0.000270
17.394349 0.000268
17.403101 0.000266
17.411853 0.000264
17.420605 0.000262
17.429357 0.000260
17.438110 0.000258
17.446862 0.000256
17.455614 0.000255
17.464366 0.000253
17.473118 0.000251
17.481870 0.000249
17.490623 0.000248
17.499375 0.000246
17.508127 0.000244
17.516879 0.000243
17.525631 0.000241
17.534384 0.000240
17.543136 0.000238
17.551888 0.000237
17.560640 0.000235
17.569392 0.000234
17.578145 0.000232
17.586897 0.000231
17.595649 0.000229
17.604401 0.000228
17.613153 0.000227
17.621905 0.000225
17.630658 0.000224
17.639410 0.000223
17.648162 0.000221
17.656914 0.000220
17.665666 0.000219
17.674419 0.000218
17.683171 0.000216
17.691923 0.000215
17.700675 0.000214
17.709427 0.000213
17.718180 0.000211
17.726932 0.000210
17.735684 0.000209
17.744436 0.000208
17.753188 0.000207
17.761940 0.000206
17.770693 0.000205
17.779445 0.000204
17.788197 0.000202
17.796949 0.000201
17.805701 0.000200
17.814454 0.000199
17.823206 0.000198
17.831958 0.000197
17.840710 0.000196
17.849462 0.000195
17.858215 0.000194
17.866967 0.000193
17.875719 0.000192
17.884471 0.000191
17.893223 0.000190
17.901975 0.000189
17.910728 0.000188
17.919480 0.000188
17.928232 0.000187
17.936984 0.000186
17.945736 0.000185
17.954489 0.000184
17.963241 0.000183
17.971993 0.000182
17.980745 0.000181
17.989497 0.000180
17.998250 0.000180
18.007002 0.000179
18.015754 0.000178
18.024506 0.000177
18.033258 0.000176
18.042011 0.000175
18.050763 0.000175
18.059515 0.000174
18.068267 0.000173
18.077019 0.000172
18.085771 0.000172
18.094524 0.000171
18.103276 0.000170
18.112028 0.000169
18.120780 0.000169
18.129532 0.000168
18.138285 0.000167
18.147037 0.000166
18.155789 0.000166
18.164541 0.000165
18.173293 0.000164
18.182046 0.000164
18.190798 0.000163
18.199550 0.000162
18.208302 0.000161
18.217054 0.000161
18.225806 0.000160
18.234559 0.000159
18.243311 0.000159
18.252063 0.000158
18.260815 0.000158
18.269567 0.000157
18.278320 0.000156
18.287072 0.000156
18.295824 0.000155
18.304576 0.000154
18.313328 0.000154
18.322081 0.000153
18.330833 0.000153
18.339585 0.000152
18.348337 0.000151
18.357089 0.000151
18.365841 0.000150
18.374594 0.000150
18.383346 0.000149
18.392098 0.000149
18.400850 0.000148
18.409602 0.000147
18.418355 0.000147
18.427107 0.000146
18.435859 0.000146
18.444611 0.000145
18.453363 0.000145
18.462116 0.000144
18.470868 0.000144
18.479620 0.000143
18.488372 0.000143
18.497124 0.000142
18.505876 0.000142
18.514629 0.000141
18.523381 0.000141
18.532133 0.000140
18.540885 0.000140
18.549637 0.000139
18.558390 0.000139
18.567142 0.000138
18.575894 0.000138
18.584646 0.000137
18.593398 0.000137
18.602151 0.000136
18.610903 0.000136
18.619655 0.000135
18.628407 0.000135
18.637159 0.000135
18.645911 0.000134
18.654664 0.000134
18.663416 0.000133
18.672168 0.000133
18.680920 0.000132
18.689672 0.000132
18.698425 0.000132
18.707177 0.000131
18.715929 0.000131
18.724681 0.000130
18.733433 0.000130
18.742186 0.000130
18.750938 0.000129
18.759690 0.000129
18.768442 0.000129
18.777194 0.000128
18.785946 0.000128
18.794699 0.000127
18.803451 0.000127
18.812203 0.000127
18.820955 0.000126
18.829707 0.000126
18.838460 0.000126
18.847212 0.000125
18.855964 0.000125
18.864716 0.000125
18.873468 0.000124
18.882221 0.000124
18.890973 0.000124
18.899725 0.000123
18.908477 0.000123
18.917229 0.000123
18.925981 0.000123
18.934734 0.000122
18.943486 0.000122
18.952238 0.000122
18.960990 0.000121
18.969742 0.000121
18.978495 0.000121
18.987247 0.000121
18.995999 0.000120
19.004751 0.000120
19.013503 0.000120
19.022256 0.000120
19.031008 0.000119
19.039760 0.000119
19.048512 0.000119
19.057264 0.000119
19.066017 0.000118
19.074769 0.000118
19.083521 0.000118
19.092273 0.000118
19.101025 0.000117
19.109777 0.000117
19.118530 0.000117
19.127282 0.000117
19.136034 0.000117
19.144786 0.000116
19.153538 0.000116
19.162291 0.000116
19.171043 0.000116
19.179795 0.000116
19.188547 0.000116
19.197299 0.000115
19.206052 0.000115
19.214804 0.000115
19.223556 0.000115
19.232308 0.000115
19.241060 0.000115
19.249812 0.000115
19.258565 0.000115
19.267317 0.000114
19.276069 0.000114
19.284821 0.000114
19.293573 0.000114
19.302326 0.000114
19.311078 0.000114
19.319830 0.000114
19.328582 0.000114
19.337334 0.000114
19.346087 0.000114
19.354839 0.000114
19.363591 0.000114
19.372343 0.000114
19.381095 0.000114
19.389847 0.000114
19.398600 0.000114
19.407352 0.000114
19.416104 0.000114
19.424856 0.000114
19.433608 0.000114
19.442361 0.000114
19.451113 0.000114
19.459865 0.000114
19.468617 0.000114
19.477369 0.000114
19.486122 0.000114
19.494874 0.000115
19.503626 0.000115
19.512378 0.000115
19.521130 0.000115
19.529882 0.000115
19.538635 0.000115
19.547387 0.000116
19.556139 0.000116
19.564891 0.000116
19.573643 0.000116
19.582396 0.000117
19.591148 0.000117
19.599900 0.000117
19.608652 0.000117
19.617404 0.000118
19.626157 0.000118
19.634909 0.000119
19.643661 0.000119
19.652413 0.000119
19.661165 0.000120
19.669917 0.000120
19.678670 0.000121
19.687422 0.000121
19.696174 0.000122
19.704926 0.000122
19.713678 0.000123
19.722431 0.000124
19.731183 0.000124
19.739935 0.000125
19.748687 0.000126
19.757439 0.000126
19.766192 0.000127
19.774944 0.000128
19.783696 0.000129
19.792448 0.000130
19.801200 0.000131
19.809952 0.000132
19.818705 0.000133
19.827457 0.000134
19.836209 0.000135
19.844961 0.000136
19.853713 0.000137
19.862466 0.000139
19.871218 0.000140
19.879970 0.000141
19.888722 0.000143
19.897474 0.000144
19.906227 0.000146
19.914979 0.000148
19.923731 0.000149
19.932483 0.000151
19.941235 0.000153
19.949987 0.000155
19.958740 0.000157
19.967492 0.000159
19.976244 0.000161
19.984996 0.000163
19.993748 0.000166
20.002501 0.000168
20.011253 0.000171
20.020005 0.000174
20.028757 0.000177
20.037509 0.000180
20.046262 0.000183
20.055014 0.000186
20.063766 0.000190
20.072518 0.000193
20.081270 0.000197
20.090023 0.000201
20.098775 0.000205
20.107527 0.000210
20.116279 0.000214
20.125031 0.000219
20.133783 0.000224
20.142536 0.000229
20.151288 0.000235
20.160040 0.000241
20.168792 0.000247
20.177544 0.000253
20.186297 0.000260
20.195049 0.000267
20.203801 0.000274
20.212553 0.000281
20.221305 0.000289
20.230058 0.000297
20.238810 0.000306
20.247562 0.000314
20.256314 0.000323
20.265066 0.000332
20.273818 0.000342
20.282571 0.000351
20.291323 0.000361
20.300075 0.000371
20.308827 0.000381
20.317579 0.000392
20.326332 0.000402
20.335084 0.000413
20.343836 0.000424
20.352588 0.000434
20.361340 0.000445
20.370093 0.000455
20.378845 0.000466
20.387597 0.000476
20.396349 0.000486
20.405101 0.000495
20.413853 0.000504
20.422606 0.000513
20.431358 0.000522
20.440110 0.000530
20.448862 0.000537
20.457614 0.000544
20.466367 0.000550
20.475119 0.000555
20.483871 0.000560
20.492623 0.000563
20.501375 0.000566
20.510128 0.000568
20.518880 0.000570
20.527632 0.000570
20.536384 0.000570
20.545136 0.000568
20.553888 0.000566
20.562641 0.000563
20.571393 0.000559
20.580145 0.000554
20.588897 0.000549
20.597649 0.000543
20.606402 0.000536
20.615154 0.000528
20.623906 0.000520
20.632658 0.000511
20.641410 0.000502
20.650163 0.000492
20.658915 0.000482
20.667667 0.000472
20.676419 0.000461
20.685171 0.000450
20.693923 0.000439
20.702676 0.000428
20.711428 0.000416
20.720180 0.000405
20.728932 0.000394
20.737684 0.000383
20.746437 0.000372
20.755189 0.000361
20.763941 0.000350
20.772693 0.000340
20.781445 0.000329
20.790198 0.000319
20.798950 0.000310
20.807702 0.000300
20.816454 0.000291
20.825206 0.000282
20.833958 0.000273
20.842711 0.000265
20.851463 0.000257
20.860215 0.000250
20.868967 0.000242
20.877719 0.000235
20.886472 0.000228
20.895224 0.000222
20.903976 0.000216
20.912728 0.000210
20.921480 0.000204
20.930233 0.000199
20.938985 0.000193
20.947737 0.000188
20.956489 0.000184
20.965241 0.000179
20.973993 0.000175
20.982746 0.000171
20.991498 0.000167
21.000250 0.000163
21.009002 0.000159
21.017754 0.000156
21.026507 0.000153
21.035259 0.000149
21.044011 0.000146
21.052763 0.000143
21.061515 0.000141
21.070268 0.000138
21.079020 0.000135
21.087772 0.000133
21.096524 0.000130
21.105276 0.000128
21.114029 0.000126
21.122781 0.000124
21.131533 0.000122
21.140285 0.000120
21.149037 0.000118
21.157789 0.000116
21.166542 0.000115
21.175294 0.000113
21.184046 0.000111
21.192798 0.000110
21.201550 0.000108
21.210303 0.000107
21.219055 0.000105
21.227807 0.000104
21.236559 0.000103
21.245311 0.000101
21.254064 0.000100
21.262816 0.000099
21.271568 0.000098
21.280320 0.000097
21.289072 0.000096
21.297824 0.000094
21.306577 0.000093
21.315329 0.000092
21.324081 0.000092
21.332833 0.000091
21.341585 0.000090
21.350338 0.000089
21.359090 0.000088
21.367842 0.000087
21.376594 0.000086
21.385346 0.000085
21.394099 0.000085
21.402851 0.000084
21.411603 0.000083
21.420355 0.000082
21.429107 0.000082
21.437859 0.000081
21.446612 0.000080
21.455364 0.000080
21.464116 0.000079
21.472868 0.000079
21.481620 0.000078
21.490373 0.000077
21.499125 0.000077
21.507877 0.000076
21.516629 0.000076
21.525381 0.000075
21.534134 0.000075
21.542886 0.000074
21.551638 0.000074
21.560390 0.000073
21.569142 0.000073
21.577894 0.000072
21.586647 0.000072
21.595399 0.000071
21.604151 0.000071
21.612903 0.000070
21.621655 0.000070
21.630408 0.000069
21.639160 0.000069
21.647912 0.000069
21.656664 0.000068
21.665416 0.000068
21.674169 0.000067
21.682921 0.000067
21.691673 0.000067
21.700425 0.000066
21.709177 0.000066
21.717929 0.000065
21.726682 0.000065
21.735434 0.000065
21.744186 0.000064
21.752938 0.000064
21.761690 0.000064
21.770443 0.000063
21.779195 0.000063
21.787947 0.000063
21.796699 0.000063
21.805451 0.000062
21.814204 0.000062
21.822956 0.000062
21.831708 0.000061
21.840460 0.000061
21.849212 0.000061
21.857964 0.000061
21.866717 0.000060
21.875469 0.000060
21.884221 0.000060
21.892973 0.000059
21.901725 0.000059
21.910478 0.000059
21.919230 0.000059
21.927982 0.000058
21.936734 0.000058
21.945486 0.000058
21.954239 0.000058
21.962991 0.000057
21.971743 0.000057
21.980495 0.000057
21.989247 0.000057
21.997999 0.000057
22.006752 0.000056
22.015504 0.000056
22.024256 0.000056
22.033008 0.000056
22.041760 0.000055
22.050513 0.000055
22.059265 0.000055
22.068017 0.000055
22.076769 0.000055
22.085521 0.000054
22.094274 0.000054
22.103026 0.000054
22.111778 0.000054
22.120530 0.000054
22.129282 0.000053
22.138035 0.000053
22.146787 0.000053
22.155539 0.000053
22.164291 0.000053
22.173043 0.000053
22.181795 0.000052
22.190548 0.000052
22.199300 0.000052
22.208052 0.000052
22.216804 0.000052
22.225556 0.000051
22.234309 0.000051
22.243061 0.000051
22.251813 0.000051
22.260565 0.000051
22.269317 0.000051
22.278070 0.000050
22.286822 0.000050
22.295574 0.000050
22.304326 0.000050
22.313078 0.000050
22.321830 0.000050
22.330583 0.000050
22.339335 0.000049
22.348087 0.000049
22.356839 0.000049
22.365591 0.000049
22.374344 0.000049
22.383096 0.000049
22.391848 0.000049
22.400600 0.000048
22.409352 0.000048
22.418105 0.000048
22.426857 0.000048
22.435609 0.000048
22.444361 0.000048
22.453113 0.000048
22.461865 0.000047
22.470618 0.000047
22.479370 0.000047
22.488122 0.000047
22.496874 0.000047
22.505626 0.000047
22.514379 0.000047
22.523131 0.000047
22.531883 0.000046
22.540635 0.000046
22.549387 0.000046
22.558140 0.000046
22.566892 0.000046
22.575644 0.000046
22.584396 0.000046
22.593148 0.000046
22.601900 0.000045
22.610653 0.000045
22.619405 0.000045
22.628157 0.000045
22.636909 0.000045
22.645661 0.000045
22.654414 0.000045
22.663166 0.000045
22.671918 0.000044
22.680670 0.000044
22.689422 0.000044
22.698175 0.000044
22.706927 0.000044
22.715679 0.000044
22.724431 0.000044
22.733183 0.000044
22.741935 0.000044
22.750688 0.000043
22.759440 0.000043
22.768192 0.000043
22.776944 0.000043
22.785696 0.000043
22.794449 0.000043
22.803201 0.000043
22.811953 0.000043
22.820705 0.000043
22.829457 0.000043
22.838210 0.000042
22.846962 0.000042
22.855714 0.000042
22.864466 0.000042
22.873218 0.000042
22.881970 0.000042
22.890723 0.000042
22.899475 0.000042
22.908227 0.000042
22.916979 0.000042
22.925731 0.000041
22.934484 0.000041
22.943236 0.000041
22.951988 0.000041
22.960740 0.000041
22.969492 0.000041
22.978245 0.000041
22.986997 0.000041
22.995749 0.000041
23.004501 0.000041
23.013253 0.000041
23.022006 0.000040
23.030758 0.000040
23.039510 0.000040
23.048262 0.000040
23.057014 0.000040
23.065766 0.000040
23.074519 0.000040
23.083271 0.000040
23.092023 0.000040
23.100775 0.000040
23.109527 0.000040
23.118280 0.000039
23.127032 0.000039
23.135784 0.000039
23.144536 0.000039
23.153288 0.000039
23.162041 0.000039
23.170793 0.000039
23.179545 0.000039
23.188297 0.000039
23.197049 0.000039
23.205801 0.000039
23.214554 0.000039
23.223306 0.000038
23.232058 0.000038
23.240810 0.000038
23.249562 0.000038
23.258315 0.000038
23.267067 0.000038
23.275819 0.000038
23.284571 0.000038
23.293323 0.000038
23.302076 0.000038
23.310828 0.000038
23.319580 0.000038
23.328332 0.000038
23.337084 0.000037
23.345836 0.000037
23.354589 0.000037
23.363341 0.000037
23.372093 0.000037
23.380845 0.000037
23.389597 0.000037
23.398350 0.000037
23.407102 0.000037
23.415854 0.000037
23.424606 0.000037
23.433358 0.000037
23.442111 0.000037
23.450863 0.000037
23.459615 0.000036
23.468367 0.000036
23.477119 0.000036
23.485871 0.000036
23.494624 0.000036
23.503376 0.000036
23.512128 0.000036
23.520880 0.000036
23.529632 0.000036
23.538385 0.000036
23.547137 0.000036
23.555889 0.000036
23.564641 0.000036
23.573393 0.000036
23.582146 0.000035
23.590898 0.000035
23.599650 0.000035
23.608402 0.000035
23.617154 0.000035
23.625906 0.000035
23.634659 0.000035
23.643411 0.000035
23.652163 0.000035
23.660915 0.000035
23.669667 0.000035
23.678420 0.000035
23.687172 0.000035
23.695924 0.000035
23.704676 0.000035
23.713428 0.000035
23.722181 0.000034
23.730933 0.000034
23.739685 0.000034
23.748437 0.000034
23.757189 0.000034
23.765941 0.000034
23.774694 0.000034
23.783446 0.000034
23.792198 0.000034
23.800950 0.000034
23.809702 0.000034
23.818455 0.000034
23.827207 0.000034
23.835959 0.000034
23.844711 0.000034
23.853463 0.000034
23.862216 0.000033
23.870968 0.000033
23.879720 0.000033
23.888472 0.000033
23.897224 0.000033
23.905976 0.000033
23.914729 0.000033
23.923481 0.000033
23.932233 0.000033
23.940985 0.000033
23.949737 0.000033
23.958490 0.000033
23.967242 0.000033
23.975994 0.000033
23.984746 0.000033
23.993498 0.000033
24.002251 0.000033
24.011003 0.000033
24.019755 0.000032
24.028507 0.000032
24.037259 0.000032
24.046012 0.000032
24.054764 0.000032
24.063516 0.000032
24.072268 0.000032
24.081020 0.000032
24.089772 0.000032
24.098525 0.000032
24.107277 0.000032
24.116029 0.000032
24.124781 0.000032
24.133533 0.000032
24.142286 0.000032
24.151038 0.000032
24.159790 0.000032
24.168542 0.000032
24.177294 0.000031
24.186047 0.000031
24.194799 0.000031
24.203551 0.000031
24.212303 0.000031
24.221055 0.000031
24.229807 0.000031
24.238560 0.000031
24.247312 0.000031
24.256064 0.000031
24.264816 0.000031
24.273568 0.000031
24.282321 0.000031
24.291073 0.000031
24.299825 0.000031
24.308577 0.000031
24.317329 0.000031
24.326082 0.000031
24.334834 0.000031
24.343586 0.000031
24.352338 0.000030
24.361090 0.000030
24.369842 0.000030
24.378595 0.000030
24.387347 0.000030
24.396099 0.000030
24.404851 0.000030
24.413603 0.000030
24.422356 0.000030
24.431108 0.000030
24.439860 0.000030
24.448612 0.000030
24.457364 0.000030
24.466117 0.000030
24.474869 0.000030
24.483621 0.000030
24.492373 0.000030
24.501125 0.000030
24.509877 0.000030
24.518630 0.000030
24.527382 0.000030
24.536134 0.000029
24.544886 0.000029
24.553638 0.000029
24.562391 0.000029
24.571143 0.000029
24.579895 0.000029
24.588647 0.000029
24.597399 0.000029
24.606152 0.000029
24.614904 0.000029
24.623656 0.000029
24.632408 0.000029
24.641160 0.000029
24.649912 0.000029
24.658665 0.000029
24.667417 0.000029
24.676169 0.000029
24.684921 0.000029
24.693673 0.000029
24.702426 0.000029
24.711178 0.000028
24.719930 0.000028
24.728682 0.000028
24.737434 0.000028
24.746187 0.000028
24.754939 0.000028
24.763691 0.000028
24.772443 0.000028
24.781195 0.000028
24.789947 0.000028
24.798700 0.000027
24.807452 0.000027
24.816204 0.000027
24.824956 0.000027
24.833708 0.000027
24.842461 0.000026
24.851213 0.000026
24.859965 0.000025
24.868717 0.000025
24.877469 0.000025
24.886222 0.000024
24.894974 0.000023
24.903726 0.000023
24.912478 0.000022
24.921230 0.000021
24.929982 0.000021
24.938735 0.000020
24.947487 0.000019
24.956239 0.000018
24.964991 0.000017
24.973743 0.000016
24.982496 0.000015
24.991248 0.000014

Sticks
-4.022256 0.008061
-3.995999 0.011261
-3.952238 0.008789
-3.864716 0.032802
-3.768442 0.010782
-2.525631 0.000013
-2.333083 0.000130
-2.324331 0.001180
-2.131783 0.008488
-1.904226 0.000615
-1.895474 0.005589
-1.790448 0.000756
-1.422856 0.000390
-1.247812 0.000073
-0.547637 0.000168
-0.538885 0.001526
-0.136284 0.000065
-0.013753 0.000008
2.725681 0.000001
2.751938 0.000001
2.786947 0.000002
2.804451 0.000027
2.848212 0.000001
2.900725 0.000002
2.909477 0.000004
3.163291 0.000061
3.172043 0.000026
3.180795 0.000311
3.233308 0.000154
3.390848 0.000065
3.399600 0.000587
13.438360 0.007796
13.534634 0.006398
14.514879 0.018458
15.390098 0.000486
15.460115 0.000068
15.468867 0.000621
16.064016 0.000160
16.247812 0.000008
16.702926 0.000194
20.011253 0.000003
20.072518 0.000000
20.431358 0.000051
20.457614 0.000058
20.553888 0.000028
20.562641 0.000251
