7110.000000 0.000160
7110.020000 0.000172
7110.040000 0.000185
7110.060000 0.000197
7110.080000 0.000208
7110.100000 0.000220
7110.120000 0.000230
7110.140000 0.000240
7110.160000 0.000250
7110.180000 0.000259
7110.200000 0.000267
7110.220000 0.000274
7110.240000 0.000281
7110.260000 0.000287
7110.280000 0.000292
7110.300000 0.000297
7110.320000 0.000301
7110.340000 0.000305
7110.360000 0.000308
7110.380000 0.000311
7110.400000 0.000314
7110.420000 0.000316
7110.440000 0.000318
7110.460000 0.000320
7110.480000 0.000322
7110.500000 0.000323
7110.520000 0.000325
7110.540000 0.000326
7110.560000 0.000328
7110.580000 0.000329
7110.600000 0.000330
7110.620000 0.000331
7110.640000 0.000332
7110.660000 0.000334
7110.680000 0.000335
7110.700000 0.000336
7110.720000 0.000337
7110.740000 0.000338
7110.760000 0.000339
7110.780000 0.000340
7110.800000 0.000341
7110.820000 0.000343
7110.840000 0.000344
7110.860000 0.000345
7110.880000 0.000346
7110.900000 0.000347
7110.920000 0.000348
7110.940000 0.000349
7110.960000 0.000351
7110.980000 0.000352
7111.000000 0.000353
7111.020000 0.000354
7111.040000 0.000355
7111.060000 0.000357
7111.080000 0.000358
7111.100000 0.000359
7111.120000 0.000360
7111.140000 0.000361
7111.160000 0.000363
7111.180000 0.000364
7111.200000 0.000365
7111.220000 0.000366
7111.240000 0.000368
7111.260000 0.000369
7111.280000 0.000370
7111.300000 0.000372
7111.320000 0.000373
7111.340000 0.000374
7111.360000 0.000375
7111.380000 0.000377
7111.400000 0.000378
7111.420000 0.000379
7111.440000 0.000381
7111.460000 0.000382
7111.480000 0.000383
7111.500000 0.000385
7111.520000 0.000386
7111.540000 0.000387
7111.560000 0.000389
7111.580000 0.000390
7111.600000 0.000392
7111.620000 0.000393
7111.640000 0.000394
7111.660000 0.000396
7111.680000 0.000397
7111.700000 0.000399
7111.720000 0.000400
7111.740000 0.000402
7111.760000 0.000403
7111.780000 0.000404
7111.800000 0.000406
7111.820000 0.000407
7111.840000 0.000409
7111.860000 0.000410
7111.880000 0.000412
7111.900000 0.000413
7111.920000 0.000415
7111.940000 0.000416
7111.960000 0.000418
7111.980000 0.000419
7112.000000 0.000421
7112.020000 0.000423
7112.040000 0.000424
7112.060000 0.000426
7112.080000 0.000427
7112.100000 0.000429
7112.120000 0.000430
7112.140000 0.000432
7112.160000 0.000434
7112.180000 0.000435
7112.200000 0.000437
7112.220000 0.000439
7112.240000 0.000440
7112.260000 0.000442
7112.280000 0.000444
7112.300000 0.000445
7112.320000 0.000447
7112.340000 0.000449
7112.360000 0.000450
7112.380000 0.000452
7112.400000 0.000454
7112.420000 0.000456
7112.440000 0.000457
7112.460000 0.000459
7112.480000 0.000461
7112.500000 0.000463
7112.520000 0.000464
7112.540000 0.000466
7112.560000 0.000468
7112.580000 0.000470
7112.600000 0.000472
7112.620000 0.000474
7112.640000 0.000475
7112.660000 0.000477
7112.680000 0.000479
7112.700000 0.000481
7112.720000 0.000483
7112.740000 0.000485
7112.760000 0.000487
7112.780000 0.000489
7112.800000 0.000491
7112.820000 0.000493
7112.840000 0.000495
7112.860000 0.000497
7112.880000 0.000499
7112.900000 0.000501
7112.920000 0.000503
7112.940000 0.000505
7112.960000 0.000507
7112.980000 0.000509
7113.000000 0.000511
7113.020000 0.000513
7113.040000 0.000515
7113.060000 0.000517
7113.080000 0.000519
7113.100000 0.000521
7113.120000 0.000524
7113.140000 0.000526
7113.160000 0.000528
7113.180000 0.000530
7113.200000 0.000532
7113.220000 0.000535
7113.240000 0.000537
7113.260000 0.000539
7113.280000 0.000541
7113.300000 0.000544
7113.320000 0.000546
7113.340000 0.000548
7113.360000 0.000550
7113.380000 0.000553
7113.400000 0.000555
7113.420000 0.000558
7113.440000 0.000560
7113.460000 0.000562
7113.480000 0.000565
7113.500000 0.000567
7113.520000 0.000570
7113.540000 0.000572
7113.560000 0.000575
7113.580000 0.000577
7113.600000 0.000580
7113.620000 0.000582
7113.640000 0.000585
7113.660000 0.000587
7113.680000 0.000590
7113.700000 0.000592
7113.720000 0.000595
7113.740000 0.000598
7113.760000 0.000600
7113.780000 0.000603
7113.800000 0.000606
7113.820000 0.000608
7113.840000 0.000611
7113.860000 0.000614
7113.880000 0.000616
7113.900000 0.000619
7113.920000 0.000622
7113.940000 0.000625
7113.960000 0.000628
7113.980000 0.000631
7114.000000 0.000633
7114.020000 0.000636
7114.040000 0.000639
7114.060000 0.000642
7114.080000 0.000645
7114.100000 0.000648
7114.120000 0.000651
7114.140000 0.000654
7114.160000 0.000657
7114.180000 0.000660
7114.200000 0.000663
7114.220000 0.000666
7114.240000 0.000669
7114.260000 0.000673
7114.280000 0.000676
7114.300000 0.000679
7114.320000 0.000682
7114.340000 0.000685
7114.360000 0.000689
7114.380000 0.000692
7114.400000 0.000695
7114.420000 0.000699
7114.440000 0.000702
7114.460000 0.000705
7114.480000 0.000709
7114.500000 0.000712
7114.520000 0.000716
7114.540000 0.000719
7114.560000 0.000723
7114.580000 0.000726
7114.600000 0.000730
7114.620000 0.000733
7114.640000 0.000737
7114.660000 0.000741
7114.680000 0.000744
7114.700000 0.000748
7114.720000 0.000752
7114.740000 0.000755
7114.760000 0.000759
7114.780000 0.000763
7114.800000 0.000767
7114.820000 0.000771
7114.840000 0.000775
7114.860000 0.000778
7114.880000 0.000782
7114.900000 0.000786
7114.920000 0.000790
7114.940000 0.000794
7114.960000 0.000799
7114.980000 0.000803
7115.000000 0.000807
7115.020000 0.000811
7115.040000 0.000815
7115.060000 0.000819
7115.080000 0.000824
7115.100000 0.000828
7115.120000 0.000832
7115.140000 0.000837
7115.160000 0.000841
7115.180000 0.000846
7115.200000 0.000850
7115.220000 0.000855
7115.240000 0.000859
7115.260000 0.000864
7115.280000 0.000868
7115.300000 0.000873
7115.320000 0.000878
7115.340000 0.000883
7115.360000 0.000887
7115.380000 0.000892
7115.400000 0.000897
7115.420000 0.000902
7115.440000 0.000907
7115.460000 0.000912
7115.480000 0.000917
7115.500000 0.000922
7115.520000 0.000927
7115.540000 0.000932
7115.560000 0.000937
7115.580000 0.000943
7115.600000 0.000948
7115.620000 0.000953
7115.640000 0.000959
7115.660000 0.000964
7115.680000 0.000970
7115.700000 0.000975
7115.720000 0.000981
7115.740000 0.000986
7115.760000 0.000992
7115.780000 0.000998
7115.800000 0.001004
7115.820000 0.001009
7115.840000 0.001015
7115.860000 0.001021
7115.880000 0.001027
7115.900000 0.001033
7115.920000 0.001039
7115.940000 0.001045
7115.960000 0.001052
7115.980000 0.001058
7116.000000 0.001064
7116.020000 0.001071
7116.040000 0.001077
7116.060000 0.001084
7116.080000 0.001090
7116.100000 0.001097
7116.120000 0.001103
7116.140000 0.001110
7116.160000 0.001117
7116.180000 0.001124
7116.200000 0.001131
7116.220000 0.001138
7116.240000 0.001145
7116.260000 0.001152
7116.280000 0.001159
7116.300000 0.001166
7116.320000 0.001174
7116.340000 0.001181
7116.360000 0.001189
7116.380000 0.001196
7116.400000 0.001204
7116.420000 0.001211
7116.440000 0.001219
7116.460000 0.001227
7116.480000 0.001235
7116.500000 0.001243
7116.520000 0.001251
7116.540000 0.001259
7116.560000 0.001268
7116.580000 0.001276
7116.600000 0.001284
7116.620000 0.001293
7116.640000 0.001301
7116.660000 0.001310
7116.680000 0.001319
7116.700000 0.001328
7116.720000 0.001337
7116.740000 0.001346
7116.760000 0.001355
7116.780000 0.001364
7116.800000 0.001373
7116.820000 0.001383
7116.840000 0.001392
7116.860000 0.001402
7116.880000 0.001412
7116.900000 0.001421
7116.920000 0.001431
7116.940000 0.001441
7116.960000 0.001452
7116.980000 0.001462
7117.000000 0.001472
7117.020000 0.001483
7117.040000 0.001493
7117.060000 0.001504
7117.080000 0.001515
7117.100000 0.001526
7117.120000 0.001537
7117.140000 0.001548
7117.160000 0.001560
7117.180000 0.001571
7117.200000 0.001583
7117.220000 0.001594
7117.240000 0.001606
7117.260000 0.001618
7117.280000 0.001630
7117.300000 0.001643
7117.320000 0.001655
7117.340000 0.001668
7117.360000 0.001680
7117.380000 0.001693
7117.400000 0.001706
7117.420000 0.001719
7117.440000 0.001733
7117.460000 0.001746
7117.480000 0.001760
7117.500000 0.001774
7117.520000 0.001787
7117.540000 0.001802
7117.560000 0.001816
7117.580000 0.001830
7117.600000 0.001845
7117.620000 0.001860
7117.640000 0.001875
7117.660000 0.001890
7117.680000 0.001906
7117.700000 0.001921
7117.720000 0.001937
7117.740000 0.001953
7117.760000 0.001969
7117.780000 0.001986
7117.800000 0.002002
7117.820000 0.002019
7117.840000 0.002036
7117.860000 0.002054
7117.880000 0.002071
7117.900000 0.002089
7117.920000 0.002107
7117.940000 0.002125
7117.960000 0.002144
7117.980000 0.002163
7118.000000 0.002182
7118.020000 0.002201
7118.040000 0.002220
7118.060000 0.002240
7118.080000 0.002260
7118.100000 0.002281
7118.120000 0.002301
7118.140000 0.002322
7118.160000 0.002343
7118.180000 0.002365
7118.200000 0.002387
7118.220000 0.002409
7118.240000 0.002431
7118.260000 0.002454
7118.280000 0.002477
7118.300000 0.002501
7118.320000 0.002525
7118.340000 0.002549
7118.360000 0.002573
7118.380000 0.002598
7118.400000 0.002624
7118.420000 0.002649
7118.440000 0.002675
7118.460000 0.002702
7118.480000 0.002729
7118.500000 0.002756
7118.520000 0.002784
7118.540000 0.002812
7118.560000 0.002841
7118.580000 0.002870
7118.600000 0.002899
7118.620000 0.002929
7118.640000 0.002960
7118.660000 0.002991
7118.680000 0.003022
7118.700000 0.003054
7118.720000 0.003087
7118.740000 0.003120
7118.760000 0.003154
7118.780000 0.003188
7118.800000 0.003223
7118.820000 0.003258
7118.840000 0.003294
7118.860000 0.003331
7118.880000 0.003368
7118.900000 0.003406
7118.920000 0.003445
7118.940000 0.003485
7118.960000 0.003525
7118.980000 0.003565
7119.000000 0.003607
7119.020000 0.003649
7119.040000 0.003693
7119.060000 0.003736
7119.080000 0.003781
7119.100000 0.003827
7119.120000 0.003873
7119.140000 0.003921
7119.160000 0.003969
7119.180000 0.004018
7119.200000 0.004069
7119.220000 0.004120
7119.240000 0.004172
7119.260000 0.004225
7119.280000 0.004280
7119.300000 0.004335
7119.320000 0.004392
7119.340000 0.004450
7119.360000 0.004509
7119.380000 0.004569
7119.400000 0.004631
7119.420000 0.004694
7119.440000 0.004758
7119.460000 0.004824
7119.480000 0.004891
7119.500000 0.004960
7119.520000 0.005030
7119.540000 0.005102
7119.560000 0.005176
7119.580000 0.005251
7119.600000 0.005328
7119.620000 0.005407
7119.640000 0.005487
7119.660000 0.005570
7119.680000 0.005655
7119.700000 0.005741
7119.720000 0.005830
7119.740000 0.005921
7119.760000 0.006015
7119.780000 0.006111
7119.800000 0.006209
7119.820000 0.006310
7119.840000 0.006413
7119.860000 0.006520
7119.880000 0.006629
7119.900000 0.006741
7119.920000 0.006856
7119.940000 0.006975
7119.960000 0.007097
7119.980000 0.007222
7120.000000 0.007351
7120.020000 0.007484
7120.040000 0.007621
7120.060000 0.007761
7120.080000 0.007907
7120.100000 0.008056
7120.120000 0.008210
7120.140000 0.008370
7120.160000 0.008534
7120.180000 0.008704
7120.200000 0.008879
7120.220000 0.009060
7120.240000 0.009247
7120.260000 0.009441
7120.280000 0.009641
7120.300000 0.009849
7120.320000 0.010064
7120.340000 0.010286
7120.360000 0.010518
7120.380000 0.010757
7120.400000 0.011007
7120.420000 0.011265
7120.440000 0.011534
7120.460000 0.011814
7120.480000 0.012106
7120.500000 0.012410
7120.520000 0.012726
7120.540000 0.013057
7120.560000 0.013402
7120.580000 0.013762
7120.600000 0.014139
7120.620000 0.014534
7120.640000 0.014948
7120.660000 0.015382
7120.680000 0.015838
7120.700000 0.016318
7120.720000 0.016822
7120.740000 0.017354
7120.760000 0.017915
7120.780000 0.018507
7120.800000 0.019134
7120.820000 0.019797
7120.840000 0.020501
7120.860000 0.021249
7120.880000 0.022045
7120.900000 0.022893
7120.920000 0.023798
7120.940000 0.024766
7120.960000 0.025803
7120.980000 0.026915
7121.000000 0.028111
7121.020000 0.029399
7121.040000 0.030788
7121.060000 0.032290
7121.080000 0.033914
7121.100000 0.035675
7121.120000 0.037586
7121.140000 0.039663
7121.160000 0.041921
7121.180000 0.044378
7121.200000 0.047053
7121.220000 0.049966
7121.240000 0.053135
7121.260000 0.056583
7121.280000 0.060329
7121.300000 0.064393
7121.320000 0.068794
7121.340000 0.073548
7121.360000 0.078669
7121.380000 0.084168
7121.400000 0.090049
7121.420000 0.096314
7121.440000 0.102955
7121.460000 0.109959
7121.480000 0.117303
7121.500000 0.124955
7121.520000 0.132875
7121.540000 0.141010
7121.560000 0.149301
7121.580000 0.157677
7121.600000 0.166058
7121.620000 0.174358
7121.640000 0.182485
7121.660000 0.190342
7121.680000 0.197830
7121.700000 0.204851
7121.720000 0.211310
7121.740000 0.217119
7121.760000 0.222196
7121.780000 0.226472
7121.800000 0.229892
7121.820000 0.232415
7121.840000 0.234017
7121.860000 0.234692
7121.880000 0.234452
7121.900000 0.233329
7121.920000 0.231369
7121.940000 0.228638
7121.960000 0.225213
7121.980000 0.221186
7122.000000 0.216658
7122.020000 0.211739
7122.040000 0.206542
7122.060000 0.201185
7122.080000 0.195784
7122.100000 0.190454
7122.120000 0.185306
7122.140000 0.180447
7122.160000 0.175974
7122.180000 0.171980
7122.200000 0.168546
7122.220000 0.165747
7122.240000 0.163647
7122.260000 0.162304
7122.280000 0.161764
7122.300000 0.162065
7122.320000 0.163236
7122.340000 0.165298
7122.360000 0.168263
7122.380000 0.172130
7122.400000 0.176893
7122.420000 0.182532
7122.440000 0.189016
7122.460000 0.196303
7122.480000 0.204338
7122.500000 0.213053
7122.520000 0.222365
7122.540000 0.232178
7122.560000 0.242385
7122.580000 0.252864
7122.600000 0.263483
7122.620000 0.274100
7122.640000 0.284567
7122.660000 0.294730
7122.680000 0.304436
7122.700000 0.313534
7122.720000 0.321878
7122.740000 0.329334
7122.760000 0.335782
7122.780000 0.341118
7122.800000 0.345260
7122.820000 0.348150
7122.840000 0.349754
7122.860000 0.350065
7122.880000 0.349103
7122.900000 0.346915
7122.920000 0.343570
7122.940000 0.339164
7122.960000 0.333809
7122.980000 0.327637
7123.000000 0.320788
7123.020000 0.313413
7123.040000 0.305667
7123.060000 0.297702
7123.080000 0.289666
7123.100000 0.281699
7123.120000 0.273927
7123.140000 0.266462
7123.160000 0.259397
7123.180000 0.252807
7123.200000 0.246746
7123.220000 0.241247
7123.240000 0.236323
7123.260000 0.231968
7123.280000 0.228155
7123.300000 0.224843
7123.320000 0.221977
7123.340000 0.219490
7123.360000 0.217304
7123.380000 0.215337
7123.400000 0.213505
7123.420000 0.211720
7123.440000 0.209900
7123.460000 0.207965
7123.480000 0.205845
7123.500000 0.203476
7123.520000 0.200808
7123.540000 0.197799
7123.560000 0.194422
7123.580000 0.190662
7123.600000 0.186516
7123.620000 0.181993
7123.640000 0.177114
7123.660000 0.171908
7123.680000 0.166414
7123.700000 0.160676
7123.720000 0.154745
7123.740000 0.148674
7123.760000 0.142517
7123.780000 0.136329
7123.800000 0.130163
7123.820000 0.124069
7123.840000 0.118094
7123.860000 0.112280
7123.880000 0.106663
7123.900000 0.101275
7123.920000 0.096142
7123.940000 0.091282
7123.960000 0.086711
7123.980000 0.082439
7124.000000 0.078472
7124.020000 0.074810
7124.040000 0.071452
7124.060000 0.068394
7124.080000 0.065629
7124.100000 0.063151
7124.120000 0.060950
7124.140000 0.059017
7124.160000 0.057345
7124.180000 0.055924
7124.200000 0.054748
7124.220000 0.053810
7124.240000 0.053105
7124.260000 0.052631
7124.280000 0.052385
7124.300000 0.052368
7124.320000 0.052582
7124.340000 0.053029
7124.360000 0.053715
7124.380000 0.054647
7124.400000 0.055833
7124.420000 0.057280
7124.440000 0.059001
7124.460000 0.061003
7124.480000 0.063297
7124.500000 0.065893
7124.520000 0.068799
7124.540000 0.072020
7124.560000 0.075560
7124.580000 0.079419
7124.600000 0.083593
7124.620000 0.088073
7124.640000 0.092843
7124.660000 0.097884
7124.680000 0.103166
7124.700000 0.108656
7124.720000 0.114310
7124.740000 0.120078
7124.760000 0.125905
7124.780000 0.131726
7124.800000 0.137474
7124.820000 0.143075
7124.840000 0.148454
7124.860000 0.153535
7124.880000 0.158239
7124.900000 0.162495
7124.920000 0.166231
7124.940000 0.169386
7124.960000 0.171903
7124.980000 0.173739
7125.000000 0.174859
7125.020000 0.175241
7125.040000 0.174875
7125.060000 0.173767
7125.080000 0.171932
7125.100000 0.169400
7125.120000 0.166211
7125.140000 0.162415
7125.160000 0.158071
7125.180000 0.153245
7125.200000 0.148006
7125.220000 0.142429
7125.240000 0.136588
7125.260000 0.130556
7125.280000 0.124404
7125.300000 0.118201
7125.320000 0.112008
7125.340000 0.105882
7125.360000 0.099873
7125.380000 0.094025
7125.400000 0.088373
7125.420000 0.082946
7125.440000 0.077767
7125.460000 0.072850
7125.480000 0.068206
7125.500000 0.063840
7125.520000 0.059751
7125.540000 0.055936
7125.560000 0.052387
7125.580000 0.049096
7125.600000 0.046050
7125.620000 0.043237
7125.640000 0.040642
7125.660000 0.038251
7125.680000 0.036050
7125.700000 0.034024
7125.720000 0.032160
7125.740000 0.030443
7125.760000 0.028861
7125.780000 0.027402
7125.800000 0.026056
7125.820000 0.024810
7125.840000 0.023658
7125.860000 0.022589
7125.880000 0.021596
7125.900000 0.020672
7125.920000 0.019810
7125.940000 0.019006
7125.960000 0.018254
7125.980000 0.017549
7126.000000 0.016888
7126.020000 0.016267
7126.040000 0.015683
7126.060000 0.015132
7126.080000 0.014613
7126.100000 0.014123
7126.120000 0.013660
7126.140000 0.013222
7126.160000 0.012807
7126.180000 0.012413
7126.200000 0.012040
7126.220000 0.011685
7126.240000 0.011348
7126.260000 0.011028
7126.280000 0.010722
7126.300000 0.010431
7126.320000 0.010154
7126.340000 0.009889
7126.360000 0.009636
7126.380000 0.009394
7126.400000 0.009162
7126.420000 0.008940
7126.440000 0.008727
7126.460000 0.008523
7126.480000 0.008327
7126.500000 0.008139
7126.520000 0.007959
7126.540000 0.007785
7126.560000 0.007617
7126.580000 0.007456
7126.600000 0.007301
7126.620000 0.007151
7126.640000 0.007007
7126.660000 0.006867
7126.680000 0.006733
7126.700000 0.006603
7126.720000 0.006477
7126.740000 0.006356
7126.760000 0.006238
7126.780000 0.006125
7126.800000 0.006015
7126.820000 0.005908
7126.840000 0.005805
7126.860000 0.005704
7126.880000 0.005607
7126.900000 0.005513
7126.920000 0.005421
7126.940000 0.005332
7126.960000 0.005246
7126.980000 0.005162
7127.000000 0.005080
7127.020000 0.005000
7127.040000 0.004923
7127.060000 0.004848
7127.080000 0.004774
7127.100000 0.004703
7127.120000 0.004633
7127.140000 0.004565
7127.160000 0.004499
7127.180000 0.004434
7127.200000 0.004371
7127.220000 0.004310
7127.240000 0.004250
7127.260000 0.004191
7127.280000 0.004134
7127.300000 0.004078
7127.320000 0.004023
7127.340000 0.003969
7127.360000 0.003917
7127.380000 0.003866
7127.400000 0.003815
7127.420000 0.003766
7127.440000 0.003718
7127.460000 0.003671
7127.480000 0.003625
7127.500000 0.003580
7127.520000 0.003536
7127.540000 0.003492
7127.560000 0.003450
7127.580000 0.003408
7127.600000 0.003367
7127.620000 0.003327
7127.640000 0.003287
7127.660000 0.003249
7127.680000 0.003211
7127.700000 0.003174
7127.720000 0.003137
7127.740000 0.003102
7127.760000 0.003066
7127.780000 0.003032
7127.800000 0.002998
7127.820000 0.002965
7127.840000 0.002932
7127.860000 0.002900
7127.880000 0.002868
7127.900000 0.002837
7127.920000 0.002807
7127.940000 0.002777
7127.960000 0.002747
7127.980000 0.002718
7128.000000 0.002690
7128.020000 0.002662
7128.040000 0.002634
7128.060000 0.002607
7128.080000 0.002580
7128.100000 0.002554
7128.120000 0.002528
7128.140000 0.002503
7128.160000 0.002478
7128.180000 0.002454
7128.200000 0.002430
7128.220000 0.002406
7128.240000 0.002382
7128.260000 0.002360
7128.280000 0.002337
7128.300000 0.002315
7128.320000 0.002293
7128.340000 0.002271
7128.360000 0.002250
7128.380000 0.002229
7128.400000 0.002208
7128.420000 0.002188
7128.440000 0.002168
7128.460000 0.002148
7128.480000 0.002129
7128.500000 0.002110
7128.520000 0.002091
7128.540000 0.002072
7128.560000 0.002054
7128.580000 0.002036
7128.600000 0.002018
7128.620000 0.002001
7128.640000 0.001983
7128.660000 0.001966
7128.680000 0.001950
7128.700000 0.001933
7128.720000 0.001917
7128.740000 0.001900
7128.760000 0.001884
7128.780000 0.001869
7128.800000 0.001853
7128.820000 0.001838
7128.840000 0.001823
7128.860000 0.001808
7128.880000 0.001793
7128.900000 0.001779
7128.920000 0.001764
7128.940000 0.001750
7128.960000 0.001736
7128.980000 0.001722
7129.000000 0.001709
7129.020000 0.001695
7129.040000 0.001682
7129.060000 0.001669
7129.080000 0.001656
7129.100000 0.001643
7129.120000 0.001630
7129.140000 0.001618
7129.160000 0.001605
7129.180000 0.001593
7129.200000 0.001581
7129.220000 0.001569
7129.240000 0.001557
7129.260000 0.001546
7129.280000 0.001534
7129.300000 0.001523
7129.320000 0.001511
7129.340000 0.001500
7129.360000 0.001489
7129.380000 0.001478
7129.400000 0.001466
7129.420000 0.001455
7129.440000 0.001444
7129.460000 0.001432
7129.480000 0.001420
7129.500000 0.001408
7129.520000 0.001395
7129.540000 0.001382
7129.560000 0.001368
7129.580000 0.001353
7129.600000 0.001338
7129.620000 0.001320
7129.640000 0.001302
7129.660000 0.001282
7129.680000 0.001260
7129.700000 0.001236
7129.720000 0.001209
7129.740000 0.001181
7129.760000 0.001149
7129.780000 0.001116
7129.800000 0.001079
7129.820000 0.001040
7129.840000 0.000999
7129.860000 0.000955
7129.880000 0.000909
7129.900000 0.000861
7129.920000 0.000811
7129.940000 0.000760
7129.960000 0.000709
7129.980000 0.000657

Sticks
7121.840000 0.199705
7121.880000 0.000647
7122.820000 0.123065
7122.840000 0.079140
7122.860000 0.023427
7122.880000 0.070684
7122.900000 0.003061
7122.920000 0.000052
7123.460000 0.025297
7123.500000 0.045843
7123.520000 0.000293
7123.540000 0.001625
7123.580000 0.061698
7123.620000 0.003102
7124.040000 0.000117
7124.060000 0.000003
7124.140000 0.000026
7124.180000 0.000006
7124.200000 0.000003
7124.740000 0.000060
7124.760000 0.000525
7124.780000 0.000033
7125.000000 0.063013
7125.020000 0.061081
7125.040000 0.012756
7125.080000 0.014930
7125.100000 0.000355
7125.120000 0.000784
7125.140000 0.000262
7125.240000 0.006603
7125.280000 0.000188
7125.300000 0.000662
7125.480000 0.000193
7125.500000 0.000004
7125.780000 0.000557
7125.800000 0.000096
7125.820000 0.000035
7126.180000 0.000002
7126.200000 0.000000
7126.220000 0.000020
7126.280000 0.000025
7126.300000 0.000007
7126.940000 0.000001
7127.300000 0.000005
7127.320000 0.000001
7127.360000 0.000001
7127.380000 0.000001
7127.720000 0.000003
7127.740000 0.000001
7127.760000 0.000001
