-10.000000 0.000076
-9.991248 0.000081
-9.982496 0.000086
-9.973743 0.000091
-9.964991 0.000096
-9.956239 0.000101
-9.947487 0.000106
-9.938735 0.000110
-9.929982 0.000114
-9.921230 0.000118
-9.912478 0.000122
-9.903726 0.000126
-9.894974 0.000129
-9.886222 0.000132
-9.877469 0.000135
-9.868717 0.000137
-9.859965 0.000139
-9.851213 0.000141
-9.842461 0.000143
-9.833708 0.000145
-9.824956 0.000146
-9.816204 0.000148
-9.807452 0.000149
-9.798700 0.000150
-9.789947 0.000151
-9.781195 0.000152
-9.772443 0.000153
-9.763691 0.000153
-9.754939 0.000154
-9.746187 0.000155
-9.737434 0.000155
-9.728682 0.000156
-9.719930 0.000156
-9.711178 0.000157
-9.702426 0.000157
-9.693673 0.000158
-9.684921 0.000158
-9.676169 0.000159
-9.667417 0.000159
-9.658665 0.000160
-9.649912 0.000160
-9.641160 0.000161
-9.632408 0.000161
-9.623656 0.000162
-9.614904 0.000162
-9.606152 0.000163
-9.597399 0.000163
-9.588647 0.000164
-9.579895 0.000164
-9.571143 0.000164
-9.562391 0.000165
-9.553638 0.000165
-9.544886 0.000166
-9.536134 0.000166
-9.527382 0.000167
-9.518630 0.000167
-9.509877 0.000168
-9.501125 0.000168
-9.492373 0.000169
-9.483621 0.000169
-9.474869 0.000170
-9.466117 0.000170
-9.457364 0.000171
-9.448612 0.000171
-9.439860 0.000172
-9.431108 0.000172
-9.422356 0.000173
-9.413603 0.000173
-9.404851 0.000174
-9.396099 0.000175
-9.387347 0.000175
-9.378595 0.000176
-9.369842 0.000176
-9.361090 0.000177
-9.352338 0.000177
-9.343586 0.000178
-9.334834 0.000178
-9.326082 0.000179
-9.317329 0.000179
-9.308577 0.000180
-9.299825 0.000180
-9.291073 0.000181
-9.282321 0.000182
-9.273568 0.000182
-9.264816 0.000183
-9.256064 0.000183
-9.247312 0.000184
-9.238560 0.000184
-9.229807 0.000185
-9.221055 0.000186
-9.212303 0.000186
-9.203551 0.000187
-9.194799 0.000187
-9.186047 0.000188
-9.177294 0.000188
-9.168542 0.000189
-9.159790 0.000190
-9.151038 0.000190
-9.142286 0.000191
-9.133533 0.000191
-9.124781 0.000192
-9.116029 0.000193
-9.107277 0.000193
-9.098525 0.000194
-9.089772 0.000194
-9.081020 0.000195
-9.072268 0.000196
-9.063516 0.000196
-9.054764 0.000197
-9.046012 0.000198
-9.037259 0.000198
-9.028507 0.000199
-9.019755 0.000200
-9.011003 0.000200
-9.002251 0.000201
-8.993498 0.000201
-8.984746 0.000202
-8.975994 0.000203
-8.967242 0.000203
-8.958490 0.000204
-8.949737 0.000205
-8.940985 0.000205
-8.932233 0.000206
-8.923481 0.000207
-8.914729 0.000207
-8.905976 0.000208
-8.897224 0.000209
-8.888472 0.000210
-8.879720 0.000210
-8.870968 0.000211
-8.862216 0.000212
-8.853463 0.000212
-8.844711 0.000213
-8.835959 0.000214
-8.827207 0.000215
-8.818455 0.000215
-8.809702 0.000216
-8.800950 0.000217
-8.792198 0.000217
-8.783446 0.000218
-8.774694 0.000219
-8.765941 0.000220
-8.757189 0.000220
-8.748437 0.000221
-8.739685 0.000222
-8.730933 0.000223
-8.722181 0.000223
-8.713428 0.000224
-8.704676 0.000225
-8.695924 0.000226
-8.687172 0.000227
-8.678420 0.000227
-8.669667 0.000228
-8.660915 0.000229
-8.652163 0.000230
-8.643411 0.000230
-8.634659 0.000231
-8.625906 0.000232
-8.617154 0.000233
-8.608402 0.000234
-8.599650 0.000235
-8.590898 0.000235
-8.582146 0.000236
-8.573393 0.000237
-8.564641 0.000238
-8.555889 0.000239
-8.547137 0.000240
-8.538385 0.000240
-8.529632 0.000241
-8.520880 0.000242
-8.512128 0.000243
-8.503376 0.000244
-8.494624 0.000245
-8.485871 0.000246
-8.477119 0.000247
-8.468367 0.000247
-8.459615 0.000248
-8.450863 0.000249
-8.442111 0.000250
-8.433358 0.000251
-8.424606 0.000252
-8.415854 0.000253
-8.407102 0.000254
-8.398350 0.000255
-8.389597 0.000256
-8.380845 0.000257
-8.372093 0.000258
-8.363341 0.000259
-8.354589 0.000260
-8.345836 0.000261
-8.337084 0.000262
-8.328332 0.000263
-8.319580 0.000263
-8.310828 0.000264
-8.302076 0.000265
-8.293323 0.000266
-8.284571 0.000267
-8.275819 0.000268
-8.267067 0.000270
-8.258315 0.000271
-8.249562 0.000272
-8.240810 0.000273
-8.232058 0.000274
-8.223306 0.000275
-8.214554 0.000276
-8.205801 0.000277
-8.197049 0.000278
-8.188297 0.000279
-8.179545 0.000280
-8.170793 0.000281
-8.162041 0.000282
-8.153288 0.000283
-8.144536 0.000284
-8.135784 0.000286
-8.127032 0.000287
-8.118280 0.000288
-8.109527 0.000289
-8.100775 0.000290
-8.092023 0.000291
-8.083271 0.000292
-8.074519 0.000294
-8.065766 0.000295
-8.057014 0.000296
-8.048262 0.000297
-8.039510 0.000298
-8.030758 0.000299
-8.022006 0.000301
-8.013253 0.000302
-8.004501 0.000303
-7.995749 0.000304
-7.986997 0.000306
-7.978245 0.000307
-7.969492 0.000308
-7.960740 0.000309
-7.951988 0.000311
-7.943236 0.000312
-7.934484 0.000313
-7.925731 0.000314
-7.916979 0.000316
-7.908227 0.000317
-7.899475 0.000318
-7.890723 0.000320
-7.881970 0.000321
-7.873218 0.000322
-7.864466 0.000324
-7.855714 0.000325
-7.846962 0.000326
-7.838210 0.000328
-7.829457 0.000329
-7.820705 0.000331
-7.811953 0.000332
-7.803201 0.000333
-7.794449 0.000335
-7.785696 0.000336
-7.776944 0.000338
-7.768192 0.000339
-7.759440 0.000341
-7.750688 0.000342
-7.741935 0.000344
-7.733183 0.000345
-7.724431 0.000347
-7.715679 0.000348
-7.706927 0.000350
-7.698175 0.000351
-7.689422 0.000353
-7.680670 0.000354
-7.671918 0.000356
-7.663166 0.000357
-7.654414 0.000359
-7.645661 0.000361
-7.636909 0.000362
-7.628157 0.000364
-7.619405 0.000365
-7.610653 0.000367
-7.601900 0.000369
-7.593148 0.000370
-7.584396 0.000372
-7.575644 0.000374
-7.566892 0.000375
-7.558140 0.000377
-7.549387 0.000379
-7.540635 0.000381
-7.531883 0.000382
-7.523131 0.000384
-7.514379 0.000386
-7.505626 0.000388
-7.496874 0.000389
-7.488122 0.000391
-7.479370 0.000393
-7.470618 0.000395
-7.461865 0.000397
-7.453113 0.000399
-7.444361 0.000400
-7.435609 0.000402
-7.426857 0.000404
-7.418105 0.000406
-7.409352 0.000408
-7.400600 0.000410
-7.391848 0.000412
-7.383096 0.000414
-7.374344 0.000416
-7.365591 0.000418
-7.356839 0.000420
-7.348087 0.000422
-7.339335 0.000424
-7.330583 0.000426
-7.321830 0.000428
-7.313078 0.000430
-7.304326 0.000432
-7.295574 0.000434
-7.286822 0.000437
-7.278070 0.000439
-7.269317 0.000441
-7.260565 0.000443
-7.251813 0.000445
-7.243061 0.000447
-7.234309 0.000450
-7.225556 0.000452
-7.216804 0.000454
-7.208052 0.000457
-7.199300 0.000459
-7.190548 0.000461
-7.181795 0.000464
-7.173043 0.000466
-7.164291 0.000468
-7.155539 0.000471
-7.146787 0.000473
-7.138035 0.000476
-7.129282 0.000478
-7.120530 0.000480
-7.111778 0.000483
-7.103026 0.000485
-7.094274 0.000488
-7.085521 0.000491
-7.076769 0.000493
-7.068017 0.000496
-7.059265 0.000498
-7.050513 0.000501
-7.041760 0.000504
-7.033008 0.000506
-7.024256 0.000509
-7.015504 0.000512
-7.006752 0.000515
-6.997999 0.000517
-6.989247 0.000520
-6.980495 0.000523
-6.971743 0.000526
-6.962991 0.000529
-6.954239 0.000531
-6.945486 0.000534
-6.936734 0.000537
-6.927982 0.000540
-6.919230 0.000543
-6.910478 0.000546
-6.901725 0.000549
-6.892973 0.000552
-6.884221 0.000556
-6.875469 0.000559
-6.866717 0.000562
-6.857964 0.000565
-6.849212 0.000568
-6.840460 0.000571
-6.831708 0.000575
-6.822956 0.000578
-6.814204 0.000581
-6.805451 0.000585
-6.796699 0.000588
-6.787947 0.000591
-6.779195 0.000595
-6.770443 0.000598
-6.761690 0.000602
-6.752938 0.000605
-6.744186 0.000609
-6.735434 0.000612
-6.726682 0.000616
-6.717929 0.000620
-6.709177 0.000623
-6.700425 0.000627
-6.691673 0.000631
-6.682921 0.000635
-6.674169 0.000639
-6.665416 0.000642
-6.656664 0.000646
-6.647912 0.000650
-6.639160 0.000654
-6.630408 0.000658
-6.621655 0.000662
-6.612903 0.000666
-6.604151 0.000671
-6.595399 0.000675
-6.586647 0.000679
-6.577894 0.000683
-6.569142 0.000687
-6.560390 0.000692
-6.551638 0.000696
-6.542886 0.000701
-6.534134 0.000705
-6.525381 0.000710
-6.516629 0.000714
-6.507877 0.000719
-6.499125 0.000723
-6.490373 0.000728
-6.481620 0.000733
-6.472868 0.000737
-6.464116 0.000742
-6.455364 0.000747
-6.446612 0.000752
-6.437859 0.000757
-6.429107 0.000762
-6.420355 0.000767
-6.411603 0.000772
-6.402851 0.000777
-6.394099 0.000783
-6.385346 0.000788
-6.376594 0.000793
-6.367842 0.000799
-6.359090 0.000804
-6.350338 0.000810
-6.341585 0.000815
-6.332833 0.000821
-6.324081 0.000827
-6.315329 0.000832
-6.306577 0.000838
-6.297824 0.000844
-6.289072 0.000850
-6.280320 0.000856
-6.271568 0.000862
-6.262816 0.000868
-6.254064 0.000874
-6.245311 0.000881
-6.236559 0.000887
-6.227807 0.000893
-6.219055 0.000900
-6.210303 0.000907
-6.201550 0.000913
-6.192798 0.000920
-6.184046 0.000927
-6.175294 0.000933
-6.166542 0.000940
-6.157789 0.000947
-6.149037 0.000955
-6.140285 0.000962
-6.131533 0.000969
-6.122781 0.000976
-6.114029 0.000984
-6.105276 0.000991
-6.096524 0.000999
-6.087772 0.001007
-6.079020 0.001014
-6.070268 0.001022
-6.061515 0.001030
-6.052763 0.001038
-6.044011 0.001047
-6.035259 0.001055
-6.026507 0.001063
-6.017754 0.001072
-6.009002 0.001080
-6.000250 0.001089
-5.991498 0.001098
-5.982746 0.001107
-5.973993 0.001116
-5.965241 0.001125
-5.956489 0.001134
-5.947737 0.001143
-5.938985 0.001153
-5.930233 0.001162
-5.921480 0.001172
-5.912728 0.001182
-5.903976 0.001192
-5.895224 0.001202
-5.886472 0.001212
-5.877719 0.001223
-5.868967 0.001233
-5.860215 0.001244
-5.851463 0.001255
-5.842711 0.001266
-5.833958 0.001277
-5.825206 0.001288
-5.816454 0.001299
-5.807702 0.001311
-5.798950 0.001323
-5.790198 0.001334
-5.781445 0.001346
-5.772693 0.001359
-5.763941 0.001371
-5.755189 0.001384
-5.746437 0.001396
-5.737684 0.001409
-5.728932 0.001422
-5.720180 0.001435
-5.711428 0.001449
-5.702676 0.001463
-5.693923 0.001476
-5.685171 0.001490
-5.676419 0.001505
-5.667667 0.001519
-5.658915 0.001534
-5.650163 0.001549
-5.641410 0.001564
-5.632658 0.001579
-5.623906 0.001595
-5.615154 0.001611
-5.606402 0.001627
-5.597649 0.001643
-5.588897 0.001660
-5.580145 0.001676
-5.571393 0.001694
-5.562641 0.001711
-5.553888 0.001729
-5.545136 0.001746
-5.536384 0.001765
-5.527632 0.001783
-5.518880 0.001802
-5.510128 0.001821
-5.501375 0.001840
-5.492623 0.001860
-5.483871 0.001880
-5.475119 0.001901
-5.466367 0.001921
-5.457614 0.001942
-5.448862 0.001964
-5.440110 0.001986
-5.431358 0.002008
-5.422606 0.002030
-5.413853 0.002053
-5.405101 0.002077
-5.396349 0.002100
-5.387597 0.002125
-5.378845 0.002149
-5.370093 0.002174
-5.361340 0.002200
-5.352588 0.002226
-5.343836 0.002252
-5.335084 0.002279
-5.326332 0.002306
-5.317579 0.002334
-5.308827 0.002363
-5.300075 0.002392
-5.291323 0.002421
-5.282571 0.002451
-5.273818 0.002482
-5.265066 0.002513
-5.256314 0.002545
-5.247562 0.002578
-5.238810 0.002611
-5.230058 0.002645
-5.221305 0.002679
-5.212553 0.002714
-5.203801 0.002750
-5.195049 0.002787
-5.186297 0.002824
-5.177544 0.002862
-5.168792 0.002901
-5.160040 0.002941
-5.151288 0.002981
-5.142536 0.003023
-5.133783 0.003065
-5.125031 0.003108
-5.116279 0.003152
-5.107527 0.003197
-5.098775 0.003244
-5.090023 0.003291
-5.081270 0.003339
-5.072518 0.003388
-5.063766 0.003439
-5.055014 0.003490
-5.046262 0.003543
-5.037509 0.003597
-5.028757 0.003652
-5.020005 0.003709
-5.011253 0.003767
-5.002501 0.003826
-4.993748 0.003887
-4.984996 0.003949
-4.976244 0.004013
-4.967492 0.004078
-4.958740 0.004145
-4.949987 0.004214
-4.941235 0.004284
-4.932483 0.004357
-4.923731 0.004431
-4.914979 0.004507
-4.906227 0.004585
-4.897474 0.004665
-4.888722 0.004748
-4.879970 0.004832
-4.871218 0.004919
-4.862466 0.005008
-4.853713 0.005100
-4.844961 0.005195
-4.836209 0.005292
-4.827457 0.005392
-4.818705 0.005494
-4.809952 0.005600
-4.801200 0.005709
-4.792448 0.005821
-4.783696 0.005937
-4.774944 0.006056
-4.766192 0.006179
-4.757439 0.006305
-4.748687 0.006436
-4.739935 0.006570
-4.731183 0.006709
-4.722431 0.006853
-4.713678 0.007001
-4.704926 0.007154
-4.696174 0.007312
-4.687422 0.007476
-4.678670 0.007645
-4.669917 0.007820
-4.661165 0.008001
-4.652413 0.008188
-4.643661 0.008383
-4.634909 0.008584
-4.626157 0.008792
-4.617404 0.009008
-4.608652 0.009233
-4.599900 0.009465
-4.591148 0.009707
-4.582396 0.009958
-4.573643 0.010219
-4.564891 0.010490
-4.556139 0.010771
-4.547387 0.011065
-4.538635 0.011370
-4.529882 0.011687
-4.521130 0.012018
-4.512378 0.012363
-4.503626 0.012722
-4.494874 0.013097
-4.486122 0.013488
-4.477369 0.013895
-4.468617 0.014321
-4.459865 0.014766
-4.451113 0.015231
-4.442361 0.015716
-4.433608 0.016223
-4.424856 0.016754
-4.416104 0.017309
-4.407352 0.017889
-4.398600 0.018496
-4.389847 0.019131
-4.381095 0.019796
-4.372343 0.020491
-4.363591 0.021218
-4.354839 0.021978
-4.346087 0.022773
-4.337334 0.023605
-4.328582 0.024474
-4.319830 0.025382
-4.311078 0.026330
-4.302326 0.027319
-4.293573 0.028351
-4.284821 0.029426
-4.276069 0.030545
-4.267317 0.031709
-4.258565 0.032919
-4.249812 0.034175
-4.241060 0.035476
-4.232308 0.036823
-4.223556 0.038215
-4.214804 0.039652
-4.206052 0.041131
-4.197299 0.042653
-4.188547 0.044215
-4.179795 0.045814
-4.171043 0.047448
-4.162291 0.049115
-4.153538 0.050809
-4.144786 0.052529
-4.136034 0.054268
-4.127282 0.056023
-4.118530 0.057787
-4.109777 0.059557
-4.101025 0.061324
-4.092273 0.063084
-4.083521 0.064830
-4.074769 0.066554
-4.066017 0.068249
-4.057264 0.069909
-4.048512 0.071525
-4.039760 0.073090
-4.031008 0.074597
-4.022256 0.076037
-4.013503 0.077404
-4.004751 0.078689
-3.995999 0.079886
-3.987247 0.080989
-3.978495 0.081989
-3.969742 0.082882
-3.960990 0.083662
-3.952238 0.084324
-3.943486 0.084863
-3.934734 0.085275
-3.925981 0.085558
-3.917229 0.085709
-3.908477 0.085727
-3.899725 0.085611
-3.890973 0.085361
-3.882221 0.084978
-3.873468 0.084463
-3.864716 0.083821
-3.855964 0.083054
-3.847212 0.082166
-3.838460 0.081164
-3.829707 0.080051
-3.820955 0.078836
-3.812203 0.077524
-3.803451 0.076124
-3.794699 0.074643
-3.785946 0.073090
-3.777194 0.071472
-3.768442 0.069800
-3.759690 0.068080
-3.750938 0.066323
-3.742186 0.064535
-3.733433 0.062727
-3.724681 0.060905
-3.715929 0.059077
-3.707177 0.057251
-3.698425 0.055434
-3.689672 0.053631
-3.680920 0.051848
-3.672168 0.050092
-3.663416 0.048366
-3.654664 0.046674
-3.645911 0.045021
-3.637159 0.043409
-3.628407 0.041840
-3.619655 0.040318
-3.610903 0.038843
-3.602151 0.037417
-3.593398 0.036039
-3.584646 0.034712
-3.575894 0.033434
-3.567142 0.032206
-3.558390 0.031026
-3.549637 0.029895
-3.540885 0.028811
-3.532133 0.027773
-3.523381 0.026780
-3.514629 0.025830
-3.505876 0.024923
-3.497124 0.024056
-3.488372 0.023228
-3.479620 0.022438
-3.470868 0.021684
-3.462116 0.020964
-3.453363 0.020277
-3.444611 0.019622
-3.435859 0.018997
-3.427107 0.018400
-3.418355 0.017831
-3.409602 0.017288
-3.400850 0.016769
-3.392098 0.016274
-3.383346 0.015801
-3.374594 0.015349
-3.365841 0.014917
-3.357089 0.014505
-3.348337 0.014110
-3.339585 0.013733
-3.330833 0.013372
-3.322081 0.013027
-3.313328 0.012697
-3.304576 0.012381
-3.295824 0.012078
-3.287072 0.011788
-3.278320 0.011511
-3.269567 0.011244
-3.260815 0.010989
-3.252063 0.010745
-3.243311 0.010510
-3.234559 0.010285
-3.225806 0.010070
-3.217054 0.009863
-3.208302 0.009664
-3.199550 0.009474
-3.190798 0.009291
-3.182046 0.009116
-3.173293 0.008948
-3.164541 0.008786
-3.155789 0.008631
-3.147037 0.008483
-3.138285 0.008340
-3.129532 0.008204
-3.120780 0.008073
-3.112028 0.007947
-3.103276 0.007827
-3.094524 0.007711
-3.085771 0.007601
-3.077019 0.007495
-3.068267 0.007394
-3.059515 0.007297
-3.050763 0.007205
-3.042011 0.007117
-3.033258 0.007033
-3.024506 0.006954
-3.015754 0.006878
-3.007002 0.006806
-2.998250 0.006737
-2.989497 0.006673
-2.980745 0.006612
-2.971993 0.006555
-2.963241 0.006501
-2.954489 0.006450
-2.945736 0.006404
-2.936984 0.006360
-2.928232 0.006320
-2.919480 0.006283
-2.910728 0.006250
-2.901975 0.006220
-2.893223 0.006193
-2.884471 0.006169
-2.875719 0.006149
-2.866967 0.006133
-2.858215 0.006119
-2.849462 0.006109
-2.840710 0.006103
-2.831958 0.006100
-2.823206 0.006100
-2.814454 0.006104
-2.805701 0.006112
-2.796949 0.006123
-2.788197 0.006139
-2.779445 0.006158
-2.770693 0.006181
-2.761940 0.006208
-2.753188 0.006239
-2.744436 0.006275
-2.735684 0.006315
-2.726932 0.006359
-2.718180 0.006409
-2.709427 0.006463
-2.700675 0.006522
-2.691923 0.006586
-2.683171 0.006656
-2.674419 0.006731
-2.665666 0.006812
-2.656914 0.006899
-2.648162 0.006992
-2.639410 0.007092
-2.630658 0.007198
-2.621905 0.007310
-2.613153 0.007430
-2.604401 0.007557
-2.595649 0.007692
-2.586897 0.007834
-2.578145 0.007985
-2.569392 0.008143
-2.560640 0.008310
-2.551888 0.008486
-2.543136 0.008670
-2.534384 0.008864
-2.525631 0.009067
-2.516879 0.009279
-2.508127 0.009501
-2.499375 0.009732
-2.490623 0.009974
-2.481870 0.010225
-2.473118 0.010487
-2.464366 0.010758
-2.455614 0.011040
-2.446862 0.011332
-2.438110 0.011634
-2.429357 0.011945
-2.420605 0.012267
-2.411853 0.012598
-2.403101 0.012939
-2.394349 0.013288
-2.385596 0.013647
-2.376844 0.014014
-2.368092 0.014388
-2.359340 0.014770
-2.350588 0.015158
-2.341835 0.015552
-2.333083 0.015951
-2.324331 0.016354
-2.315579 0.016760
-2.306827 0.017168
-2.298075 0.017577
-2.289322 0.017985
-2.280570 0.018392
-2.271818 0.018796
-2.263066 0.019196
-2.254314 0.019590
-2.245561 0.019976
-2.236809 0.020353
-2.228057 0.020720
-2.219305 0.021076
-2.210553 0.021418
-2.201800 0.021745
-2.193048 0.022057
-2.184296 0.022351
-2.175544 0.022627
-2.166792 0.022883
-2.158040 0.023119
-2.149287 0.023335
-2.140535 0.023528
-2.131783 0.023700
-2.123031 0.023849
-2.114279 0.023975
-2.105526 0.024078
-2.096774 0.024159
-2.088022 0.024217
-2.079270 0.024252
-2.070518 0.024266
-2.061765 0.024258
-2.053013 0.024229
-2.044261 0.024179
-2.035509 0.024109
-2.026757 0.024019
-2.018005 0.023911
-2.009252 0.023783
-2.000500 0.023638
-1.991748 0.023475
-1.982996 0.023295
-1.974244 0.023098
-1.965491 0.022885
-1.956739 0.022656
-1.947987 0.022412
-1.939235 0.022152
-1.930483 0.021878
-1.921730 0.021590
-1.912978 0.021288
-1.904226 0.020972
-1.895474 0.020644
-1.886722 0.020304
-1.877969 0.019952
-1.869217 0.019590
-1.860465 0.019218
-1.851713 0.018837
-1.842961 0.018448
-1.834209 0.018052
-1.825456 0.017649
-1.816704 0.017242
-1.807952 0.016832
-1.799200 0.016419
-1.790448 0.016004
-1.781695 0.015589
-1.772943 0.015176
-1.764191 0.014764
-1.755439 0.014356
-1.746687 0.013951
-1.737934 0.013553
-1.729182 0.013160
-1.720430 0.012775
-1.711678 0.012397
-1.702926 0.012028
-1.694174 0.011668
-1.685421 0.011318
-1.676669 0.010978
-1.667917 0.010648
-1.659165 0.010330
-1.650413 0.010022
-1.641660 0.009725
-1.632908 0.009439
-1.624156 0.009165
-1.615404 0.008901
-1.606652 0.008648
-1.597899 0.008405
-1.589147 0.008173
-1.580395 0.007951
-1.571643 0.007739
-1.562891 0.007536
-1.554139 0.007342
-1.545386 0.007157
-1.536634 0.006979
-1.527882 0.006810
-1.519130 0.006648
-1.510378 0.006493
-1.501625 0.006345
-1.492873 0.006203
-1.484121 0.006066
-1.475369 0.005935
-1.466617 0.005810
-1.457864 0.005689
-1.449112 0.005572
-1.440360 0.005459
-1.431608 0.005350
-1.422856 0.005245
-1.414104 0.005143
-1.405351 0.005044
-1.396599 0.004948
-1.387847 0.004855
-1.379095 0.004764
-1.370343 0.004676
-1.361590 0.004589
-1.352838 0.004505
-1.344086 0.004423
-1.335334 0.004343
-1.326582 0.004265
-1.317829 0.004189
-1.309077 0.004114
-1.300325 0.004041
-1.291573 0.003970
-1.282821 0.003901
-1.274069 0.003833
-1.265316 0.003768
-1.256564 0.003703
-1.247812 0.003641
-1.239060 0.003580
-1.230308 0.003521
-1.221555 0.003464
-1.212803 0.003408
-1.204051 0.003354
-1.195299 0.003302
-1.186547 0.003252
-1.177794 0.003203
-1.169042 0.003156
-1.160290 0.003111
-1.151538 0.003068
-1.142786 0.003026
-1.134034 0.002986
-1.125281 0.002948
-1.116529 0.002912
-1.107777 0.002877
-1.099025 0.002844
-1.090273 0.002813
-1.081520 0.002784
-1.072768 0.002756
-1.064016 0.002731
-1.055264 0.002707
-1.046512 0.002684
-1.037759 0.002664
-1.029007 0.002646
-1.020255 0.002629
-1.011503 0.002614
-1.002751 0.002601
-0.993998 0.002590
-0.985246 0.002581
-0.976494 0.002574
-0.967742 0.002569
-0.958990 0.002566
-0.950238 0.002565
-0.941485 0.002566
-0.932733 0.002569
-0.923981 0.002574
-0.915229 0.002582
-0.906477 0.002591
-0.897724 0.002603
-0.888972 0.002617
-0.880220 0.002634
-0.871468 0.002652
-0.862716 0.002673
-0.853963 0.002697
-0.845211 0.002723
-0.836459 0.002751
-0.827707 0.002781
-0.818955 0.002814
-0.810203 0.002849
-0.801450 0.002887
-0.792698 0.002926
-0.783946 0.002968
-0.775194 0.003012
-0.766442 0.003057
-0.757689 0.003104
-0.748937 0.003153
-0.740185 0.003203
-0.731433 0.003254
-0.722681 0.003305
-0.713928 0.003358
-0.705176 0.003410
-0.696424 0.003463
-0.687672 0.003515
-0.678920 0.003566
-0.670168 0.003616
-0.661415 0.003664
-0.652663 0.003711
-0.643911 0.003755
-0.635159 0.003796
-0.626407 0.003835
-0.617654 0.003869
-0.608902 0.003900
-0.600150 0.003927
-0.591398 0.003949
-0.582646 0.003966
-0.573893 0.003979
-0.565141 0.003986
-0.556389 0.003988
-0.547637 0.003984
-0.538885 0.003975
-0.530133 0.003960
-0.521380 0.003940
-0.512628 0.003914
-0.503876 0.003883
-0.495124 0.003847
-0.486372 0.003806
-0.477619 0.003760
-0.468867 0.003710
-0.460115 0.003656
-0.451363 0.003599
-0.442611 0.003538
-0.433858 0.003474
-0.425106 0.003408
-0.416354 0.003339
-0.407602 0.003269
-0.398850 0.003197
-0.390098 0.003124
-0.381345 0.003051
-0.372593 0.002977
-0.363841 0.002903
-0.355089 0.002829
-0.346337 0.002756
-0.337584 0.002684
-0.328832 0.002613
-0.320080 0.002543
-0.311328 0.002474
-0.302576 0.002407
-0.293823 0.002341
-0.285071 0.002278
-0.276319 0.002216
-0.267567 0.002156
-0.258815 0.002098
-0.250063 0.002041
-0.241310 0.001987
-0.232558 0.001935
-0.223806 0.001885
-0.215054 0.001836
-0.206302 0.001790
-0.197549 0.001745
-0.188797 0.001702
-0.180045 0.001661
-0.171293 0.001622
-0.162541 0.001584
-0.153788 0.001548
-0.145036 0.001513
-0.136284 0.001479
-0.127532 0.001447
-0.118780 0.001417
-0.110028 0.001387
-0.101275 0.001359
-0.092523 0.001332
-0.083771 0.001306
-0.075019 0.001281
-0.066267 0.001257
-0.057514 0.001233
-0.048762 0.001211
-0.040010 0.001190
-0.031258 0.001169
-0.022506 0.001149
-0.013753 0.001130
-0.005001 0.001111
0.003751 0.001093
0.012503 0.001076
0.021255 0.001059
0.030008 0.001043
0.038760 0.001027
0.047512 0.001012
0.056264 0.000997
0.065016 0.000983
0.073768 0.000969
0.082521 0.000955
0.091273 0.000942
0.100025 0.000930
0.108777 0.000917
0.117529 0.000905
0.126282 0.000894
0.135034 0.000882
0.143786 0.000871
0.152538 0.000860
0.161290 0.000850
0.170043 0.000840
0.178795 0.000830
0.187547 0.000820
0.196299 0.000811
0.205051 0.000802
0.213803 0.000793
0.222556 0.000784
0.231308 0.000775
0.240060 0.000767
0.248812 0.000759
0.257564 0.000751
0.266317 0.000743
0.275069 0.000736
0.283821 0.000728
0.292573 0.000721
0.301325 0.000714
0.310078 0.000707
0.318830 0.000700
0.327582 0.000694
0.336334 0.000687
0.345086 0.000681
0.353838 0.000675
0.362591 0.000668
0.371343 0.000662
0.380095 0.000657
0.388847 0.000651
0.397599 0.000645
0.406352 0.000640
0.415104 0.000634
0.423856 0.000629
0.432608 0.000624
0.441360 0.000619
0.450113 0.000614
0.458865 0.000609
0.467617 0.000604
0.476369 0.000599
0.485121 0.000595
0.493873 0.000590
0.502626 0.000586
0.511378 0.000581
0.520130 0.000577
0.528882 0.000573
0.537634 0.000568
0.546387 0.000564
0.555139 0.000560
0.563891 0.000556
0.572643 0.000552
0.581395 0.000549
0.590148 0.000545
0.598900 0.000541
0.607652 0.000537
0.616404 0.000534
0.625156 0.000530
0.633908 0.000527
0.642661 0.000523
0.651413 0.000520
0.660165 0.000516
0.668917 0.000513
0.677669 0.000510
0.686422 0.000506
0.695174 0.000503
0.703926 0.000500
0.712678 0.000497
0.721430 0.000494
0.730183 0.000491
0.738935 0.000488
0.747687 0.000485
0.756439 0.000482
0.765191 0.000479
0.773943 0.000477
0.782696 0.000474
0.791448 0.000471
0.800200 0.000468
0.808952 0.000466
0.817704 0.000463
0.826457 0.000461
0.835209 0.000458
0.843961 0.000455
0.852713 0.000453
0.861465 0.000450
0.870218 0.000448
0.878970 0.000446
0.887722 0.000443
0.896474 0.000441
0.905226 0.000439
0.913978 0.000436
0.922731 0.000434
0.931483 0.000432
0.940235 0.000430
0.948987 0.000427
0.957739 0.000425
0.966492 0.000423
0.975244 0.000421
0.983996 0.000419
0.992748 0.000417
1.001500 0.000415
1.010253 0.000413
1.019005 0.000411
1.027757 0.000409
1.036509 0.000407
1.045261 0.000405
1.054014 0.000403
1.062766 0.000401
1.071518 0.000400
1.080270 0.000398
1.089022 0.000396
1.097774 0.000394
1.106527 0.000392
1.115279 0.000391
1.124031 0.000389
1.132783 0.000387
1.141535 0.000386
1.150288 0.000384
1.159040 0.000382
1.167792 0.000381
1.176544 0.000379
1.185296 0.000377
1.194049 0.000376
1.202801 0.000374
1.211553 0.000373
1.220305 0.000371
1.229057 0.000370
1.237809 0.000368
1.246562 0.000367
1.255314 0.000365
1.264066 0.000364
1.272818 0.000363
1.281570 0.000361
1.290323 0.000360
1.299075 0.000358
1.307827 0.000357
1.316579 0.000356
1.325331 0.000354
1.334084 0.000353
1.342836 0.000352
1.351588 0.000351
1.360340 0.000349
1.369092 0.000348
1.377844 0.000347
1.386597 0.000346
1.395349 0.000345
1.404101 0.000343
1.412853 0.000342
1.421605 0.000341
1.430358 0.000340
1.439110 0.000339
1.447862 0.000338
1.456614 0.000337
1.465366 0.000336
1.474119 0.000335
1.482871 0.000333
1.491623 0.000332
1.500375 0.000331
1.509127 0.000330
1.517879 0.000329
1.526632 0.000329
1.535384 0.000328
1.544136 0.000327
1.552888 0.000326
1.561640 0.000325
1.570393 0.000324
1.579145 0.000323
1.587897 0.000322
1.596649 0.000321
1.605401 0.000320
1.614154 0.000320
1.622906 0.000319
1.631658 0.000318
1.640410 0.000317
1.649162 0.000317
1.657914 0.000316
1.666667 0.000315
1.675419 0.000314
1.684171 0.000314
1.692923 0.000313
1.701675 0.000312
1.710428 0.000312
1.719180 0.000311
1.727932 0.000310
1.736684 0.000310
1.745436 0.000309
1.754189 0.000308
1.762941 0.000308
1.771693 0.000307
1.780445 0.000307
1.789197 0.000306
1.797949 0.000306
1.806702 0.000305
1.815454 0.000305
1.824206 0.000304
1.832958 0.000304
1.841710 0.000303
1.850463 0.000303
1.859215 0.000303
1.867967 0.000302
1.876719 0.000302
1.885471 0.000302
1.894224 0.000301
1.902976 0.000301
1.911728 0.000301
1.920480 0.000300
1.929232 0.000300
1.937984 0.000300
1.946737 0.000300
1.955489 0.000300
1.964241 0.000299
1.972993 0.000299
1.981745 0.000299
1.990498 0.000299
1.999250 0.000299
2.008002 0.000299
2.016754 0.000299
2.025506 0.000299
2.034259 0.000299
2.043011 0.000299
2.051763 0.000299
2.060515 0.000299
2.069267 0.000299
2.078020 0.000299
2.086772 0.000299
2.095524 0.000300
2.104276 0.000300
2.113028 0.000300
2.121780 0.000300
2.130533 0.000301
2.139285 0.000301
2.148037 0.000302
2.156789 0.000302
2.165541 0.000302
2.174294 0.000303
2.183046 0.000303
2.191798 0.000304
2.200550 0.000305
2.209302 0.000305
2.218055 0.000306
2.226807 0.000307
2.235559 0.000307
2.244311 0.000308
2.253063 0.000309
2.261815 0.000310
2.270568 0.000311
2.279320 0.000312
2.288072 0.000313
2.296824 0.000314
2.305576 0.000315
2.314329 0.000317
2.323081 0.000318
2.331833 0.000319
2.340585 0.000321
2.349337 0.000322
2.358090 0.000324
2.366842 0.000326
2.375594 0.000327
2.384346 0.000329
2.393098 0.000331
2.401850 0.000333
2.410603 0.000335
2.419355 0.000338
2.428107 0.000340
2.436859 0.000342
2.445611 0.000345
2.454364 0.000347
2.463116 0.000350
2.471868 0.000353
2.480620 0.000356
2.489372 0.000359
2.498125 0.000362
2.506877 0.000366
2.515629 0.000369
2.524381 0.000373
2.533133 0.000377
2.541885 0.000381
2.550638 0.000385
2.559390 0.000389
2.568142 0.000394
2.576894 0.000399
2.585646 0.000403
2.594399 0.000408
2.603151 0.000414
2.611903 0.000419
2.620655 0.000425
2.629407 0.000430
2.638160 0.000436
2.646912 0.000443
2.655664 0.000449
2.664416 0.000456
2.673168 0.000463
2.681920 0.000470
2.690673 0.000477
2.699425 0.000485
2.708177 0.000492
2.716929 0.000500
2.725681 0.000509
2.734434 0.000517
2.743186 0.000526
2.751938 0.000535
2.760690 0.000545
2.769442 0.000554
2.778195 0.000565
2.786947 0.000575
2.795699 0.000586
2.804451 0.000597
2.813203 0.000609
2.821955 0.000621
2.830708 0.000633
2.839460 0.000646
2.848212 0.000660
2.856964 0.000674
2.865716 0.000689
2.874469 0.000704
2.883221 0.000720
2.891973 0.000737
2.900725 0.000754
2.909477 0.000772
2.918230 0.000790
2.926982 0.000810
2.935734 0.000830
2.944486 0.000851
2.953238 0.000872
2.961990 0.000895
2.970743 0.000918
2.979495 0.000942
2.988247 0.000966
2.996999 0.000992
3.005751 0.001018
3.014504 0.001045
3.023256 0.001072
3.032008 0.001100
3.040760 0.001129
3.049512 0.001158
3.058265 0.001187
3.067017 0.001217
3.075769 0.001247
3.084521 0.001277
3.093273 0.001308
3.102026 0.001338
3.110778 0.001368
3.119530 0.001398
3.128282 0.001428
3.137034 0.001458
3.145786 0.001487
3.154539 0.001516
3.163291 0.001544
3.172043 0.001571
3.180795 0.001598
3.189547 0.001624
3.198300 0.001648
3.207052 0.001672
3.215804 0.001694
3.224556 0.001716
3.233308 0.001735
3.242061 0.001754
3.250813 0.001771
3.259565 0.001786
3.268317 0.001800
3.277069 0.001812
3.285821 0.001822
3.294574 0.001830
3.303326 0.001837
3.312078 0.001841
3.320830 0.001844
3.329582 0.001844
3.338335 0.001842
3.347087 0.001838
3.355839 0.001832
3.364591 0.001824
3.373343 0.001814
3.382096 0.001801
3.390848 0.001787
3.399600 0.001770
3.408352 0.001751
3.417104 0.001731
3.425856 0.001708
3.434609 0.001684
3.443361 0.001658
3.452113 0.001631
3.460865 0.001602
3.469617 0.001572
3.478370 0.001540
3.487122 0.001508
3.495874 0.001475
3.504626 0.001441
3.513378 0.001406
3.522131 0.001371
3.530883 0.001336
3.539635 0.001301
3.548387 0.001265
3.557139 0.001230
3.565891 0.001195
3.574644 0.001160
3.583396 0.001126
3.592148 0.001092
3.600900 0.001059
3.609652 0.001026
3.618405 0.000995
3.627157 0.000964
3.635909 0.000934
3.644661 0.000904
3.653413 0.000876
3.662166 0.000849
3.670918 0.000822
3.679670 0.000797
3.688422 0.000772
3.697174 0.000749
3.705926 0.000726
3.714679 0.000704
3.723431 0.000683
3.732183 0.000663
3.740935 0.000644
3.749687 0.000626
3.758440 0.000608
3.767192 0.000591
3.775944 0.000575
3.784696 0.000560
3.793448 0.000545
3.802201 0.000531
3.810953 0.000518
3.819705 0.000505
3.828457 0.000492
3.837209 0.000481
3.845961 0.000469
3.854714 0.000459
3.863466 0.000448
3.872218 0.000438
3.880970 0.000429
3.889722 0.000420
3.898475 0.000411
3.907227 0.000403
3.915979 0.000395
3.924731 0.000387
3.933483 0.000380
3.942236 0.000373
3.950988 0.000366
3.959740 0.000359
3.968492 0.000353
3.977244 0.000347
3.985996 0.000341
3.994749 0.000336
4.003501 0.000330
4.012253 0.000325
4.021005 0.000320
4.029757 0.000315
4.038510 0.000310
4.047262 0.000306
4.056014 0.000301
4.064766 0.000297
4.073518 0.000293
4.082271 0.000289
4.091023 0.000285
4.099775 0.000281
4.108527 0.000278
4.117279 0.000274
4.126032 0.000271
4.134784 0.000268
4.143536 0.000265
4.152288 0.000261
4.161040 0.000258
4.169792 0.000256
4.178545 0.000253
4.187297 0.000250
4.196049 0.000247
4.204801 0.000245
4.213553 0.000242
4.222306 0.000240
4.231058 0.000237
4.239810 0.000235
4.248562 0.000233
4.257314 0.000231
4.266067 0.000228
4.274819 0.000226
4.283571 0.000224
4.292323 0.000222
4.301075 0.000220
4.309827 0.000218
4.318580 0.000217
4.327332 0.000215
4.336084 0.000213
4.344836 0.000211
4.353588 0.000210
4.362341 0.000208
4.371093 0.000206
4.379845 0.000205
4.388597 0.000203
4.397349 0.000202
4.406102 0.000200
4.414854 0.000199
4.423606 0.000197
4.432358 0.000196
4.441110 0.000195
4.449862 0.000193
4.458615 0.000192
4.467367 0.000191
4.476119 0.000189
4.484871 0.000188
4.493623 0.000187
4.502376 0.000186
4.511128 0.000185
4.519880 0.000184
4.528632 0.000182
4.537384 0.000181
4.546137 0.000180
4.554889 0.000179
4.563641 0.000178
4.572393 0.000177
4.581145 0.000176
4.589897 0.000175
4.598650 0.000174
4.607402 0.000173
4.616154 0.000172
4.624906 0.000172
4.633658 0.000171
4.642411 0.000170
4.651163 0.000169
4.659915 0.000168
4.668667 0.000167
4.677419 0.000166
4.686172 0.000166
4.694924 0.000165
4.703676 0.000164
4.712428 0.000163
4.721180 0.000163
4.729932 0.000162
4.738685 0.000161
4.747437 0.000160
4.756189 0.000160
4.764941 0.000159
4.773693 0.000158
4.782446 0.000158
4.791198 0.000157
4.799950 0.000156
4.808702 0.000156
4.817454 0.000155
4.826207 0.000154
4.834959 0.000154
4.843711 0.000153
4.852463 0.000152
4.861215 0.000152
4.869967 0.000151
4.878720 0.000151
4.887472 0.000150
4.896224 0.000150
4.904976 0.000149
4.913728 0.000148
4.922481 0.000148
4.931233 0.000147
4.939985 0.000147
4.948737 0.000146
4.957489 0.000146
4.966242 0.000145
4.974994 0.000145
4.983746 0.000144
4.992498 0.000144
5.001250 0.000143
5.010003 0.000143
5.018755 0.000142
5.027507 0.000142
5.036259 0.000141
5.045011 0.000141
5.053763 0.000141
5.062516 0.000140
5.071268 0.000140
5.080020 0.000139
5.088772 0.000139
5.097524 0.000138
5.106277 0.000138
5.115029 0.000138
5.123781 0.000137
5.132533 0.000137
5.141285 0.000136
5.150038 0.000136
5.158790 0.000136
5.167542 0.000135
5.176294 0.000135
5.185046 0.000134
5.193798 0.000134
5.202551 0.000134
5.211303 0.000133
5.220055 0.000133
5.228807 0.000133
5.237559 0.000132
5.246312 0.000132
5.255064 0.000132
5.263816 0.000131
5.272568 0.000131
5.281320 0.000131
5.290073 0.000130
5.298825 0.000130
5.307577 0.000130
5.316329 0.000129
5.325081 0.000129
5.333833 0.000129
5.342586 0.000128
5.351338 0.000128
5.360090 0.000128
5.368842 0.000127
5.377594 0.000127
5.386347 0.000127
5.395099 0.000127
5.403851 0.000126
5.412603 0.000126
5.421355 0.000126
5.430108 0.000125
5.438860 0.000125
5.447612 0.000125
5.456364 0.000125
5.465116 0.000124
5.473868 0.000124
5.482621 0.000124
5.491373 0.000124
5.500125 0.000123
5.508877 0.000123
5.517629 0.000123
5.526382 0.000123
5.535134 0.000122
5.543886 0.000122
5.552638 0.000122
5.561390 0.000122
5.570143 0.000121
5.578895 0.000121
5.587647 0.000121
5.596399 0.000121
5.605151 0.000120
5.613903 0.000120
5.622656 0.000120
5.631408 0.000120
5.640160 0.000120
5.648912 0.000119
5.657664 0.000119
5.666417 0.000119
5.675169 0.000119
5.683921 0.000118
5.692673 0.000118
5.701425 0.000118
5.710178 0.000118
5.718930 0.000118
5.727682 0.000117
5.736434 0.000117
5.745186 0.000117
5.753938 0.000117
5.762691 0.000117
5.771443 0.000116
5.780195 0.000116
5.788947 0.000116
5.797699 0.000116
5.806452 0.000116
5.815204 0.000116
5.823956 0.000115
5.832708 0.000115
5.841460 0.000115
5.850213 0.000115
5.858965 0.000115
5.867717 0.000115
5.876469 0.000114
5.885221 0.000114
5.893973 0.000114
5.902726 0.000114
5.911478 0.000114
5.920230 0.000114
5.928982 0.000113
5.937734 0.000113
5.946487 0.000113
5.955239 0.000113
5.963991 0.000113
5.972743 0.000113
5.981495 0.000112
5.990248 0.000112
5.999000 0.000112
6.007752 0.000112
6.016504 0.000112
6.025256 0.000112
6.034009 0.000112
6.042761 0.000111
6.051513 0.000111
6.060265 0.000111
6.069017 0.000111
6.077769 0.000111
6.086522 0.000111
6.095274 0.000111
6.104026 0.000110
6.112778 0.000110
6.121530 0.000110
6.130283 0.000110
6.139035 0.000110
6.147787 0.000110
6.156539 0.000110
6.165291 0.000110
6.174044 0.000109
6.182796 0.000109
6.191548 0.000109
6.200300 0.000109
6.209052 0.000109
6.217804 0.000109
6.226557 0.000109
6.235309 0.000109
6.244061 0.000108
6.252813 0.000108
6.261565 0.000108
6.270318 0.000108
6.279070 0.000108
6.287822 0.000108
6.296574 0.000108
6.305326 0.000108
6.314079 0.000108
6.322831 0.000107
6.331583 0.000107
6.340335 0.000107
6.349087 0.000107
6.357839 0.000107
6.366592 0.000107
6.375344 0.000107
6.384096 0.000107
6.392848 0.000107
6.401600 0.000107
6.410353 0.000107
6.419105 0.000106
6.427857 0.000106
6.436609 0.000106
6.445361 0.000106
6.454114 0.000106
6.462866 0.000106
6.471618 0.000106
6.480370 0.000106
6.489122 0.000106
6.497874 0.000106
6.506627 0.000106
6.515379 0.000105
6.524131 0.000105
6.532883 0.000105
6.541635 0.000105
6.550388 0.000105
6.559140 0.000105
6.567892 0.000105
6.576644 0.000105
6.585396 0.000105
6.594149 0.000105
6.602901 0.000105
6.611653 0.000105
6.620405 0.000105
6.629157 0.000105
6.637909 0.000104
6.646662 0.000104
6.655414 0.000104
6.664166 0.000104
6.672918 0.000104
6.681670 0.000104
6.690423 0.000104
6.699175 0.000104
6.707927 0.000104
6.716679 0.000104
6.725431 0.000104
6.734184 0.000104
6.742936 0.000104
6.751688 0.000104
6.760440 0.000104
6.769192 0.000104
6.777944 0.000104
6.786697 0.000103
6.795449 0.000103
6.804201 0.000103
6.812953 0.000103
6.821705 0.000103
6.830458 0.000103
6.839210 0.000103
6.847962 0.000103
6.856714 0.000103
6.865466 0.000103
6.874219 0.000103
6.882971 0.000103
6.891723 0.000103
6.900475 0.000103
6.909227 0.000103
6.917979 0.000103
6.926732 0.000103
6.935484 0.000103
6.944236 0.000103
6.952988 0.000103
6.961740 0.000103
6.970493 0.000103
6.979245 0.000103
6.987997 0.000103
6.996749 0.000103
7.005501 0.000102
7.014254 0.000102
7.023006 0.000102
7.031758 0.000102
7.040510 0.000102
7.049262 0.000102
7.058015 0.000102
7.066767 0.000102
7.075519 0.000102
7.084271 0.000102
7.093023 0.000102
7.101775 0.000102
7.110528 0.000102
7.119280 0.000102
7.128032 0.000102
7.136784 0.000102
7.145536 0.000102
7.154289 0.000102
7.163041 0.000102
7.171793 0.000102
7.180545 0.000102
7.189297 0.000102
7.198050 0.000102
7.206802 0.000102
7.215554 0.000102
7.224306 0.000102
7.233058 0.000102
7.241810 0.000102
7.250563 0.000102
7.259315 0.000102
7.268067 0.000102
7.276819 0.000102
7.285571 0.000102
7.294324 0.000102
7.303076 0.000102
7.311828 0.000102
7.320580 0.000102
7.329332 0.000102
7.338085 0.000102
7.346837 0.000102
7.355589 0.000102
7.364341 0.000102
7.373093 0.000102
7.381845 0.000102
7.390598 0.000102
7.399350 0.000102
7.408102 0.000102
7.416854 0.000102
7.425606 0.000102
7.434359 0.000102
7.443111 0.000102
7.451863 0.000102
7.460615 0.000102
7.469367 0.000102
7.478120 0.000102
7.486872 0.000102
7.495624 0.000102
7.504376 0.000102
7.513128 0.000102
7.521880 0.000102
7.530633 0.000102
7.539385 0.000102
7.548137 0.000102
7.556889 0.000102
7.565641 0.000102
7.574394 0.000102
7.583146 0.000102
7.591898 0.000102
7.600650 0.000102
7.609402 0.000102
7.618155 0.000102
7.626907 0.000102
7.635659 0.000103
7.644411 0.000103
7.653163 0.000103
7.661915 0.000103
7.670668 0.000103
7.679420 0.000103
7.688172 0.000103
7.696924 0.000103
7.705676 0.000103
7.714429 0.000103
7.723181 0.000103
7.731933 0.000103
7.740685 0.000103
7.749437 0.000103
7.758190 0.000103
7.766942 0.000103
7.775694 0.000103
7.784446 0.000103
7.793198 0.000103
7.801950 0.000103
7.810703 0.000103
7.819455 0.000103
7.828207 0.000103
7.836959 0.000103
7.845711 0.000103
7.854464 0.000104
7.863216 0.000104
7.871968 0.000104
7.880720 0.000104
7.889472 0.000104
7.898225 0.000104
7.906977 0.000104
7.915729 0.000104
7.924481 0.000104
7.933233 0.000104
7.941985 0.000104
7.950738 0.000104
7.959490 0.000104
7.968242 0.000104
7.976994 0.000104
7.985746 0.000104
7.994499 0.000104
8.003251 0.000105
8.012003 0.000105
8.020755 0.000105
8.029507 0.000105
8.038260 0.000105
8.047012 0.000105
8.055764 0.000105
8.064516 0.000105
8.073268 0.000105
8.082021 0.000105
8.090773 0.000105
8.099525 0.000105
8.108277 0.000105
8.117029 0.000105
8.125781 0.000106
8.134534 0.000106
8.143286 0.000106
8.152038 0.000106
8.160790 0.000106
8.169542 0.000106
8.178295 0.000106
8.187047 0.000106
8.195799 0.000106
8.204551 0.000106
8.213303 0.000106
8.222056 0.000107
8.230808 0.000107
8.239560 0.000107
8.248312 0.000107
8.257064 0.000107
8.265816 0.000107
8.274569 0.000107
8.283321 0.000107
8.292073 0.000107
8.300825 0.000107
8.309577 0.000107
8.318330 0.000108
8.327082 0.000108
8.335834 0.000108
8.344586 0.000108
8.353338 0.000108
8.362091 0.000108
8.370843 0.000108
8.379595 0.000108
8.388347 0.000108
8.397099 0.000109
8.405851 0.000109
8.414604 0.000109
8.423356 0.000109
8.432108 0.000109
8.440860 0.000109
8.449612 0.000109
8.458365 0.000109
8.467117 0.000109
8.475869 0.000110
8.484621 0.000110
8.493373 0.000110
8.502126 0.000110
8.510878 0.000110
8.519630 0.000110
8.528382 0.000110
8.537134 0.000110
8.545886 0.000111
8.554639 0.000111
8.563391 0.000111
8.572143 0.000111
8.580895 0.000111
8.589647 0.000111
8.598400 0.000111
8.607152 0.000112
8.615904 0.000112
8.624656 0.000112
8.633408 0.000112
8.642161 0.000112
8.650913 0.000112
8.659665 0.000112
8.668417 0.000113
8.677169 0.000113
8.685921 0.000113
8.694674 0.000113
8.703426 0.000113
8.712178 0.000113
8.720930 0.000113
8.729682 0.000114
8.738435 0.000114
8.747187 0.000114
8.755939 0.000114
8.764691 0.000114
8.773443 0.000114
8.782196 0.000115
8.790948 0.000115
8.799700 0.000115
8.808452 0.000115
8.817204 0.000115
8.825956 0.000115
8.834709 0.000116
8.843461 0.000116
8.852213 0.000116
8.860965 0.000116
8.869717 0.000116
8.878470 0.000116
8.887222 0.000117
8.895974 0.000117
8.904726 0.000117
8.913478 0.000117
8.922231 0.000117
8.930983 0.000118
8.939735 0.000118
8.948487 0.000118
8.957239 0.000118
8.965991 0.000118
8.974744 0.000118
8.983496 0.000119
8.992248 0.000119
9.001000 0.000119
9.009752 0.000119
9.018505 0.000119
9.027257 0.000120
9.036009 0.000120
9.044761 0.000120
9.053513 0.000120
9.062266 0.000120
9.071018 0.000121
9.079770 0.000121
9.088522 0.000121
9.097274 0.000121
9.106027 0.000122
9.114779 0.000122
9.123531 0.000122
9.132283 0.000122
9.141035 0.000122
9.149787 0.000123
9.158540 0.000123
9.167292 0.000123
9.176044 0.000123
9.184796 0.000124
9.193548 0.000124
9.202301 0.000124
9.211053 0.000124
9.219805 0.000125
9.228557 0.000125
9.237309 0.000125
9.246062 0.000125
9.254814 0.000125
9.263566 0.000126
9.272318 0.000126
9.281070 0.000126
9.289822 0.000126
9.298575 0.000127
9.307327 0.000127
9.316079 0.000127
9.324831 0.000127
9.333583 0.000128
9.342336 0.000128
9.351088 0.000128
9.359840 0.000129
9.368592 0.000129
9.377344 0.000129
9.386097 0.000129
9.394849 0.000130
9.403601 0.000130
9.412353 0.000130
9.421105 0.000130
9.429857 0.000131
9.438610 0.000131
9.447362 0.000131
9.456114 0.000132
9.464866 0.000132
9.473618 0.000132
9.482371 0.000133
9.491123 0.000133
9.499875 0.000133
9.508627 0.000133
9.517379 0.000134
9.526132 0.000134
9.534884 0.000134
9.543636 0.000135
9.552388 0.000135
9.561140 0.000135
9.569892 0.000136
9.578645 0.000136
9.587397 0.000136
9.596149 0.000137
9.604901 0.000137
9.613653 0.000137
9.622406 0.000138
9.631158 0.000138
9.639910 0.000138
9.648662 0.000139
9.657414 0.000139
9.666167 0.000139
9.674919 0.000140
9.683671 0.000140
9.692423 0.000140
9.701175 0.000141
9.709927 0.000141
9.718680 0.000141
9.727432 0.000142
9.736184 0.000142
9.744936 0.000142
9.753688 0.000143
9.762441 0.000143
9.771193 0.000144
9.779945 0.000144
9.788697 0.000144
9.797449 0.000145
9.806202 0.000145
9.814954 0.000146
9.823706 0.000146
9.832458 0.000146
9.841210 0.000147
9.849962 0.000147
9.858715 0.000148
9.867467 0.000148
9.876219 0.000148
9.884971 0.000149
9.893723 0.000149
9.902476 0.000150
9.911228 0.000150
9.919980 0.000150
9.928732 0.000151
9.937484 0.000151
9.946237 0.000152
9.954989 0.000152
9.963741 0.000153
9.972493 0.000153
9.981245 0.000153
9.989997 0.000154
9.998750 0.000154
10.007502 0.000155
10.016254 0.000155
10.025006 0.000156
10.033758 0.000156
10.042511 0.000157
10.051263 0.000157
10.060015 0.000158
10.068767 0.000158
10.077519 0.000159
10.086272 0.000159
10.095024 0.000160
10.103776 0.000160
10.112528 0.000161
10.121280 0.000161
10.130033 0.000162
10.138785 0.000162
10.147537 0.000163
10.156289 0.000163
10.165041 0.000164
10.173793 0.000164
10.182546 0.000165
10.191298 0.000165
10.200050 0.000166
10.208802 0.000166
10.217554 0.000167
10.226307 0.000167
10.235059 0.000168
10.243811 0.000169
10.252563 0.000169
10.261315 0.000170
10.270068 0.000170
10.278820 0.000171
10.287572 0.000171
10.296324 0.000172
10.305076 0.000173
10.313828 0.000173
10.322581 0.000174
10.331333 0.000174
10.340085 0.000175
10.348837 0.000176
10.357589 0.000176
10.366342 0.000177
10.375094 0.000178
10.383846 0.000178
10.392598 0.000179
10.401350 0.000179
10.410103 0.000180
10.418855 0.000181
10.427607 0.000181
10.436359 0.000182
10.445111 0.000183
10.453863 0.000183
10.462616 0.000184
10.471368 0.000185
10.480120 0.000185
10.488872 0.000186
10.497624 0.000187
10.506377 0.000188
10.515129 0.000188
10.523881 0.000189
10.532633 0.000190
10.541385 0.000190
10.550138 0.000191
10.558890 0.000192
10.567642 0.000193
10.576394 0.000193
10.585146 0.000194
10.593898 0.000195
10.602651 0.000196
10.611403 0.000197
10.620155 0.000197
10.628907 0.000198
10.637659 0.000199
10.646412 0.000200
10.655164 0.000201
10.663916 0.000201
10.672668 0.000202
10.681420 0.000203
10.690173 0.000204
10.698925 0.000205
10.707677 0.000206
10.716429 0.000206
10.725181 0.000207
10.733933 0.000208
10.742686 0.000209
10.751438 0.000210
10.760190 0.000211
10.768942 0.000212
10.777694 0.000213
10.786447 0.000214
10.795199 0.000215
10.803951 0.000215
10.812703 0.000216
10.821455 0.000217
10.830208 0.000218
10.838960 0.000219
10.847712 0.000220
10.856464 0.000221
10.865216 0.000222
10.873968 0.000223
10.882721 0.000224
10.891473 0.000225
10.900225 0.000226
10.908977 0.000227
10.917729 0.000228
10.926482 0.000230
10.935234 0.000231
10.943986 0.000232
10.952738 0.000233
10.961490 0.000234
10.970243 0.000235
10.978995 0.000236
10.987747 0.000237
10.996499 0.000238
11.005251 0.000240
11.014004 0.000241
11.022756 0.000242
11.031508 0.000243
11.040260 0.000244
11.049012 0.000245
11.057764 0.000247
11.066517 0.000248
11.075269 0.000249
11.084021 0.000250
11.092773 0.000252
11.101525 0.000253
11.110278 0.000254
11.119030 0.000255
11.127782 0.000257
11.136534 0.000258
11.145286 0.000259
11.154039 0.000261
11.162791 0.000262
11.171543 0.000264
11.180295 0.000265
11.189047 0.000266
11.197799 0.000268
11.206552 0.000269
11.215304 0.000271
11.224056 0.000272
11.232808 0.000274
11.241560 0.000275
11.250313 0.000277
11.259065 0.000278
11.267817 0.000280
11.276569 0.000281
11.285321 0.000283
11.294074 0.000284
11.302826 0.000286
11.311578 0.000288
11.320330 0.000289
11.329082 0.000291
11.337834 0.000292
11.346587 0.000294
11.355339 0.000296
11.364091 0.000298
11.372843 0.000299
11.381595 0.000301
11.390348 0.000303
11.399100 0.000305
11.407852 0.000306
11.416604 0.000308
11.425356 0.000310
11.434109 0.000312
11.442861 0.000314
11.451613 0.000316
11.460365 0.000318
11.469117 0.000320
11.477869 0.000322
11.486622 0.000324
11.495374 0.000326
11.504126 0.000328
11.512878 0.000330
11.521630 0.000332
11.530383 0.000334
11.539135 0.000336
11.547887 0.000338
11.556639 0.000340
11.565391 0.000343
11.574144 0.000345
11.582896 0.000347
11.591648 0.000349
11.600400 0.000352
11.609152 0.000354
11.617904 0.000356
11.626657 0.000359
11.635409 0.000361
11.644161 0.000364
11.652913 0.000366
11.661665 0.000369
11.670418 0.000371
11.679170 0.000374
11.687922 0.000376
11.696674 0.000379
11.705426 0.000382
11.714179 0.000384
11.722931 0.000387
11.731683 0.000390
11.740435 0.000393
11.749187 0.000395
11.757939 0.000398
11.766692 0.000401
11.775444 0.000404
11.784196 0.000407
11.792948 0.000410
11.801700 0.000413
11.810453 0.000416
11.819205 0.000419
11.827957 0.000423
11.836709 0.000426
11.845461 0.000429
11.854214 0.000432
11.862966 0.000436
11.871718 0.000439
11.880470 0.000443
11.889222 0.000446
11.897974 0.000450
11.906727 0.000453
11.915479 0.000457
11.924231 0.000460
11.932983 0.000464
11.941735 0.000468
11.950488 0.000472
11.959240 0.000476
11.967992 0.000480
11.976744 0.000484
11.985496 0.000488
11.994249 0.000492
12.003001 0.000496
12.011753 0.000500
12.020505 0.000504
12.029257 0.000509
12.038010 0.000513
12.046762 0.000518
12.055514 0.000522
12.064266 0.000527
12.073018 0.000532
12.081770 0.000536
12.090523 0.000541
12.099275 0.000546
12.108027 0.000551
12.116779 0.000556
12.125531 0.000561
12.134284 0.000566
12.143036 0.000572
12.151788 0.000577
12.160540 0.000583
12.169292 0.000588
12.178045 0.000594
12.186797 0.000600
12.195549 0.000605
12.204301 0.000611
12.213053 0.000617
12.221805 0.000624
12.230558 0.000630
12.239310 0.000636
12.248062 0.000643
12.256814 0.000649
12.265566 0.000656
12.274319 0.000663
12.283071 0.000670
12.291823 0.000677
12.300575 0.000684
12.309327 0.000691
12.318080 0.000699
12.326832 0.000706
12.335584 0.000714
12.344336 0.000722
12.353088 0.000730
12.361840 0.000738
12.370593 0.000746
12.379345 0.000755
12.388097 0.000764
12.396849 0.000772
12.405601 0.000781
12.414354 0.000790
12.423106 0.000800
12.431858 0.000809
12.440610 0.000819
12.449362 0.000829
12.458115 0.000839
12.466867 0.000850
12.475619 0.000860
12.484371 0.000871
12.493123 0.000882
12.501875 0.000893
12.510628 0.000905
12.519380 0.000916
12.528132 0.000928
12.536884 0.000941
12.545636 0.000953
12.554389 0.000966
12.563141 0.000979
12.571893 0.000993
12.580645 0.001006
12.589397 0.001021
12.598150 0.001035
12.606902 0.001050
12.615654 0.001065
12.624406 0.001080
12.633158 0.001096
12.641910 0.001113
12.650663 0.001129
12.659415 0.001146
12.668167 0.001164
12.676919 0.001182
12.685671 0.001200
12.694424 0.001219
12.703176 0.001239
12.711928 0.001259
12.720680 0.001280
12.729432 0.001301
12.738185 0.001322
12.746937 0.001345
12.755689 0.001368
12.764441 0.001392
12.773193 0.001416
12.781945 0.001441
12.790698 0.001467
12.799450 0.001494
12.808202 0.001521
12.816954 0.001550
12.825706 0.001579
12.834459 0.001609
12.843211 0.001640
12.851963 0.001672
12.860715 0.001706
12.869467 0.001740
12.878220 0.001775
12.886972 0.001812
12.895724 0.001850
12.904476 0.001890
12.913228 0.001931
12.921980 0.001973
12.930733 0.002017
12.939485 0.002062
12.948237 0.002109
12.956989 0.002158
12.965741 0.002209
12.974494 0.002262
12.983246 0.002317
12.991998 0.002374
13.000750 0.002434
13.009502 0.002495
13.018255 0.002560
13.027007 0.002627
13.035759 0.002697
13.044511 0.002770
13.053263 0.002846
13.062016 0.002925
13.070768 0.003008
13.079520 0.003095
13.088272 0.003185
13.097024 0.003280
13.105776 0.003378
13.114529 0.003482
13.123281 0.003590
13.132033 0.003702
13.140785 0.003820
13.149537 0.003944
13.158290 0.004072
13.167042 0.004207
13.175794 0.004348
13.184546 0.004495
13.193298 0.004648
13.202051 0.004809
13.210803 0.004976
13.219555 0.005150
13.228307 0.005331
13.237059 0.005520
13.245811 0.005715
13.254564 0.005918
13.263316 0.006129
13.272068 0.006347
13.280820 0.006571
13.289572 0.006803
13.298325 0.007041
13.307077 0.007285
13.315829 0.007535
13.324581 0.007791
13.333333 0.008050
13.342086 0.008314
13.350838 0.008581
13.359590 0.008849
13.368342 0.009119
13.377094 0.009388
13.385846 0.009657
13.394599 0.009922
13.403351 0.010184
13.412103 0.010441
13.420855 0.010690
13.429607 0.010932
13.438360 0.011164
13.447112 0.011385
13.455864 0.011594
13.464616 0.011788
13.473368 0.011968
13.482121 0.012131
13.490873 0.012277
13.499625 0.012405
13.508377 0.012513
13.517129 0.012602
13.525881 0.012670
13.534634 0.012717
13.543386 0.012744
13.552138 0.012749
13.560890 0.012735
13.569642 0.012700
13.578395 0.012645
13.587147 0.012572
13.595899 0.012480
13.604651 0.012372
13.613403 0.012248
13.622156 0.012109
13.630908 0.011957
13.639660 0.011793
13.648412 0.011620
13.657164 0.011437
13.665916 0.011247
13.674669 0.011052
13.683421 0.010852
13.692173 0.010650
13.700925 0.010446
13.709677 0.010242
13.718430 0.010039
13.727182 0.009838
13.735934 0.009642
13.744686 0.009449
13.753438 0.009262
13.762191 0.009081
13.770943 0.008907
13.779695 0.008740
13.788447 0.008582
13.797199 0.008432
13.805951 0.008291
13.814704 0.008160
13.823456 0.008038
13.832208 0.007925
13.840960 0.007823
13.849712 0.007731
13.858465 0.007648
13.867217 0.007576
13.875969 0.007514
13.884721 0.007463
13.893473 0.007422
13.902226 0.007390
13.910978 0.007370
13.919730 0.007359
13.928482 0.007359
13.937234 0.007368
13.945986 0.007389
13.954739 0.007419
13.963491 0.007460
13.972243 0.007511
13.980995 0.007573
13.989747 0.007646
13.998500 0.007730
14.007252 0.007825
14.016004 0.007931
14.024756 0.008049
14.033508 0.008178
14.042261 0.008320
14.051013 0.008474
14.059765 0.008641
14.068517 0.008822
14.077269 0.009016
14.086022 0.009224
14.094774 0.009447
14.103526 0.009685
14.112278 0.009939
14.121030 0.010209
14.129782 0.010496
14.138535 0.010800
14.147287 0.011122
14.156039 0.011462
14.164791 0.011822
14.173543 0.012201
14.182296 0.012600
14.191048 0.013019
14.199800 0.013460
14.208552 0.013921
14.217304 0.014404
14.226057 0.014908
14.234809 0.015433
14.243561 0.015980
14.252313 0.016548
14.261065 0.017136
14.269817 0.017743
14.278570 0.018369
14.287322 0.019013
14.296074 0.019673
14.304826 0.020348
14.313578 0.021034
14.322331 0.021731
14.331083 0.022436
14.339835 0.023146
14.348587 0.023858
14.357339 0.024568
14.366092 0.025274
14.374844 0.025971
14.383596 0.026656
14.392348 0.027323
14.401100 0.027971
14.409852 0.028593
14.418605 0.029185
14.427357 0.029745
14.436109 0.030266
14.444861 0.030746
14.453613 0.031181
14.462366 0.031567
14.471118 0.031901
14.479870 0.032180
14.488622 0.032402
14.497374 0.032565
14.506127 0.032668
14.514879 0.032709
14.523631 0.032688
14.532383 0.032605
14.541135 0.032461
14.549887 0.032257
14.558640 0.031994
14.567392 0.031675
14.576144 0.031302
14.584896 0.030879
14.593648 0.030408
14.602401 0.029893
14.611153 0.029338
14.619905 0.028747
14.628657 0.028123
14.637409 0.027472
14.646162 0.026798
14.654914 0.026104
14.663666 0.025395
14.672418 0.024675
14.681170 0.023947
14.689922 0.023216
14.698675 0.022485
14.707427 0.021756
14.716179 0.021033
14.724931 0.020318
14.733683 0.019615
14.742436 0.018924
14.751188 0.018247
14.759940 0.017587
14.768692 0.016944
14.777444 0.016320
14.786197 0.015716
14.794949 0.015131
14.803701 0.014566
14.812453 0.014022
14.821205 0.013499
14.829957 0.012996
14.838710 0.012513
14.847462 0.012051
14.856214 0.011608
14.864966 0.011185
14.873718 0.010780
14.882471 0.010394
14.891223 0.010025
14.899975 0.009673
14.908727 0.009337
14.917479 0.009017
14.926232 0.008712
14.934984 0.008422
14.943736 0.008145
14.952488 0.007881
14.961240 0.007630
14.969992 0.007391
14.978745 0.007164
14.987497 0.006947
14.996249 0.006741
15.005001 0.006545
15.013753 0.006358
15.022506 0.006180
15.031258 0.006011
15.040010 0.005849
15.048762 0.005696
15.057514 0.005550
15.066267 0.005412
15.075019 0.005280
15.083771 0.005154
15.092523 0.005035
15.101275 0.004922
15.110028 0.004814
15.118780 0.004712
15.127532 0.004616
15.136284 0.004524
15.145036 0.004437
15.153788 0.004355
15.162541 0.004278
15.171293 0.004205
15.180045 0.004136
15.188797 0.004071
15.197549 0.004010
15.206302 0.003952
15.215054 0.003899
15.223806 0.003848
15.232558 0.003801
15.241310 0.003757
15.250063 0.003716
15.258815 0.003677
15.267567 0.003641
15.276319 0.003607
15.285071 0.003576
15.293823 0.003547
15.302576 0.003519
15.311328 0.003493
15.320080 0.003468
15.328832 0.003445
15.337584 0.003422
15.346337 0.003401
15.355089 0.003379
15.363841 0.003358
15.372593 0.003338
15.381345 0.003317
15.390098 0.003295
15.398850 0.003274
15.407602 0.003251
15.416354 0.003228
15.425106 0.003204
15.433858 0.003179
15.442611 0.003153
15.451363 0.003125
15.460115 0.003096
15.468867 0.003066
15.477619 0.003034
15.486372 0.003000
15.495124 0.002965
15.503876 0.002929
15.512628 0.002892
15.521380 0.002853
15.530133 0.002813
15.538885 0.002771
15.547637 0.002729
15.556389 0.002686
15.565141 0.002642
15.573893 0.002598
15.582646 0.002553
15.591398 0.002508
15.600150 0.002462
15.608902 0.002417
15.617654 0.002372
15.626407 0.002327
15.635159 0.002282
15.643911 0.002238
15.652663 0.002194
15.661415 0.002151
15.670168 0.002109
15.678920 0.002068
15.687672 0.002028
15.696424 0.001989
15.705176 0.001951
15.713928 0.001914
15.722681 0.001878
15.731433 0.001844
15.740185 0.001811
15.748937 0.001779
15.757689 0.001748
15.766442 0.001718
15.775194 0.001690
15.783946 0.001663
15.792698 0.001637
15.801450 0.001612
15.810203 0.001589
15.818955 0.001566
15.827707 0.001545
15.836459 0.001525
15.845211 0.001506
15.853963 0.001487
15.862716 0.001470
15.871468 0.001454
15.880220 0.001438
15.888972 0.001423
15.897724 0.001409
15.906477 0.001395
15.915229 0.001383
15.923981 0.001370
15.932733 0.001358
15.941485 0.001347
15.950238 0.001336
15.958990 0.001325
15.967742 0.001315
15.976494 0.001305
15.985246 0.001294
15.993998 0.001284
16.002751 0.001275
16.011503 0.001265
16.020255 0.001255
16.029007 0.001244
16.037759 0.001234
16.046512 0.001224
16.055264 0.001213
16.064016 0.001203
16.072768 0.001192
16.081520 0.001181
16.090273 0.001169
16.099025 0.001158
16.107777 0.001146
16.116529 0.001134
16.125281 0.001122
16.134034 0.001110
16.142786 0.001098
16.151538 0.001085
16.160290 0.001073
16.169042 0.001060
16.177794 0.001047
16.186547 0.001035
16.195299 0.001022
16.204051 0.001010
16.212803 0.000997
16.221555 0.000985
16.230308 0.000973
16.239060 0.000961
16.247812 0.000950
16.256564 0.000939
16.265316 0.000928
16.274069 0.000917
16.282821 0.000907
16.291573 0.000897
16.300325 0.000887
16.309077 0.000878
16.317829 0.000870
16.326582 0.000862
16.335334 0.000854
16.344086 0.000847
16.352838 0.000840
16.361590 0.000834
16.370343 0.000828
16.379095 0.000822
16.387847 0.000818
16.396599 0.000813
16.405351 0.000809
16.414104 0.000806
16.422856 0.000803
16.431608 0.000800
16.440360 0.000798
16.449112 0.000796
16.457864 0.000795
16.466617 0.000794
16.475369 0.000794
16.484121 0.000794
16.492873 0.000794
16.501625 0.000794
16.510378 0.000795
16.519130 0.000796
16.527882 0.000797
16.536634 0.000799
16.545386 0.000800
16.554139 0.000802
16.562891 0.000803
16.571643 0.000805
16.580395 0.000806
16.589147 0.000807
16.597899 0.000808
16.606652 0.000809
16.615404 0.000810
16.624156 0.000810
16.632908 0.000810
16.641660 0.000810
16.650413 0.000809
16.659165 0.000807
16.667917 0.000806
16.676669 0.000803
16.685421 0.000800
16.694174 0.000797
16.702926 0.000793
16.711678 0.000788
16.720430 0.000783
16.729182 0.000777
16.737934 0.000771
16.746687 0.000764
16.755439 0.000756
16.764191 0.000749
16.772943 0.000740
16.781695 0.000731
16.790448 0.000722
16.799200 0.000713
16.807952 0.000703
16.816704 0.000693
16.825456 0.000683
16.834209 0.000672
16.842961 0.000662
16.851713 0.000651
16.860465 0.000640
16.869217 0.000630
16.877969 0.000619
16.886722 0.000608
16.895474 0.000598
16.904226 0.000587
16.912978 0.000577
16.921730 0.000567
16.930483 0.000557
16.939235 0.000547
16.947987 0.000538
16.956739 0.000528
16.965491 0.000519
16.974244 0.000510
16.982996 0.000502
16.991748 0.000493
17.000500 0.000485
17.009252 0.000477
17.018005 0.000470
17.026757 0.000462
17.035509 0.000455
17.044261 0.000448
17.053013 0.000442
17.061765 0.000435
17.070518 0.000429
17.079270 0.000423
17.088022 0.000417
17.096774 0.000411
17.105526 0.000406
17.114279 0.000401
17.123031 0.000396
17.131783 0.000391
17.140535 0.000386
17.149287 0.000381
17.158040 0.000377
17.166792 0.000372
17.175544 0.000368
17.184296 0.000364
17.193048 0.000360
17.201800 0.000356
17.210553 0.000352
17.219305 0.000349
17.228057 0.000345
17.236809 0.000341
17.245561 0.000338
17.254314 0.000335
17.263066 0.000332
17.271818 0.000328
17.280570 0.000325
17.289322 0.000322
17.298075 0.000319
17.306827 0.000317
17.315579 0.000314
17.324331 0.000311
17.333083 0.000308
17.341835 0.000306
17.350588 0.000303
17.359340 0.000301
17.368092 0.000298
17.376844 0.000296
17.385596 0.000293
17.394349 0.000291
17.403101 0.000289
17.411853 0.000287
17.420605 0.000284
17.429357 0.000282
17.438110 0.000280
17.446862 0.000278
17.455614 0.000276
17.464366 0.000274
17.473118 0.000272
17.481870 0.000270
17.490623 0.000268
17.499375 0.000266
17.508127 0.000264
17.516879 0.000263
17.525631 0.000261
17.534384 0.000259
17.543136 0.000257
17.551888 0.000255
17.560640 0.000254
17.569392 0.000252
17.578145 0.000250
17.586897 0.000249
17.595649 0.000247
17.604401 0.000246
17.613153 0.000244
17.621905 0.000243
17.630658 0.000241
17.639410 0.000240
17.648162 0.000238
17.656914 0.000237
17.665666 0.000235
17.674419 0.000234
17.683171 0.000232
17.691923 0.000231
17.700675 0.000230
17.709427 0.000228
17.718180 0.000227
17.726932 0.000226
17.735684 0.000224
17.744436 0.000223
17.753188 0.000222
17.761940 0.000221
17.770693 0.000219
17.779445 0.000218
17.788197 0.000217
17.796949 0.000216
17.805701 0.000214
17.814454 0.000213
17.823206 0.000212
17.831958 0.000211
17.840710 0.000210
17.849462 0.000209
17.858215 0.000208
17.866967 0.000207
17.875719 0.000205
17.884471 0.000204
17.893223 0.000203
17.901975 0.000202
17.910728 0.000201
17.919480 0.000200
17.928232 0.000199
17.936984 0.000198
17.945736 0.000197
17.954489 0.000196
17.963241 0.000195
17.971993 0.000194
17.980745 0.000193
17.989497 0.000192
17.998250 0.000191
18.007002 0.000190
18.015754 0.000190
18.024506 0.000189
18.033258 0.000188
18.042011 0.000187
18.050763 0.000186
18.059515 0.000185
18.068267 0.000184
18.077019 0.000183
18.085771 0.000182
18.094524 0.000182
18.103276 0.000181
18.112028 0.000180
18.120780 0.000179
18.129532 0.000178
18.138285 0.000178
18.147037 0.000177
18.155789 0.000176
18.164541 0.000175
18.173293 0.000174
18.182046 0.000174
18.190798 0.000173
18.199550 0.000172
18.208302 0.000171
18.217054 0.000171
18.225806 0.000170
18.234559 0.000169
18.243311 0.000168
18.252063 0.000168
18.260815 0.000167
18.269567 0.000166
18.278320 0.000166
18.287072 0.000165
18.295824 0.000164
18.304576 0.000164
18.313328 0.000163
18.322081 0.000162
18.330833 0.000162
18.339585 0.000161
18.348337 0.000160
18.357089 0.000160
18.365841 0.000159
18.374594 0.000158
18.383346 0.000158
18.392098 0.000157
18.400850 0.000157
18.409602 0.000156
18.418355 0.000155
18.427107 0.000155
18.435859 0.000154
18.444611 0.000154
18.453363 0.000153
18.462116 0.000152
18.470868 0.000152
18.479620 0.000151
18.488372 0.000151
18.497124 0.000150
18.505876 0.000150
18.514629 0.000149
18.523381 0.000149
18.532133 0.000148
18.540885 0.000147
18.549637 0.000147
18.558390 0.000146
18.567142 0.000146
18.575894 0.000145
18.584646 0.000145
18.593398 0.000144
18.602151 0.000144
18.610903 0.000143
18.619655 0.000143
18.628407 0.000142
18.637159 0.000142
18.645911 0.000142
18.654664 0.000141
18.663416 0.000141
18.672168 0.000140
18.680920 0.000140
18.689672 0.000139
18.698425 0.000139
18.707177 0.000138
18.715929 0.000138
18.724681 0.000137
18.733433 0.000137
18.742186 0.000137
18.750938 0.000136
18.759690 0.000136
18.768442 0.000135
18.777194 0.000135
18.785946 0.000135
18.794699 0.000134
18.803451 0.000134
18.812203 0.000133
18.820955 0.000133
18.829707 0.000133
18.838460 0.000132
18.847212 0.000132
18.855964 0.000132
18.864716 0.000131
18.873468 0.000131
18.882221 0.000131
18.890973 0.000130
18.899725 0.000130
18.908477 0.000130
18.917229 0.000129
18.925981 0.000129
18.934734 0.000129
18.943486 0.000128
18.952238 0.000128
18.960990 0.000128
18.969742 0.000127
18.978495 0.000127
18.987247 0.000127
18.995999 0.000126
19.004751 0.000126
19.013503 0.000126
19.022256 0.000126
19.031008 0.000125
19.039760 0.000125
19.048512 0.000125
19.057264 0.000125
19.066017 0.000124
19.074769 0.000124
19.083521 0.000124
19.092273 0.000124
19.101025 0.000123
19.109777 0.000123
19.118530 0.000123
19.127282 0.000123
19.136034 0.000123
19.144786 0.000122
19.153538 0.000122
19.162291 0.000122
19.171043 0.000122
19.179795 0.000122
19.188547 0.000121
19.197299 0.000121
19.206052 0.000121
19.214804 0.000121
19.223556 0.000121
19.232308 0.000121
19.241060 0.000121
19.249812 0.000120
19.258565 0.000120
19.267317 0.000120
19.276069 0.000120
19.284821 0.000120
19.293573 0.000120
19.302326 0.000120
19.311078 0.000120
19.319830 0.000120
19.328582 0.000120
19.337334 0.000120
19.346087 0.000120
19.354839 0.000120
19.363591 0.000120
19.372343 0.000120
19.381095 0.000120
19.389847 0.000120
19.398600 0.000120
19.407352 0.000120
19.416104 0.000120
19.424856 0.000120
19.433608 0.000120
19.442361 0.000120
19.451113 0.000120
19.459865 0.000120
19.468617 0.000120
19.477369 0.000120
19.486122 0.000120
19.494874 0.000120
19.503626 0.000120
19.512378 0.000121
19.521130 0.000121
19.529882 0.000121
19.538635 0.000121
19.547387 0.000121
19.556139 0.000122
19.564891 0.000122
19.573643 0.000122
19.582396 0.000122
19.591148 0.000123
19.599900 0.000123
19.608652 0.000123
19.617404 0.000124
19.626157 0.000124
19.634909 0.000125
19.643661 0.000125
19.652413 0.000125
19.661165 0.000126
19.669917 0.000126
19.678670 0.000127
19.687422 0.000127
19.696174 0.000128
19.704926 0.000129
19.713678 0.000129
19.722431 0.000130
19.731183 0.000131
19.739935 0.000131
19.748687 0.000132
19.757439 0.000133
19.766192 0.000134
19.774944 0.000134
19.783696 0.000135
19.792448 0.000136
19.801200 0.000137
19.809952 0.000138
19.818705 0.000139
19.827457 0.000140
19.836209 0.000142
19.844961 0.000143
19.853713 0.000144
19.862466 0.000145
19.871218 0.000147
19.879970 0.000148
19.888722 0.000150
19.897474 0.000151
19.906227 0.000153
19.914979 0.000155
19.923731 0.000156
19.932483 0.000158
19.941235 0.000160
19.949987 0.000162
19.958740 0.000164
19.967492 0.000166
19.976244 0.000168
19.984996 0.000171
19.993748 0.000173
20.002501 0.000176
20.011253 0.000179
20.020005 0.000181
20.028757 0.000184
20.037509 0.000187
20.046262 0.000191
20.055014 0.000194
20.063766 0.000198
20.072518 0.000201
20.081270 0.000205
20.090023 0.000209
20.098775 0.000214
20.107527 0.000218
20.116279 0.000223
20.125031 0.000228
20.133783 0.000233
20.142536 0.000239
20.151288 0.000244
20.160040 0.000250
20.168792 0.000257
20.177544 0.000263
20.186297 0.000270
20.195049 0.000277
20.203801 0.000285
20.212553 0.000293
20.221305 0.000301
20.230058 0.000309
20.238810 0.000318
20.247562 0.000328
20.256314 0.000337
20.265066 0.000347
20.273818 0.000357
20.282571 0.000368
20.291323 0.000379
20.300075 0.000390
20.308827 0.000401
20.317579 0.000413
20.326332 0.000425
20.335084 0.000437
20.343836 0.000449
20.352588 0.000462
20.361340 0.000474
20.370093 0.000486
20.378845 0.000499
20.387597 0.000511
20.396349 0.000523
20.405101 0.000535
20.413853 0.000546
20.422606 0.000558
20.431358 0.000568
20.440110 0.000579
20.448862 0.000588
20.457614 0.000597
20.466367 0.000606
20.475119 0.000613
20.483871 0.000620
20.492623 0.000626
20.501375 0.000631
20.510128 0.000636
20.518880 0.000639
20.527632 0.000641
20.536384 0.000642
20.545136 0.000642
20.553888 0.000641
20.562641 0.000639
20.571393 0.000636
20.580145 0.000632
20.588897 0.000627
20.597649 0.000621
20.606402 0.000614
20.615154 0.000606
20.623906 0.000597
20.632658 0.000588
20.641410 0.000578
20.650163 0.000568
20.658915 0.000556
20.667667 0.000545
20.676419 0.000533
20.685171 0.000520
20.693923 0.000508
20.702676 0.000495
20.711428 0.000482
20.720180 0.000469
20.728932 0.000456
20.737684 0.000443
20.746437 0.000430
20.755189 0.000418
20.763941 0.000405
20.772693 0.000393
20.781445 0.000381
20.790198 0.000369
20.798950 0.000357
20.807702 0.000346
20.816454 0.000335
20.825206 0.000325
20.833958 0.000315
20.842711 0.000305
20.851463 0.000295
20.860215 0.000286
20.868967 0.000277
20.877719 0.000269
20.886472 0.000261
20.895224 0.000253
20.903976 0.000246
20.912728 0.000239
20.921480 0.000232
20.930233 0.000226
20.938985 0.000219
20.947737 0.000213
20.956489 0.000208
20.965241 0.000202
20.973993 0.000197
20.982746 0.000192
20.991498 0.000188
21.000250 0.000183
21.009002 0.000179
21.017754 0.000175
21.026507 0.000171
21.035259 0.000167
21.044011 0.000163
21.052763 0.000160
21.061515 0.000157
21.070268 0.000153
21.079020 0.000150
21.087772 0.000147
21.096524 0.000145
21.105276 0.000142
21.114029 0.000139
21.122781 0.000137
21.131533 0.000135
21.140285 0.000132
21.149037 0.000130
21.157789 0.000128
21.166542 0.000126
21.175294 0.000124
21.184046 0.000122
21.192798 0.000120
21.201550 0.000118
21.210303 0.000117
21.219055 0.000115
21.227807 0.000114
21.236559 0.000112
21.245311 0.000110
21.254064 0.000109
21.262816 0.000108
21.271568 0.000106
21.280320 0.000105
21.289072 0.000104
21.297824 0.000103
21.306577 0.000101
21.315329 0.000100
21.324081 0.000099
21.332833 0.000098
21.341585 0.000097
21.350338 0.000096
21.359090 0.000095
21.367842 0.000094
21.376594 0.000093
21.385346 0.000092
21.394099 0.000091
21.402851 0.000090
21.411603 0.000089
21.420355 0.000089
21.429107 0.000088
21.437859 0.000087
21.446612 0.000086
21.455364 0.000085
21.464116 0.000085
21.472868 0.000084
21.481620 0.000083
21.490373 0.000083
21.499125 0.000082
21.507877 0.000081
21.516629 0.000081
21.525381 0.000080
21.534134 0.000080
21.542886 0.000079
21.551638 0.000078
21.560390 0.000078
21.569142 0.000077
21.577894 0.000077
21.586647 0.000076
21.595399 0.000076
21.604151 0.000075
21.612903 0.000075
21.621655 0.000074
21.630408 0.000074
21.639160 0.000073
21.647912 0.000073
21.656664 0.000072
21.665416 0.000072
21.674169 0.000071
21.682921 0.000071
21.691673 0.000070
21.700425 0.000070
21.709177 0.000070
21.717929 0.000069
21.726682 0.000069
21.735434 0.000068
21.744186 0.000068
21.752938 0.000068
21.761690 0.000067
21.770443 0.000067
21.779195 0.000067
21.787947 0.000066
21.796699 0.000066
21.805451 0.000066
21.814204 0.000065
21.822956 0.000065
21.831708 0.000065
21.840460 0.000064
21.849212 0.000064
21.857964 0.000064
21.866717 0.000063
21.875469 0.000063
21.884221 0.000063
21.892973 0.000062
21.901725 0.000062
21.910478 0.000062
21.919230 0.000062
21.927982 0.000061
21.936734 0.000061
21.945486 0.000061
21.954239 0.000061
21.962991 0.000060
21.971743 0.000060
21.980495 0.000060
21.989247 0.000059
21.997999 0.000059
22.006752 0.000059
22.015504 0.000059
22.024256 0.000058
22.033008 0.000058
22.041760 0.000058
22.050513 0.000058
22.059265 0.000058
22.068017 0.000057
22.076769 0.000057
22.085521 0.000057
22.094274 0.000057
22.103026 0.000056
22.111778 0.000056
22.120530 0.000056
22.129282 0.000056
22.138035 0.000056
22.146787 0.000055
22.155539 0.000055
22.164291 0.000055
22.173043 0.000055
22.181795 0.000055
22.190548 0.000054
22.199300 0.000054
22.208052 0.000054
22.216804 0.000054
22.225556 0.000054
22.234309 0.000053
22.243061 0.000053
22.251813 0.000053
22.260565 0.000053
22.269317 0.000053
22.278070 0.000053
22.286822 0.000052
22.295574 0.000052
22.304326 0.000052
22.313078 0.000052
22.321830 0.000052
22.330583 0.000052
22.339335 0.000051
22.348087 0.000051
22.356839 0.000051
22.365591 0.000051
22.374344 0.000051
22.383096 0.000051
22.391848 0.000050
22.400600 0.000050
22.409352 0.000050
22.418105 0.000050
22.426857 0.000050
22.435609 0.000050
22.444361 0.000050
22.453113 0.000049
22.461865 0.000049
22.470618 0.000049
22.479370 0.000049
22.488122 0.000049
22.496874 0.000049
22.505626 0.000048
22.514379 0.000048
22.523131 0.000048
22.531883 0.000048
22.540635 0.000048
22.549387 0.000048
22.558140 0.000048
22.566892 0.000048
22.575644 0.000047
22.584396 0.000047
22.593148 0.000047
22.601900 0.000047
22.610653 0.000047
22.619405 0.000047
22.628157 0.000047
22.636909 0.000047
22.645661 0.000046
22.654414 0.000046
22.663166 0.000046
22.671918 0.000046
22.680670 0.000046
22.689422 0.000046
22.698175 0.000046
22.706927 0.000046
22.715679 0.000045
22.724431 0.000045
22.733183 0.000045
22.741935 0.000045
22.750688 0.000045
22.759440 0.000045
22.768192 0.000045
22.776944 0.000045
22.785696 0.000044
22.794449 0.000044
22.803201 0.000044
22.811953 0.000044
22.820705 0.000044
22.829457 0.000044
22.838210 0.000044
22.846962 0.000044
22.855714 0.000044
22.864466 0.000044
22.873218 0.000043
22.881970 0.000043
22.890723 0.000043
22.899475 0.000043
22.908227 0.000043
22.916979 0.000043
22.925731 0.000043
22.934484 0.000043
22.943236 0.000043
22.951988 0.000042
22.960740 0.000042
22.969492 0.000042
22.978245 0.000042
22.986997 0.000042
22.995749 0.000042
23.004501 0.000042
23.013253 0.000042
23.022006 0.000042
23.030758 0.000042
23.039510 0.000041
23.048262 0.000041
23.057014 0.000041
23.065766 0.000041
23.074519 0.000041
23.083271 0.000041
23.092023 0.000041
23.100775 0.000041
23.109527 0.000041
23.118280 0.000041
23.127032 0.000041
23.135784 0.000040
23.144536 0.000040
23.153288 0.000040
23.162041 0.000040
23.170793 0.000040
23.179545 0.000040
23.188297 0.000040
23.197049 0.000040
23.205801 0.000040
23.214554 0.000040
23.223306 0.000040
23.232058 0.000040
23.240810 0.000039
23.249562 0.000039
23.258315 0.000039
23.267067 0.000039
23.275819 0.000039
23.284571 0.000039
23.293323 0.000039
23.302076 0.000039
23.310828 0.000039
23.319580 0.000039
23.328332 0.000039
23.337084 0.000039
23.345836 0.000038
23.354589 0.000038
23.363341 0.000038
23.372093 0.000038
23.380845 0.000038
23.389597 0.000038
23.398350 0.000038
23.407102 0.000038
23.415854 0.000038
23.424606 0.000038
23.433358 0.000038
23.442111 0.000038
23.450863 0.000038
23.459615 0.000037
23.468367 0.000037
23.477119 0.000037
23.485871 0.000037
23.494624 0.000037
23.503376 0.000037
23.512128 0.000037
23.520880 0.000037
23.529632 0.000037
23.538385 0.000037
23.547137 0.000037
23.555889 0.000037
23.564641 0.000037
23.573393 0.000036
23.582146 0.000036
23.590898 0.000036
23.599650 0.000036
23.608402 0.000036
23.617154 0.000036
23.625906 0.000036
23.634659 0.000036
23.643411 0.000036
23.652163 0.000036
23.660915 0.000036
23.669667 0.000036
23.678420 0.000036
23.687172 0.000036
23.695924 0.000036
23.704676 0.000035
23.713428 0.000035
23.722181 0.000035
23.730933 0.000035
23.739685 0.000035
23.748437 0.000035
23.757189 0.000035
23.765941 0.000035
23.774694 0.000035
23.783446 0.000035
23.792198 0.000035
23.800950 0.000035
23.809702 0.000035
23.818455 0.000035
23.827207 0.000035
23.835959 0.000034
23.844711 0.000034
23.853463 0.000034
23.862216 0.000034
23.870968 0.000034
23.879720 0.000034
23.888472 0.000034
23.897224 0.000034
23.905976 0.000034
23.914729 0.000034
23.923481 0.000034
23.932233 0.000034
23.940985 0.000034
23.949737 0.000034
23.958490 0.000034
23.967242 0.000034
23.975994 0.000034
23.984746 0.000033
23.993498 0.000033
24.002251 0.000033
24.011003 0.000033
24.019755 0.000033
24.028507 0.000033
24.037259 0.000033
24.046012 0.000033
24.054764 0.000033
24.063516 0.000033
24.072268 0.000033
24.081020 0.000033
24.089772 0.000033
24.098525 0.000033
24.107277 0.000033
24.116029 0.000033
24.124781 0.000033
24.133533 0.000032
24.142286 0.000032
24.151038 0.000032
24.159790 0.000032
24.168542 0.000032
24.177294 0.000032
24.186047 0.000032
24.194799 0.000032
24.203551 0.000032
24.212303 0.000032
24.221055 0.000032
24.229807 0.000032
24.238560 0.000032
24.247312 0.000032
24.256064 0.000032
24.264816 0.000032
24.273568 0.000032
24.282321 0.000032
24.291073 0.000031
24.299825 0.000031
24.308577 0.000031
24.317329 0.000031
24.326082 0.000031
24.334834 0.000031
24.343586 0.000031
24.352338 0.000031
24.361090 0.000031
24.369842 0.000031
24.378595 0.000031
24.387347 0.000031
24.396099 0.000031
24.404851 0.000031
24.413603 0.000031
24.422356 0.000031
24.431108 0.000031
24.439860 0.000031
24.448612 0.000031
24.457364 0.000031
24.466117 0.000030
24.474869 0.000030
24.483621 0.000030
24.492373 0.000030
24.501125 0.000030
24.509877 0.000030
24.518630 0.000030
24.527382 0.000030
24.536134 0.000030
24.544886 0.000030
24.553638 0.000030
24.562391 0.000030
24.571143 0.000030
24.579895 0.000030
24.588647 0.000030
24.597399 0.000030
24.606152 0.000030
24.614904 0.000030
24.623656 0.000030
24.632408 0.000030
24.641160 0.000030
24.649912 0.000029
24.658665 0.000029
24.667417 0.000029
24.676169 0.000029
24.684921 0.000029
24.693673 0.000029
24.702426 0.000029
24.711178 0.000029
24.719930 0.000029
24.728682 0.000029
24.737434 0.000029
24.746187 0.000029
24.754939 0.000029
24.763691 0.000029
24.772443 0.000028
24.781195 0.000028
24.789947 0.000028
24.798700 0.000028
24.807452 0.000028
24.816204 0.000028
24.824956 0.000027
24.833708 0.000027
24.842461 0.000027
24.851213 0.000026
24.859965 0.000026
24.868717 0.000026
24.877469 0.000025
24.886222 0.000024
24.894974 0.000024
24.903726 0.000023
24.912478 0.000023
24.921230 0.000022
24.929982 0.000021
24.938735 0.000020
24.947487 0.000019
24.956239 0.000018
24.964991 0.000017
24.973743 0.000017
24.982496 0.000016
24.991248 0.000015

Sticks
-4.022256 0.010437
-3.995999 0.014628
-3.864716 0.042469
-2.324331 0.001697
-2.131783 0.010994
-1.895474 0.008040
-1.422856 0.000505
-1.247812 0.000095
-0.538885 0.002195
-0.013753 0.000010
2.725681 0.000001
2.804451 0.000039
2.909477 0.000006
3.180795 0.000362
3.233308 0.000198
3.399600 0.000844
13.534634 0.008291
14.514879 0.023913
15.468867 0.000894
16.064016 0.000207
16.702926 0.000251
20.011253 0.000003
20.457614 0.000075
20.562641 0.000361
