-10.000000 0.000055
-9.991248 0.000059
-9.982496 0.000062
-9.973743 0.000066
-9.964991 0.000069
-9.956239 0.000073
-9.947487 0.000076
-9.938735 0.000079
-9.929982 0.000082
-9.921230 0.000085
-9.912478 0.000088
-9.903726 0.000091
-9.894974 0.000093
-9.886222 0.000095
-9.877469 0.000097
-9.868717 0.000099
-9.859965 0.000100
-9.851213 0.000102
-9.842461 0.000103
-9.833708 0.000104
-9.824956 0.000105
-9.816204 0.000106
-9.807452 0.000107
-9.798700 0.000108
-9.789947 0.000109
-9.781195 0.000109
-9.772443 0.000110
-9.763691 0.000110
-9.754939 0.000111
-9.746187 0.000111
-9.737434 0.000112
-9.728682 0.000112
-9.719930 0.000113
-9.711178 0.000113
-9.702426 0.000113
-9.693673 0.000114
-9.684921 0.000114
-9.676169 0.000114
-9.667417 0.000115
-9.658665 0.000115
-9.649912 0.000115
-9.641160 0.000116
-9.632408 0.000116
-9.623656 0.000116
-9.614904 0.000117
-9.606152 0.000117
-9.597399 0.000117
-9.588647 0.000118
-9.579895 0.000118
-9.571143 0.000118
-9.562391 0.000119
-9.553638 0.000119
-9.544886 0.000119
-9.536134 0.000120
-9.527382 0.000120
-9.518630 0.000120
-9.509877 0.000121
-9.501125 0.000121
-9.492373 0.000121
-9.483621 0.000122
-9.474869 0.000122
-9.466117 0.000122
-9.457364 0.000123
-9.448612 0.000123
-9.439860 0.000123
-9.431108 0.000124
-9.422356 0.000124
-9.413603 0.000124
-9.404851 0.000125
-9.396099 0.000125
-9.387347 0.000126
-9.378595 0.000126
-9.369842 0.000126
-9.361090 0.000127
-9.352338 0.000127
-9.343586 0.000127
-9.334834 0.000128
-9.326082 0.000128
-9.317329 0.000129
-9.308577 0.000129
-9.299825 0.000129
-9.291073 0.000130
-9.282321 0.000130
-9.273568 0.000131
-9.264816 0.000131
-9.256064 0.000131
-9.247312 0.000132
-9.238560 0.000132
-9.229807 0.000133
-9.221055 0.000133
-9.212303 0.000133
-9.203551 0.000134
-9.194799 0.000134
-9.186047 0.000135
-9.177294 0.000135
-9.168542 0.000135
-9.159790 0.000136
-9.151038 0.000136
-9.142286 0.000137
-9.133533 0.000137
-9.124781 0.000137
-9.116029 0.000138
-9.107277 0.000138
-9.098525 0.000139
-9.089772 0.000139
-9.081020 0.000140
-9.072268 0.000140
-9.063516 0.000140
-9.054764 0.000141
-9.046012 0.000141
-9.037259 0.000142
-9.028507 0.000142
-9.019755 0.000143
-9.011003 0.000143
-9.002251 0.000144
-8.993498 0.000144
-8.984746 0.000144
-8.975994 0.000145
-8.967242 0.000145
-8.958490 0.000146
-8.949737 0.000146
-8.940985 0.000147
-8.932233 0.000147
-8.923481 0.000148
-8.914729 0.000148
-8.905976 0.000149
-8.897224 0.000149
-8.888472 0.000150
-8.879720 0.000150
-8.870968 0.000151
-8.862216 0.000151
-8.853463 0.000152
-8.844711 0.000152
-8.835959 0.000153
-8.827207 0.000153
-8.818455 0.000154
-8.809702 0.000154
-8.800950 0.000155
-8.792198 0.000155
-8.783446 0.000156
-8.774694 0.000156
-8.765941 0.000157
-8.757189 0.000157
-8.748437 0.000158
-8.739685 0.000158
-8.730933 0.000159
-8.722181 0.000159
-8.713428 0.000160
-8.704676 0.000160
-8.695924 0.000161
-8.687172 0.000161
-8.678420 0.000162
-8.669667 0.000163
-8.660915 0.000163
-8.652163 0.000164
-8.643411 0.000164
-8.634659 0.000165
-8.625906 0.000165
-8.617154 0.000166
-8.608402 0.000167
-8.599650 0.000167
-8.590898 0.000168
-8.582146 0.000168
-8.573393 0.000169
-8.564641 0.000169
-8.555889 0.000170
-8.547137 0.000171
-8.538385 0.000171
-8.529632 0.000172
-8.520880 0.000172
-8.512128 0.000173
-8.503376 0.000174
-8.494624 0.000174
-8.485871 0.000175
-8.477119 0.000175
-8.468367 0.000176
-8.459615 0.000177
-8.450863 0.000177
-8.442111 0.000178
-8.433358 0.000179
-8.424606 0.000179
-8.415854 0.000180
-8.407102 0.000181
-8.398350 0.000181
-8.389597 0.000182
-8.380845 0.000182
-8.372093 0.000183
-8.363341 0.000184
-8.354589 0.000184
-8.345836 0.000185
-8.337084 0.000186
-8.328332 0.000186
-8.319580 0.000187
-8.310828 0.000188
-8.302076 0.000189
-8.293323 0.000189
-8.284571 0.000190
-8.275819 0.000191
-8.267067 0.000191
-8.258315 0.000192
-8.249562 0.000193
-8.240810 0.000194
-8.232058 0.000194
-8.223306 0.000195
-8.214554 0.000196
-8.205801 0.000196
-8.197049 0.000197
-8.188297 0.000198
-8.179545 0.000199
-8.170793 0.000199
-8.162041 0.000200
-8.153288 0.000201
-8.144536 0.000202
-8.135784 0.000203
-8.127032 0.000203
-8.118280 0.000204
-8.109527 0.000205
-8.100775 0.000206
-8.092023 0.000206
-8.083271 0.000207
-8.074519 0.000208
-8.065766 0.000209
-8.057014 0.000210
-8.048262 0.000211
-8.039510 0.000211
-8.030758 0.000212
-8.022006 0.000213
-8.013253 0.000214
-8.004501 0.000215
-7.995749 0.000216
-7.986997 0.000216
-7.978245 0.000217
-7.969492 0.000218
-7.960740 0.000219
-7.951988 0.000220
-7.943236 0.000221
-7.934484 0.000222
-7.925731 0.000223
-7.916979 0.000223
-7.908227 0.000224
-7.899475 0.000225
-7.890723 0.000226
-7.881970 0.000227
-7.873218 0.000228
-7.864466 0.000229
-7.855714 0.000230
-7.846962 0.000231
-7.838210 0.000232
-7.829457 0.000233
-7.820705 0.000234
-7.811953 0.000235
-7.803201 0.000236
-7.794449 0.000237
-7.785696 0.000238
-7.776944 0.000239
-7.768192 0.000240
-7.759440 0.000241
-7.750688 0.000242
-7.741935 0.000243
-7.733183 0.000244
-7.724431 0.000245
-7.715679 0.000246
-7.706927 0.000247
-7.698175 0.000248
-7.689422 0.000249
-7.680670 0.000250
-7.671918 0.000251
-7.663166 0.000252
-7.654414 0.000253
-7.645661 0.000255
-7.636909 0.000256
-7.628157 0.000257
-7.619405 0.000258
-7.610653 0.000259
-7.601900 0.000260
-7.593148 0.000261
-7.584396 0.000262
-7.575644 0.000264
-7.566892 0.000265
-7.558140 0.000266
-7.549387 0.000267
-7.540635 0.000268
-7.531883 0.000270
-7.523131 0.000271
-7.514379 0.000272
-7.505626 0.000273
-7.496874 0.000275
-7.488122 0.000276
-7.479370 0.000277
-7.470618 0.000278
-7.461865 0.000280
-7.453113 0.000281
-7.444361 0.000282
-7.435609 0.000283
-7.426857 0.000285
-7.418105 0.000286
-7.409352 0.000287
-7.400600 0.000289
-7.391848 0.000290
-7.383096 0.000292
-7.374344 0.000293
-7.365591 0.000294
-7.356839 0.000296
-7.348087 0.000297
-7.339335 0.000298
-7.330583 0.000300
-7.321830 0.000301
-7.313078 0.000303
-7.304326 0.000304
-7.295574 0.000306
-7.286822 0.000307
-7.278070 0.000309
-7.269317 0.000310
-7.260565 0.000312
-7.251813 0.000313
-7.243061 0.000315
-7.234309 0.000316
-7.225556 0.000318
-7.216804 0.000319
-7.208052 0.000321
-7.199300 0.000323
-7.190548 0.000324
-7.181795 0.000326
-7.173043 0.000328
-7.164291 0.000329
-7.155539 0.000331
-7.146787 0.000332
-7.138035 0.000334
-7.129282 0.000336
-7.120530 0.000338
-7.111778 0.000339
-7.103026 0.000341
-7.094274 0.000343
-7.085521 0.000345
-7.076769 0.000346
-7.068017 0.000348
-7.059265 0.000350
-7.050513 0.000352
-7.041760 0.000354
-7.033008 0.000356
-7.024256 0.000357
-7.015504 0.000359
-7.006752 0.000361
-6.997999 0.000363
-6.989247 0.000365
-6.980495 0.000367
-6.971743 0.000369
-6.962991 0.000371
-6.954239 0.000373
-6.945486 0.000375
-6.936734 0.000377
-6.927982 0.000379
-6.919230 0.000381
-6.910478 0.000383
-6.901725 0.000385
-6.892973 0.000387
-6.884221 0.000390
-6.875469 0.000392
-6.866717 0.000394
-6.857964 0.000396
-6.849212 0.000398
-6.840460 0.000401
-6.831708 0.000403
-6.822956 0.000405
-6.814204 0.000407
-6.805451 0.000410
-6.796699 0.000412
-6.787947 0.000414
-6.779195 0.000417
-6.770443 0.000419
-6.761690 0.000422
-6.752938 0.000424
-6.744186 0.000427
-6.735434 0.000429
-6.726682 0.000432
-6.717929 0.000434
-6.709177 0.000437
-6.700425 0.000439
-6.691673 0.000442
-6.682921 0.000445
-6.674169 0.000447
-6.665416 0.000450
-6.656664 0.000453
-6.647912 0.000455
-6.639160 0.000458
-6.630408 0.000461
-6.621655 0.000464
-6.612903 0.000466
-6.604151 0.000469
-6.595399 0.000472
-6.586647 0.000475
-6.577894 0.000478
-6.569142 0.000481
-6.560390 0.000484
-6.551638 0.000487
-6.542886 0.000490
-6.534134 0.000493
-6.525381 0.000496
-6.516629 0.000500
-6.507877 0.000503
-6.499125 0.000506
-6.490373 0.000509
-6.481620 0.000512
-6.472868 0.000516
-6.464116 0.000519
-6.455364 0.000523
-6.446612 0.000526
-6.437859 0.000529
-6.429107 0.000533
-6.420355 0.000536
-6.411603 0.000540
-6.402851 0.000544
-6.394099 0.000547
-6.385346 0.000551
-6.376594 0.000555
-6.367842 0.000558
-6.359090 0.000562
-6.350338 0.000566
-6.341585 0.000570
-6.332833 0.000574
-6.324081 0.000578
-6.315329 0.000582
-6.306577 0.000586
-6.297824 0.000590
-6.289072 0.000594
-6.280320 0.000598
-6.271568 0.000602
-6.262816 0.000607
-6.254064 0.000611
-6.245311 0.000615
-6.236559 0.000620
-6.227807 0.000624
-6.219055 0.000629
-6.210303 0.000633
-6.201550 0.000638
-6.192798 0.000642
-6.184046 0.000647
-6.175294 0.000652
-6.166542 0.000657
-6.157789 0.000662
-6.149037 0.000667
-6.140285 0.000672
-6.131533 0.000677
-6.122781 0.000682
-6.114029 0.000687
-6.105276 0.000692
-6.096524 0.000697
-6.087772 0.000703
-6.079020 0.000708
-6.070268 0.000714
-6.061515 0.000719
-6.052763 0.000725
-6.044011 0.000731
-6.035259 0.000736
-6.026507 0.000742
-6.017754 0.000748
-6.009002 0.000754
-6.000250 0.000760
-5.991498 0.000766
-5.982746 0.000772
-5.973993 0.000779
-5.965241 0.000785
-5.956489 0.000792
-5.947737 0.000798
-5.938985 0.000805
-5.930233 0.000811
-5.921480 0.000818
-5.912728 0.000825
-5.903976 0.000832
-5.895224 0.000839
-5.886472 0.000846
-5.877719 0.000853
-5.868967 0.000861
-5.860215 0.000868
-5.851463 0.000876
-5.842711 0.000883
-5.833958 0.000891
-5.825206 0.000899
-5.816454 0.000907
-5.807702 0.000915
-5.798950 0.000923
-5.790198 0.000931
-5.781445 0.000940
-5.772693 0.000948
-5.763941 0.000957
-5.755189 0.000966
-5.746437 0.000975
-5.737684 0.000984
-5.728932 0.000993
-5.720180 0.001002
-5.711428 0.001012
-5.702676 0.001021
-5.693923 0.001031
-5.685171 0.001041
-5.676419 0.001051
-5.667667 0.001061
-5.658915 0.001071
-5.650163 0.001082
-5.641410 0.001092
-5.632658 0.001103
-5.623906 0.001114
-5.615154 0.001125
-5.606402 0.001136
-5.597649 0.001148
-5.588897 0.001159
-5.580145 0.001171
-5.571393 0.001183
-5.562641 0.001195
-5.553888 0.001208
-5.545136 0.001220
-5.536384 0.001233
-5.527632 0.001246
-5.518880 0.001260
-5.510128 0.001273
-5.501375 0.001287
-5.492623 0.001301
-5.483871 0.001315
-5.475119 0.001329
-5.466367 0.001344
-5.457614 0.001359
-5.448862 0.001374
-5.440110 0.001389
-5.431358 0.001405
-5.422606 0.001421
-5.413853 0.001437
-5.405101 0.001453
-5.396349 0.001470
-5.387597 0.001487
-5.378845 0.001505
-5.370093 0.001522
-5.361340 0.001540
-5.352588 0.001559
-5.343836 0.001577
-5.335084 0.001597
-5.326332 0.001616
-5.317579 0.001636
-5.308827 0.001656
-5.300075 0.001676
-5.291323 0.001697
-5.282571 0.001719
-5.273818 0.001741
-5.265066 0.001763
-5.256314 0.001785
-5.247562 0.001809
-5.238810 0.001832
-5.230058 0.001856
-5.221305 0.001881
-5.212553 0.001906
-5.203801 0.001931
-5.195049 0.001957
-5.186297 0.001984
-5.177544 0.002011
-5.168792 0.002039
-5.160040 0.002067
-5.151288 0.002096
-5.142536 0.002126
-5.133783 0.002156
-5.125031 0.002187
-5.116279 0.002219
-5.107527 0.002251
-5.098775 0.002284
-5.090023 0.002318
-5.081270 0.002353
-5.072518 0.002388
-5.063766 0.002424
-5.055014 0.002461
-5.046262 0.002499
-5.037509 0.002538
-5.028757 0.002578
-5.020005 0.002619
-5.011253 0.002660
-5.002501 0.002703
-4.993748 0.002747
-4.984996 0.002792
-4.976244 0.002838
-4.967492 0.002885
-4.958740 0.002934
-4.949987 0.002984
-4.941235 0.003035
-4.932483 0.003087
-4.923731 0.003141
-4.914979 0.003196
-4.906227 0.003253
-4.897474 0.003311
-4.888722 0.003371
-4.879970 0.003433
-4.871218 0.003496
-4.862466 0.003561
-4.853713 0.003628
-4.844961 0.003697
-4.836209 0.003768
-4.827457 0.003841
-4.818705 0.003916
-4.809952 0.003994
-4.801200 0.004074
-4.792448 0.004156
-4.783696 0.004241
-4.774944 0.004329
-4.766192 0.004419
-4.757439 0.004512
-4.748687 0.004608
-4.739935 0.004708
-4.731183 0.004810
-4.722431 0.004916
-4.713678 0.005026
-4.704926 0.005139
-4.696174 0.005257
-4.687422 0.005378
-4.678670 0.005504
-4.669917 0.005634
-4.661165 0.005769
-4.652413 0.005908
-4.643661 0.006053
-4.634909 0.006204
-4.626157 0.006359
-4.617404 0.006521
-4.608652 0.006689
-4.599900 0.006864
-4.591148 0.007045
-4.582396 0.007234
-4.573643 0.007430
-4.564891 0.007634
-4.556139 0.007847
-4.547387 0.008068
-4.538635 0.008299
-4.529882 0.008540
-4.521130 0.008790
-4.512378 0.009052
-4.503626 0.009325
-4.494874 0.009610
-4.486122 0.009908
-4.477369 0.010219
-4.468617 0.010545
-4.459865 0.010885
-4.451113 0.011241
-4.442361 0.011614
-4.433608 0.012004
-4.424856 0.012412
-4.416104 0.012840
-4.407352 0.013288
-4.398600 0.013757
-4.389847 0.014248
-4.381095 0.014764
-4.372343 0.015303
-4.363591 0.015869
-4.354839 0.016461
-4.346087 0.017082
-4.337334 0.017731
-4.328582 0.018411
-4.319830 0.019123
-4.311078 0.019866
-4.302326 0.020643
-4.293573 0.021455
-4.284821 0.022301
-4.276069 0.023182
-4.267317 0.024100
-4.258565 0.025054
-4.249812 0.026044
-4.241060 0.027069
-4.232308 0.028131
-4.223556 0.029226
-4.214804 0.030355
-4.206052 0.031516
-4.197299 0.032706
-4.188547 0.033924
-4.179795 0.035165
-4.171043 0.036428
-4.162291 0.037708
-4.153538 0.039001
-4.144786 0.040301
-4.136034 0.041605
-4.127282 0.042905
-4.118530 0.044197
-4.109777 0.045473
-4.101025 0.046726
-4.092273 0.047951
-4.083521 0.049138
-4.074769 0.050282
-4.066017 0.051375
-4.057264 0.052408
-4.048512 0.053376
-4.039760 0.054271
-4.031008 0.055087
-4.022256 0.055817
-4.013503 0.056456
-4.004751 0.056999
-3.995999 0.057441
-3.987247 0.057780
-3.978495 0.058011
-3.969742 0.058134
-3.960990 0.058147
-3.952238 0.058050
-3.943486 0.057845
-3.934734 0.057531
-3.925981 0.057114
-3.917229 0.056595
-3.908477 0.055979
-3.899725 0.055270
-3.890973 0.054475
-3.882221 0.053599
-3.873468 0.052650
-3.864716 0.051633
-3.855964 0.050555
-3.847212 0.049426
-3.838460 0.048251
-3.829707 0.047037
-3.820955 0.045794
-3.812203 0.044526
-3.803451 0.043243
-3.794699 0.041948
-3.785946 0.040650
-3.777194 0.039354
-3.768442 0.038066
-3.759690 0.036789
-3.750938 0.035529
-3.742186 0.034289
-3.733433 0.033073
-3.724681 0.031884
-3.715929 0.030725
-3.707177 0.029597
-3.698425 0.028503
-3.689672 0.027443
-3.680920 0.026418
-3.672168 0.025429
-3.663416 0.024477
-3.654664 0.023561
-3.645911 0.022681
-3.637159 0.021837
-3.628407 0.021028
-3.619655 0.020254
-3.610903 0.019513
-3.602151 0.018805
-3.593398 0.018128
-3.584646 0.017482
-3.575894 0.016866
-3.567142 0.016278
-3.558390 0.015717
-3.549637 0.015182
-3.540885 0.014672
-3.532133 0.014186
-3.523381 0.013722
-3.514629 0.013280
-3.505876 0.012859
-3.497124 0.012457
-3.488372 0.012074
-3.479620 0.011709
-3.470868 0.011360
-3.462116 0.011027
-3.453363 0.010710
-3.444611 0.010407
-3.435859 0.010117
-3.427107 0.009840
-3.418355 0.009576
-3.409602 0.009323
-3.400850 0.009082
-3.392098 0.008851
-3.383346 0.008630
-3.374594 0.008419
-3.365841 0.008216
-3.357089 0.008023
-3.348337 0.007837
-3.339585 0.007659
-3.330833 0.007489
-3.322081 0.007326
-3.313328 0.007170
-3.304576 0.007020
-3.295824 0.006877
-3.287072 0.006739
-3.278320 0.006607
-3.269567 0.006480
-3.260815 0.006359
-3.252063 0.006242
-3.243311 0.006131
-3.234559 0.006024
-3.225806 0.005921
-3.217054 0.005823
-3.208302 0.005728
-3.199550 0.005638
-3.190798 0.005551
-3.182046 0.005468
-3.173293 0.005389
-3.164541 0.005313
-3.155789 0.005240
-3.147037 0.005170
-3.138285 0.005104
-3.129532 0.005040
-3.120780 0.004979
-3.112028 0.004921
-3.103276 0.004866
-3.094524 0.004814
-3.085771 0.004764
-3.077019 0.004717
-3.068267 0.004672
-3.059515 0.004630
-3.050763 0.004590
-3.042011 0.004552
-3.033258 0.004517
-3.024506 0.004484
-3.015754 0.004453
-3.007002 0.004424
-2.998250 0.004398
-2.989497 0.004373
-2.980745 0.004351
-2.971993 0.004331
-2.963241 0.004313
-2.954489 0.004297
-2.945736 0.004283
-2.936984 0.004271
-2.928232 0.004261
-2.919480 0.004254
-2.910728 0.004248
-2.901975 0.004245
-2.893223 0.004243
-2.884471 0.004244
-2.875719 0.004247
-2.866967 0.004252
-2.858215 0.004260
-2.849462 0.004269
-2.840710 0.004281
-2.831958 0.004295
-2.823206 0.004311
-2.814454 0.004330
-2.805701 0.004352
-2.796949 0.004376
-2.788197 0.004402
-2.779445 0.004431
-2.770693 0.004463
-2.761940 0.004497
-2.753188 0.004535
-2.744436 0.004575
-2.735684 0.004619
-2.726932 0.004665
-2.718180 0.004715
-2.709427 0.004769
-2.700675 0.004826
-2.691923 0.004886
-2.683171 0.004951
-2.674419 0.005019
-2.665666 0.005091
-2.656914 0.005168
-2.648162 0.005249
-2.639410 0.005335
-2.630658 0.005426
-2.621905 0.005522
-2.613153 0.005623
-2.604401 0.005730
-2.595649 0.005843
-2.586897 0.005961
-2.578145 0.006087
-2.569392 0.006219
-2.560640 0.006357
-2.551888 0.006504
-2.543136 0.006658
-2.534384 0.006820
-2.525631 0.006990
-2.516879 0.007169
-2.508127 0.007357
-2.499375 0.007555
-2.490623 0.007763
-2.481870 0.007981
-2.473118 0.008209
-2.464366 0.008449
-2.455614 0.008699
-2.446862 0.008962
-2.438110 0.009236
-2.429357 0.009522
-2.420605 0.009821
-2.411853 0.010132
-2.403101 0.010455
-2.394349 0.010791
-2.385596 0.011139
-2.376844 0.011500
-2.368092 0.011872
-2.359340 0.012256
-2.350588 0.012651
-2.341835 0.013057
-2.333083 0.013473
-2.324331 0.013897
-2.315579 0.014330
-2.306827 0.014769
-2.298075 0.015215
-2.289322 0.015665
-2.280570 0.016118
-2.271818 0.016573
-2.263066 0.017028
-2.254314 0.017481
-2.245561 0.017932
-2.236809 0.018377
-2.228057 0.018816
-2.219305 0.019246
-2.210553 0.019667
-2.201800 0.020075
-2.193048 0.020471
-2.184296 0.020852
-2.175544 0.021217
-2.166792 0.021565
-2.158040 0.021895
-2.149287 0.022205
-2.140535 0.022495
-2.131783 0.022764
-2.123031 0.023013
-2.114279 0.023239
-2.105526 0.023444
-2.096774 0.023628
-2.088022 0.023789
-2.079270 0.023929
-2.070518 0.024047
-2.061765 0.024145
-2.053013 0.024221
-2.044261 0.024278
-2.035509 0.024315
-2.026757 0.024332
-2.018005 0.024330
-2.009252 0.024309
-2.000500 0.024270
-1.991748 0.024214
-1.982996 0.024139
-1.974244 0.024046
-1.965491 0.023936
-1.956739 0.023809
-1.947987 0.023664
-1.939235 0.023503
-1.930483 0.023323
-1.921730 0.023127
-1.912978 0.022914
-1.904226 0.022684
-1.895474 0.022437
-1.886722 0.022173
-1.877969 0.021893
-1.869217 0.021597
-1.860465 0.021285
-1.851713 0.020959
-1.842961 0.020618
-1.834209 0.020263
-1.825456 0.019896
-1.816704 0.019517
-1.807952 0.019127
-1.799200 0.018727
-1.790448 0.018318
-1.781695 0.017902
-1.772943 0.017480
-1.764191 0.017052
-1.755439 0.016621
-1.746687 0.016187
-1.737934 0.015752
-1.729182 0.015317
-1.720430 0.014884
-1.711678 0.014452
-1.702926 0.014024
-1.694174 0.013601
-1.685421 0.013183
-1.676669 0.012772
-1.667917 0.012367
-1.659165 0.011971
-1.650413 0.011583
-1.641660 0.011204
-1.632908 0.010835
-1.624156 0.010476
-1.615404 0.010127
-1.606652 0.009789
-1.597899 0.009461
-1.589147 0.009145
-1.580395 0.008839
-1.571643 0.008544
-1.562891 0.008260
-1.554139 0.007986
-1.545386 0.007723
-1.536634 0.007471
-1.527882 0.007228
-1.519130 0.006996
-1.510378 0.006773
-1.501625 0.006559
-1.492873 0.006354
-1.484121 0.006158
-1.475369 0.005971
-1.466617 0.005791
-1.457864 0.005619
-1.449112 0.005455
-1.440360 0.005298
-1.431608 0.005147
-1.422856 0.005003
-1.414104 0.004865
-1.405351 0.004733
-1.396599 0.004607
-1.387847 0.004486
-1.379095 0.004370
-1.370343 0.004258
-1.361590 0.004152
-1.352838 0.004049
-1.344086 0.003951
-1.335334 0.003856
-1.326582 0.003765
-1.317829 0.003677
-1.309077 0.003593
-1.300325 0.003512
-1.291573 0.003434
-1.282821 0.003358
-1.274069 0.003285
-1.265316 0.003214
-1.256564 0.003146
-1.247812 0.003080
-1.239060 0.003016
-1.230308 0.002954
-1.221555 0.002894
-1.212803 0.002835
-1.204051 0.002779
-1.195299 0.002724
-1.186547 0.002670
-1.177794 0.002618
-1.169042 0.002568
-1.160290 0.002518
-1.151538 0.002470
-1.142786 0.002424
-1.134034 0.002378
-1.125281 0.002334
-1.116529 0.002291
-1.107777 0.002249
-1.099025 0.002208
-1.090273 0.002168
-1.081520 0.002130
-1.072768 0.002092
-1.064016 0.002055
-1.055264 0.002019
-1.046512 0.001984
-1.037759 0.001950
-1.029007 0.001917
-1.020255 0.001885
-1.011503 0.001853
-1.002751 0.001823
-0.993998 0.001793
-0.985246 0.001764
-0.976494 0.001736
-0.967742 0.001708
-0.958990 0.001681
-0.950238 0.001655
-0.941485 0.001630
-0.932733 0.001605
-0.923981 0.001580
-0.915229 0.001557
-0.906477 0.001534
-0.897724 0.001511
-0.888972 0.001490
-0.880220 0.001468
-0.871468 0.001447
-0.862716 0.001427
-0.853963 0.001407
-0.845211 0.001388
-0.836459 0.001369
-0.827707 0.001350
-0.818955 0.001332
-0.810203 0.001315
-0.801450 0.001298
-0.792698 0.001281
-0.783946 0.001264
-0.775194 0.001248
-0.766442 0.001233
-0.757689 0.001217
-0.748937 0.001202
-0.740185 0.001187
-0.731433 0.001173
-0.722681 0.001159
-0.713928 0.001145
-0.705176 0.001132
-0.696424 0.001118
-0.687672 0.001105
-0.678920 0.001093
-0.670168 0.001080
-0.661415 0.001068
-0.652663 0.001056
-0.643911 0.001044
-0.635159 0.001033
-0.626407 0.001021
-0.617654 0.001010
-0.608902 0.000999
-0.600150 0.000989
-0.591398 0.000978
-0.582646 0.000968
-0.573893 0.000958
-0.565141 0.000948
-0.556389 0.000938
-0.547637 0.000929
-0.538885 0.000919
-0.530133 0.000910
-0.521380 0.000901
-0.512628 0.000892
-0.503876 0.000884
-0.495124 0.000875
-0.486372 0.000867
-0.477619 0.000858
-0.468867 0.000850
-0.460115 0.000842
-0.451363 0.000834
-0.442611 0.000827
-0.433858 0.000819
-0.425106 0.000812
-0.416354 0.000804
-0.407602 0.000797
-0.398850 0.000790
-0.390098 0.000783
-0.381345 0.000776
-0.372593 0.000769
-0.363841 0.000763
-0.355089 0.000756
-0.346337 0.000750
-0.337584 0.000744
-0.328832 0.000737
-0.320080 0.000731
-0.311328 0.000725
-0.302576 0.000719
-0.293823 0.000714
-0.285071 0.000708
-0.276319 0.000702
-0.267567 0.000697
-0.258815 0.000691
-0.250063 0.000686
-0.241310 0.000681
-0.232558 0.000676
-0.223806 0.000671
-0.215054 0.000666
-0.206302 0.000661
-0.197549 0.000656
-0.188797 0.000651
-0.180045 0.000646
-0.171293 0.000642
-0.162541 0.000637
-0.153788 0.000633
-0.145036 0.000628
-0.136284 0.000624
-0.127532 0.000620
-0.118780 0.000615
-0.110028 0.000611
-0.101275 0.000607
-0.092523 0.000603
-0.083771 0.000599
-0.075019 0.000595
-0.066267 0.000590
-0.057514 0.000586
-0.048762 0.000582
-0.040010 0.000578
-0.031258 0.000575
-0.022506 0.000571
-0.013753 0.000567
-0.005001 0.000563
0.003751 0.000559
0.012503 0.000555
0.021255 0.000551
0.030008 0.000548
0.038760 0.000544
0.047512 0.000540
0.056264 0.000536
0.065016 0.000533
0.073768 0.000529
0.082521 0.000525
0.091273 0.000522
0.100025 0.000518
0.108777 0.000515
0.117529 0.000511
0.126282 0.000508
0.135034 0.000504
0.143786 0.000501
0.152538 0.000497
0.161290 0.000494
0.170043 0.000491
0.178795 0.000487
0.187547 0.000484
0.196299 0.000481
0.205051 0.000477
0.213803 0.000474
0.222556 0.000471
0.231308 0.000468
0.240060 0.000465
0.248812 0.000462
0.257564 0.000459
0.266317 0.000456
0.275069 0.000453
0.283821 0.000450
0.292573 0.000448
0.301325 0.000445
0.310078 0.000442
0.318830 0.000439
0.327582 0.000437
0.336334 0.000434
0.345086 0.000431
0.353838 0.000429
0.362591 0.000426
0.371343 0.000424
0.380095 0.000421
0.388847 0.000419
0.397599 0.000416
0.406352 0.000414
0.415104 0.000412
0.423856 0.000409
0.432608 0.000407
0.441360 0.000405
0.450113 0.000402
0.458865 0.000400
0.467617 0.000398
0.476369 0.000396
0.485121 0.000394
0.493873 0.000391
0.502626 0.000389
0.511378 0.000387
0.520130 0.000385
0.528882 0.000383
0.537634 0.000381
0.546387 0.000379
0.555139 0.000377
0.563891 0.000375
0.572643 0.000373
0.581395 0.000371
0.590148 0.000370
0.598900 0.000368
0.607652 0.000366
0.616404 0.000364
0.625156 0.000362
0.633908 0.000360
0.642661 0.000359
0.651413 0.000357
0.660165 0.000355
0.668917 0.000353
0.677669 0.000352
0.686422 0.000350
0.695174 0.000348
0.703926 0.000347
0.712678 0.000345
0.721430 0.000343
0.730183 0.000342
0.738935 0.000340
0.747687 0.000339
0.756439 0.000337
0.765191 0.000336
0.773943 0.000334
0.782696 0.000333
0.791448 0.000331
0.800200 0.000330
0.808952 0.000328
0.817704 0.000327
0.826457 0.000325
0.835209 0.000324
0.843961 0.000322
0.852713 0.000321
0.861465 0.000320
0.870218 0.000318
0.878970 0.000317
0.887722 0.000316
0.896474 0.000314
0.905226 0.000313
0.913978 0.000312
0.922731 0.000310
0.931483 0.000309
0.940235 0.000308
0.948987 0.000307
0.957739 0.000305
0.966492 0.000304
0.975244 0.000303
0.983996 0.000302
0.992748 0.000301
1.001500 0.000299
1.010253 0.000298
1.019005 0.000297
1.027757 0.000296
1.036509 0.000295
1.045261 0.000294
1.054014 0.000293
1.062766 0.000291
1.071518 0.000290
1.080270 0.000289
1.089022 0.000288
1.097774 0.000287
1.106527 0.000286
1.115279 0.000285
1.124031 0.000284
1.132783 0.000283
1.141535 0.000282
1.150288 0.000281
1.159040 0.000280
1.167792 0.000279
1.176544 0.000278
1.185296 0.000277
1.194049 0.000276
1.202801 0.000275
1.211553 0.000274
1.220305 0.000273
1.229057 0.000272
1.237809 0.000272
1.246562 0.000271
1.255314 0.000270
1.264066 0.000269
1.272818 0.000268
1.281570 0.000267
1.290323 0.000266
1.299075 0.000266
1.307827 0.000265
1.316579 0.000264
1.325331 0.000263
1.334084 0.000262
1.342836 0.000262
1.351588 0.000261
1.360340 0.000260
1.369092 0.000259
1.377844 0.000259
1.386597 0.000258
1.395349 0.000257
1.404101 0.000256
1.412853 0.000256
1.421605 0.000255
1.430358 0.000254
1.439110 0.000254
1.447862 0.000253
1.456614 0.000252
1.465366 0.000252
1.474119 0.000251
1.482871 0.000250
1.491623 0.000250
1.500375 0.000249
1.509127 0.000248
1.517879 0.000248
1.526632 0.000247
1.535384 0.000247
1.544136 0.000246
1.552888 0.000245
1.561640 0.000245
1.570393 0.000244
1.579145 0.000244
1.587897 0.000243
1.596649 0.000243
1.605401 0.000242
1.614154 0.000242
1.622906 0.000241
1.631658 0.000241
1.640410 0.000240
1.649162 0.000240
1.657914 0.000239
1.666667 0.000239
1.675419 0.000238
1.684171 0.000238
1.692923 0.000238
1.701675 0.000237
1.710428 0.000237
1.719180 0.000236
1.727932 0.000236
1.736684 0.000236
1.745436 0.000235
1.754189 0.000235
1.762941 0.000235
1.771693 0.000234
1.780445 0.000234
1.789197 0.000234
1.797949 0.000233
1.806702 0.000233
1.815454 0.000233
1.824206 0.000233
1.832958 0.000232
1.841710 0.000232
1.850463 0.000232
1.859215 0.000232
1.867967 0.000231
1.876719 0.000231
1.885471 0.000231
1.894224 0.000231
1.902976 0.000231
1.911728 0.000231
1.920480 0.000230
1.929232 0.000230
1.937984 0.000230
1.946737 0.000230
1.955489 0.000230
1.964241 0.000230
1.972993 0.000230
1.981745 0.000230
1.990498 0.000230
1.999250 0.000230
2.008002 0.000230
2.016754 0.000230
2.025506 0.000230
2.034259 0.000230
2.043011 0.000230
2.051763 0.000230
2.060515 0.000230
2.069267 0.000230
2.078020 0.000231
2.086772 0.000231
2.095524 0.000231
2.104276 0.000231
2.113028 0.000231
2.121780 0.000232
2.130533 0.000232
2.139285 0.000232
2.148037 0.000232
2.156789 0.000233
2.165541 0.000233
2.174294 0.000233
2.183046 0.000234
2.191798 0.000234
2.200550 0.000235
2.209302 0.000235
2.218055 0.000236
2.226807 0.000236
2.235559 0.000237
2.244311 0.000237
2.253063 0.000238
2.261815 0.000239
2.270568 0.000239
2.279320 0.000240
2.288072 0.000241
2.296824 0.000242
2.305576 0.000243
2.314329 0.000243
2.323081 0.000244
2.331833 0.000245
2.340585 0.000246
2.349337 0.000247
2.358090 0.000249
2.366842 0.000250
2.375594 0.000251
2.384346 0.000252
2.393098 0.000253
2.401850 0.000255
2.410603 0.000256
2.419355 0.000258
2.428107 0.000259
2.436859 0.000261
2.445611 0.000262
2.454364 0.000264
2.463116 0.000266
2.471868 0.000268
2.480620 0.000270
2.489372 0.000272
2.498125 0.000274
2.506877 0.000276
2.515629 0.000278
2.524381 0.000281
2.533133 0.000283
2.541885 0.000286
2.550638 0.000289
2.559390 0.000291
2.568142 0.000294
2.576894 0.000297
2.585646 0.000300
2.594399 0.000304
2.603151 0.000307
2.611903 0.000310
2.620655 0.000314
2.629407 0.000318
2.638160 0.000322
2.646912 0.000326
2.655664 0.000330
2.664416 0.000334
2.673168 0.000339
2.681920 0.000343
2.690673 0.000348
2.699425 0.000353
2.708177 0.000359
2.716929 0.000364
2.725681 0.000370
2.734434 0.000376
2.743186 0.000382
2.751938 0.000388
2.760690 0.000395
2.769442 0.000402
2.778195 0.000409
2.786947 0.000417
2.795699 0.000425
2.804451 0.000433
2.813203 0.000441
2.821955 0.000450
2.830708 0.000460
2.839460 0.000470
2.848212 0.000480
2.856964 0.000491
2.865716 0.000502
2.874469 0.000513
2.883221 0.000525
2.891973 0.000538
2.900725 0.000551
2.909477 0.000565
2.918230 0.000579
2.926982 0.000594
2.935734 0.000610
2.944486 0.000626
2.953238 0.000643
2.961990 0.000660
2.970743 0.000678
2.979495 0.000696
2.988247 0.000716
2.996999 0.000735
3.005751 0.000756
3.014504 0.000777
3.023256 0.000798
3.032008 0.000820
3.040760 0.000843
3.049512 0.000866
3.058265 0.000889
3.067017 0.000913
3.075769 0.000937
3.084521 0.000962
3.093273 0.000987
3.102026 0.001012
3.110778 0.001037
3.119530 0.001062
3.128282 0.001088
3.137034 0.001113
3.145786 0.001139
3.154539 0.001164
3.163291 0.001189
3.172043 0.001214
3.180795 0.001239
3.189547 0.001263
3.198300 0.001287
3.207052 0.001311
3.215804 0.001333
3.224556 0.001355
3.233308 0.001377
3.242061 0.001397
3.250813 0.001417
3.259565 0.001435
3.268317 0.001453
3.277069 0.001469
3.285821 0.001483
3.294574 0.001497
3.303326 0.001509
3.312078 0.001519
3.320830 0.001527
3.329582 0.001534
3.338335 0.001539
3.347087 0.001542
3.355839 0.001543
3.364591 0.001542
3.373343 0.001539
3.382096 0.001534
3.390848 0.001527
3.399600 0.001518
3.408352 0.001506
3.417104 0.001493
3.425856 0.001478
3.434609 0.001461
3.443361 0.001442
3.452113 0.001421
3.460865 0.001399
3.469617 0.001376
3.478370 0.001351
3.487122 0.001325
3.495874 0.001298
3.504626 0.001270
3.513378 0.001241
3.522131 0.001211
3.530883 0.001181
3.539635 0.001151
3.548387 0.001120
3.557139 0.001090
3.565891 0.001059
3.574644 0.001028
3.583396 0.000998
3.592148 0.000968
3.600900 0.000939
3.609652 0.000910
3.618405 0.000882
3.627157 0.000854
3.635909 0.000827
3.644661 0.000801
3.653413 0.000776
3.662166 0.000751
3.670918 0.000727
3.679670 0.000704
3.688422 0.000682
3.697174 0.000661
3.705926 0.000641
3.714679 0.000621
3.723431 0.000602
3.732183 0.000584
3.740935 0.000567
3.749687 0.000550
3.758440 0.000534
3.767192 0.000519
3.775944 0.000505
3.784696 0.000491
3.793448 0.000478
3.802201 0.000465
3.810953 0.000453
3.819705 0.000441
3.828457 0.000430
3.837209 0.000420
3.845961 0.000410
3.854714 0.000400
3.863466 0.000391
3.872218 0.000382
3.880970 0.000373
3.889722 0.000365
3.898475 0.000358
3.907227 0.000350
3.915979 0.000343
3.924731 0.000336
3.933483 0.000330
3.942236 0.000324
3.950988 0.000317
3.959740 0.000312
3.968492 0.000306
3.977244 0.000301
3.985996 0.000296
3.994749 0.000291
4.003501 0.000286
4.012253 0.000281
4.021005 0.000277
4.029757 0.000273
4.038510 0.000269
4.047262 0.000265
4.056014 0.000261
4.064766 0.000257
4.073518 0.000254
4.082271 0.000250
4.091023 0.000247
4.099775 0.000244
4.108527 0.000241
4.117279 0.000238
4.126032 0.000235
4.134784 0.000232
4.143536 0.000229
4.152288 0.000226
4.161040 0.000224
4.169792 0.000221
4.178545 0.000219
4.187297 0.000217
4.196049 0.000214
4.204801 0.000212
4.213553 0.000210
4.222306 0.000208
4.231058 0.000206
4.239810 0.000204
4.248562 0.000202
4.257314 0.000200
4.266067 0.000198
4.274819 0.000197
4.283571 0.000195
4.292323 0.000193
4.301075 0.000192
4.309827 0.000190
4.318580 0.000188
4.327332 0.000187
4.336084 0.000185
4.344836 0.000184
4.353588 0.000183
4.362341 0.000181
4.371093 0.000180
4.379845 0.000179
4.388597 0.000177
4.397349 0.000176
4.406102 0.000175
4.414854 0.000174
4.423606 0.000173
4.432358 0.000171
4.441110 0.000170
4.449862 0.000169
4.458615 0.000168
4.467367 0.000167
4.476119 0.000166
4.484871 0.000165
4.493623 0.000164
4.502376 0.000163
4.511128 0.000162
4.519880 0.000161
4.528632 0.000161
4.537384 0.000160
4.546137 0.000159
4.554889 0.000158
4.563641 0.000157
4.572393 0.000156
4.581145 0.000156
4.589897 0.000155
4.598650 0.000154
4.607402 0.000153
4.616154 0.000153
4.624906 0.000152
4.633658 0.000151
4.642411 0.000150
4.651163 0.000150
4.659915 0.000149
4.668667 0.000148
4.677419 0.000148
4.686172 0.000147
4.694924 0.000147
4.703676 0.000146
4.712428 0.000145
4.721180 0.000145
4.729932 0.000144
4.738685 0.000144
4.747437 0.000143
4.756189 0.000143
4.764941 0.000142
4.773693 0.000141
4.782446 0.000141
4.791198 0.000140
4.799950 0.000140
4.808702 0.000139
4.817454 0.000139
4.826207 0.000139
4.834959 0.000138
4.843711 0.000138
4.852463 0.000137
4.861215 0.000137
4.869967 0.000136
4.878720 0.000136
4.887472 0.000135
4.896224 0.000135
4.904976 0.000135
4.913728 0.000134
4.922481 0.000134
4.931233 0.000133
4.939985 0.000133
4.948737 0.000133
4.957489 0.000132
4.966242 0.000132
4.974994 0.000132
4.983746 0.000131
4.992498 0.000131
5.001250 0.000130
5.010003 0.000130
5.018755 0.000130
5.027507 0.000129
5.036259 0.000129
5.045011 0.000129
5.053763 0.000128
5.062516 0.000128
5.071268 0.000128
5.080020 0.000128
5.088772 0.000127
5.097524 0.000127
5.106277 0.000127
5.115029 0.000126
5.123781 0.000126
5.132533 0.000126
5.141285 0.000126
5.150038 0.000125
5.158790 0.000125
5.167542 0.000125
5.176294 0.000125
5.185046 0.000124
5.193798 0.000124
5.202551 0.000124
5.211303 0.000124
5.220055 0.000123
5.228807 0.000123
5.237559 0.000123
5.246312 0.000123
5.255064 0.000122
5.263816 0.000122
5.272568 0.000122
5.281320 0.000122
5.290073 0.000122
5.298825 0.000121
5.307577 0.000121
5.316329 0.000121
5.325081 0.000121
5.333833 0.000120
5.342586 0.000120
5.351338 0.000120
5.360090 0.000120
5.368842 0.000120
5.377594 0.000120
5.386347 0.000119
5.395099 0.000119
5.403851 0.000119
5.412603 0.000119
5.421355 0.000119
5.430108 0.000119
5.438860 0.000118
5.447612 0.000118
5.456364 0.000118
5.465116 0.000118
5.473868 0.000118
5.482621 0.000118
5.491373 0.000117
5.500125 0.000117
5.508877 0.000117
5.517629 0.000117
5.526382 0.000117
5.535134 0.000117
5.543886 0.000117
5.552638 0.000116
5.561390 0.000116
5.570143 0.000116
5.578895 0.000116
5.587647 0.000116
5.596399 0.000116
5.605151 0.000116
5.613903 0.000115
5.622656 0.000115
5.631408 0.000115
5.640160 0.000115
5.648912 0.000115
5.657664 0.000115
5.666417 0.000115
5.675169 0.000115
5.683921 0.000115
5.692673 0.000114
5.701425 0.000114
5.710178 0.000114
5.718930 0.000114
5.727682 0.000114
5.736434 0.000114
5.745186 0.000114
5.753938 0.000114
5.762691 0.000114
5.771443 0.000114
5.780195 0.000114
5.788947 0.000113
5.797699 0.000113
5.806452 0.000113
5.815204 0.000113
5.823956 0.000113
5.832708 0.000113
5.841460 0.000113
5.850213 0.000113
5.858965 0.000113
5.867717 0.000113
5.876469 0.000113
5.885221 0.000113
5.893973 0.000113
5.902726 0.000112
5.911478 0.000112
5.920230 0.000112
5.928982 0.000112
5.937734 0.000112
5.946487 0.000112
5.955239 0.000112
5.963991 0.000112
5.972743 0.000112
5.981495 0.000112
5.990248 0.000112
5.999000 0.000112
6.007752 0.000112
6.016504 0.000112
6.025256 0.000112
6.034009 0.000112
6.042761 0.000112
6.051513 0.000112
6.060265 0.000111
6.069017 0.000111
6.077769 0.000111
6.086522 0.000111
6.095274 0.000111
6.104026 0.000111
6.112778 0.000111
6.121530 0.000111
6.130283 0.000111
6.139035 0.000111
6.147787 0.000111
6.156539 0.000111
6.165291 0.000111
6.174044 0.000111
6.182796 0.000111
6.191548 0.000111
6.200300 0.000111
6.209052 0.000111
6.217804 0.000111
6.226557 0.000111
6.235309 0.000111
6.244061 0.000111
6.252813 0.000111
6.261565 0.000111
6.270318 0.000111
6.279070 0.000111
6.287822 0.000111
6.296574 0.000111
6.305326 0.000111
6.314079 0.000111
6.322831 0.000111
6.331583 0.000111
6.340335 0.000111
6.349087 0.000111
6.357839 0.000111
6.366592 0.000111
6.375344 0.000111
6.384096 0.000111
6.392848 0.000111
6.401600 0.000111
6.410353 0.000111
6.419105 0.000111
6.427857 0.000111
6.436609 0.000111
6.445361 0.000111
6.454114 0.000111
6.462866 0.000111
6.471618 0.000111
6.480370 0.000111
6.489122 0.000111
6.497874 0.000111
6.506627 0.000111
6.515379 0.000111
6.524131 0.000111
6.532883 0.000111
6.541635 0.000111
6.550388 0.000111
6.559140 0.000111
6.567892 0.000111
6.576644 0.000111
6.585396 0.000111
6.594149 0.000111
6.602901 0.000111
6.611653 0.000111
6.620405 0.000111
6.629157 0.000111
6.637909 0.000111
6.646662 0.000111
6.655414 0.000111
6.664166 0.000111
6.672918 0.000111
6.681670 0.000112
6.690423 0.000112
6.699175 0.000112
6.707927 0.000112
6.716679 0.000112
6.725431 0.000112
6.734184 0.000112
6.742936 0.000112
6.751688 0.000112
6.760440 0.000112
6.769192 0.000112
6.777944 0.000112
6.786697 0.000112
6.795449 0.000112
6.804201 0.000112
6.812953 0.000112
6.821705 0.000112
6.830458 0.000112
6.839210 0.000112
6.847962 0.000112
6.856714 0.000113
6.865466 0.000113
6.874219 0.000113
6.882971 0.000113
6.891723 0.000113
6.900475 0.000113
6.909227 0.000113
6.917979 0.000113
6.926732 0.000113
6.935484 0.000113
6.944236 0.000113
6.952988 0.000113
6.961740 0.000113
6.970493 0.000113
6.979245 0.000113
6.987997 0.000114
6.996749 0.000114
7.005501 0.000114
7.014254 0.000114
7.023006 0.000114
7.031758 0.000114
7.040510 0.000114
7.049262 0.000114
7.058015 0.000114
7.066767 0.000114
7.075519 0.000114
7.084271 0.000114
7.093023 0.000115
7.101775 0.000115
7.110528 0.000115
7.119280 0.000115
7.128032 0.000115
7.136784 0.000115
7.145536 0.000115
7.154289 0.000115
7.163041 0.000115
7.171793 0.000115
7.180545 0.000115
7.189297 0.000116
7.198050 0.000116
7.206802 0.000116
7.215554 0.000116
7.224306 0.000116
7.233058 0.000116
7.241810 0.000116
7.250563 0.000116
7.259315 0.000116
7.268067 0.000116
7.276819 0.000117
7.285571 0.000117
7.294324 0.000117
7.303076 0.000117
7.311828 0.000117
7.320580 0.000117
7.329332 0.000117
7.338085 0.000117
7.346837 0.000118
7.355589 0.000118
7.364341 0.000118
7.373093 0.000118
7.381845 0.000118
7.390598 0.000118
7.399350 0.000118
7.408102 0.000118
7.416854 0.000119
7.425606 0.000119
7.434359 0.000119
7.443111 0.000119
7.451863 0.000119
7.460615 0.000119
7.469367 0.000119
7.478120 0.000119
7.486872 0.000120
7.495624 0.000120
7.504376 0.000120
7.513128 0.000120
7.521880 0.000120
7.530633 0.000120
7.539385 0.000120
7.548137 0.000121
7.556889 0.000121
7.565641 0.000121
7.574394 0.000121
7.583146 0.000121
7.591898 0.000121
7.600650 0.000121
7.609402 0.000122
7.618155 0.000122
7.626907 0.000122
7.635659 0.000122
7.644411 0.000122
7.653163 0.000122
7.661915 0.000123
7.670668 0.000123
7.679420 0.000123
7.688172 0.000123
7.696924 0.000123
7.705676 0.000123
7.714429 0.000124
7.723181 0.000124
7.731933 0.000124
7.740685 0.000124
7.749437 0.000124
7.758190 0.000124
7.766942 0.000125
7.775694 0.000125
7.784446 0.000125
7.793198 0.000125
7.801950 0.000125
7.810703 0.000125
7.819455 0.000126
7.828207 0.000126
7.836959 0.000126
7.845711 0.000126
7.854464 0.000126
7.863216 0.000127
7.871968 0.000127
7.880720 0.000127
7.889472 0.000127
7.898225 0.000127
7.906977 0.000128
7.915729 0.000128
7.924481 0.000128
7.933233 0.000128
7.941985 0.000128
7.950738 0.000129
7.959490 0.000129
7.968242 0.000129
7.976994 0.000129
7.985746 0.000129
7.994499 0.000130
8.003251 0.000130
8.012003 0.000130
8.020755 0.000130
8.029507 0.000131
8.038260 0.000131
8.047012 0.000131
8.055764 0.000131
8.064516 0.000131
8.073268 0.000132
8.082021 0.000132
8.090773 0.000132
8.099525 0.000132
8.108277 0.000133
8.117029 0.000133
8.125781 0.000133
8.134534 0.000133
8.143286 0.000133
8.152038 0.000134
8.160790 0.000134
8.169542 0.000134
8.178295 0.000134
8.187047 0.000135
8.195799 0.000135
8.204551 0.000135
8.213303 0.000135
8.222056 0.000136
8.230808 0.000136
8.239560 0.000136
8.248312 0.000136
8.257064 0.000137
8.265816 0.000137
8.274569 0.000137
8.283321 0.000138
8.292073 0.000138
8.300825 0.000138
8.309577 0.000138
8.318330 0.000139
8.327082 0.000139
8.335834 0.000139
8.344586 0.000139
8.353338 0.000140
8.362091 0.000140
8.370843 0.000140
8.379595 0.000141
8.388347 0.000141
8.397099 0.000141
8.405851 0.000141
8.414604 0.000142
8.423356 0.000142
8.432108 0.000142
8.440860 0.000143
8.449612 0.000143
8.458365 0.000143
8.467117 0.000143
8.475869 0.000144
8.484621 0.000144
8.493373 0.000144
8.502126 0.000145
8.510878 0.000145
8.519630 0.000145
8.528382 0.000146
8.537134 0.000146
8.545886 0.000146
8.554639 0.000147
8.563391 0.000147
8.572143 0.000147
8.580895 0.000148
8.589647 0.000148
8.598400 0.000148
8.607152 0.000149
8.615904 0.000149
8.624656 0.000149
8.633408 0.000150
8.642161 0.000150
8.650913 0.000150
8.659665 0.000151
8.668417 0.000151
8.677169 0.000151
8.685921 0.000152
8.694674 0.000152
8.703426 0.000152
8.712178 0.000153
8.720930 0.000153
8.729682 0.000153
8.738435 0.000154
8.747187 0.000154
8.755939 0.000155
8.764691 0.000155
8.773443 0.000155
8.782196 0.000156
8.790948 0.000156
8.799700 0.000156
8.808452 0.000157
8.817204 0.000157
8.825956 0.000158
8.834709 0.000158
8.843461 0.000158
8.852213 0.000159
8.860965 0.000159
8.869717 0.000160
8.878470 0.000160
8.887222 0.000160
8.895974 0.000161
8.904726 0.000161
8.913478 0.000162
8.922231 0.000162
8.930983 0.000163
8.939735 0.000163
8.948487 0.000163
8.957239 0.000164
8.965991 0.000164
8.974744 0.000165
8.983496 0.000165
8.992248 0.000166
9.001000 0.000166
9.009752 0.000166
9.018505 0.000167
9.027257 0.000167
9.036009 0.000168
9.044761 0.000168
9.053513 0.000169
9.062266 0.000169
9.071018 0.000170
9.079770 0.000170
9.088522 0.000171
9.097274 0.000171
9.106027 0.000172
9.114779 0.000172
9.123531 0.000173
9.132283 0.000173
9.141035 0.000174
9.149787 0.000174
9.158540 0.000175
9.167292 0.000175
9.176044 0.000176
9.184796 0.000176
9.193548 0.000177
9.202301 0.000177
9.211053 0.000178
9.219805 0.000178
9.228557 0.000179
9.237309 0.000179
9.246062 0.000180
9.254814 0.000180
9.263566 0.000181
9.272318 0.000181
9.281070 0.000182
9.289822 0.000182
9.298575 0.000183
9.307327 0.000184
9.316079 0.000184
9.324831 0.000185
9.333583 0.000185
9.342336 0.000186
9.351088 0.000186
9.359840 0.000187
9.368592 0.000188
9.377344 0.000188
9.386097 0.000189
9.394849 0.000189
9.403601 0.000190
9.412353 0.000190
9.421105 0.000191
9.429857 0.000192
9.438610 0.000192
9.447362 0.000193
9.456114 0.000194
9.464866 0.000194
9.473618 0.000195
9.482371 0.000195
9.491123 0.000196
9.499875 0.000197
9.508627 0.000197
9.517379 0.000198
9.526132 0.000199
9.534884 0.000199
9.543636 0.000200
9.552388 0.000201
9.561140 0.000201
9.569892 0.000202
9.578645 0.000203
9.587397 0.000203
9.596149 0.000204
9.604901 0.000205
9.613653 0.000206
9.622406 0.000206
9.631158 0.000207
9.639910 0.000208
9.648662 0.000208
9.657414 0.000209
9.666167 0.000210
9.674919 0.000211
9.683671 0.000211
9.692423 0.000212
9.701175 0.000213
9.709927 0.000214
9.718680 0.000214
9.727432 0.000215
9.736184 0.000216
9.744936 0.000217
9.753688 0.000217
9.762441 0.000218
9.771193 0.000219
9.779945 0.000220
9.788697 0.000221
9.797449 0.000221
9.806202 0.000222
9.814954 0.000223
9.823706 0.000224
9.832458 0.000225
9.841210 0.000226
9.849962 0.000227
9.858715 0.000227
9.867467 0.000228
9.876219 0.000229
9.884971 0.000230
9.893723 0.000231
9.902476 0.000232
9.911228 0.000233
9.919980 0.000234
9.928732 0.000234
9.937484 0.000235
9.946237 0.000236
9.954989 0.000237
9.963741 0.000238
9.972493 0.000239
9.981245 0.000240
9.989997 0.000241
9.998750 0.000242
10.007502 0.000243
10.016254 0.000244
10.025006 0.000245
10.033758 0.000246
10.042511 0.000247
10.051263 0.000248
10.060015 0.000249
10.068767 0.000250
10.077519 0.000251
10.086272 0.000252
10.095024 0.000253
10.103776 0.000254
10.112528 0.000255
10.121280 0.000256
10.130033 0.000257
10.138785 0.000258
10.147537 0.000259
10.156289 0.000261
10.165041 0.000262
10.173793 0.000263
10.182546 0.000264
10.191298 0.000265
10.200050 0.000266
10.208802 0.000267
10.217554 0.000269
10.226307 0.000270
10.235059 0.000271
10.243811 0.000272
10.252563 0.000273
10.261315 0.000274
10.270068 0.000276
10.278820 0.000277
10.287572 0.000278
10.296324 0.000279
10.305076 0.000281
10.313828 0.000282
10.322581 0.000283
10.331333 0.000285
10.340085 0.000286
10.348837 0.000287
10.357589 0.000288
10.366342 0.000290
10.375094 0.000291
10.383846 0.000292
10.392598 0.000294
10.401350 0.000295
10.410103 0.000297
10.418855 0.000298
10.427607 0.000299
10.436359 0.000301
10.445111 0.000302
10.453863 0.000304
10.462616 0.000305
10.471368 0.000307
10.480120 0.000308
10.488872 0.000310
10.497624 0.000311
10.506377 0.000313
10.515129 0.000314
10.523881 0.000316
10.532633 0.000317
10.541385 0.000319
10.550138 0.000320
10.558890 0.000322
10.567642 0.000324
10.576394 0.000325
10.585146 0.000327
10.593898 0.000329
10.602651 0.000330
10.611403 0.000332
10.620155 0.000334
10.628907 0.000335
10.637659 0.000337
10.646412 0.000339
10.655164 0.000341
10.663916 0.000342
10.672668 0.000344
10.681420 0.000346
10.690173 0.000348
10.698925 0.000350
10.707677 0.000352
10.716429 0.000353
10.725181 0.000355
10.733933 0.000357
10.742686 0.000359
10.751438 0.000361
10.760190 0.000363
10.768942 0.000365
10.777694 0.000367
10.786447 0.000369
10.795199 0.000371
10.803951 0.000373
10.812703 0.000375
10.821455 0.000377
10.830208 0.000380
10.838960 0.000382
10.847712 0.000384
10.856464 0.000386
10.865216 0.000388
10.873968 0.000390
10.882721 0.000393
10.891473 0.000395
10.900225 0.000397
10.908977 0.000400
10.917729 0.000402
10.926482 0.000404
10.935234 0.000407
10.943986 0.000409
10.952738 0.000411
10.961490 0.000414
10.970243 0.000416
10.978995 0.000419
10.987747 0.000421
10.996499 0.000424
11.005251 0.000426
11.014004 0.000429
11.022756 0.000432
11.031508 0.000434
11.040260 0.000437
11.049012 0.000440
11.057764 0.000442
11.066517 0.000445
11.075269 0.000448
11.084021 0.000451
11.092773 0.000454
11.101525 0.000457
11.110278 0.000460
11.119030 0.000462
11.127782 0.000465
11.136534 0.000468
11.145286 0.000471
11.154039 0.000475
11.162791 0.000478
11.171543 0.000481
11.180295 0.000484
11.189047 0.000487
11.197799 0.000490
11.206552 0.000494
11.215304 0.000497
11.224056 0.000500
11.232808 0.000504
11.241560 0.000507
11.250313 0.000511
11.259065 0.000514
11.267817 0.000518
11.276569 0.000521
11.285321 0.000525
11.294074 0.000528
11.302826 0.000532
11.311578 0.000536
11.320330 0.000540
11.329082 0.000544
11.337834 0.000547
11.346587 0.000551
11.355339 0.000555
11.364091 0.000559
11.372843 0.000563
11.381595 0.000568
11.390348 0.000572
11.399100 0.000576
11.407852 0.000580
11.416604 0.000584
11.425356 0.000589
11.434109 0.000593
11.442861 0.000598
11.451613 0.000602
11.460365 0.000607
11.469117 0.000611
11.477869 0.000616
11.486622 0.000621
11.495374 0.000626
11.504126 0.000631
11.512878 0.000636
11.521630 0.000641
11.530383 0.000646
11.539135 0.000651
11.547887 0.000656
11.556639 0.000661
11.565391 0.000667
11.574144 0.000672
11.582896 0.000677
11.591648 0.000683
11.600400 0.000689
11.609152 0.000694
11.617904 0.000700
11.626657 0.000706
11.635409 0.000712
11.644161 0.000718
11.652913 0.000724
11.661665 0.000730
11.670418 0.000736
11.679170 0.000743
11.687922 0.000749
11.696674 0.000756
11.705426 0.000762
11.714179 0.000769
11.722931 0.000776
11.731683 0.000783
11.740435 0.000790
11.749187 0.000797
11.757939 0.000804
11.766692 0.000811
11.775444 0.000819
11.784196 0.000826
11.792948 0.000834
11.801700 0.000842
11.810453 0.000850
11.819205 0.000858
11.827957 0.000866
11.836709 0.000874
11.845461 0.000882
11.854214 0.000891
11.862966 0.000899
11.871718 0.000908
11.880470 0.000917
11.889222 0.000926
11.897974 0.000935
11.906727 0.000945
11.915479 0.000954
11.924231 0.000964
11.932983 0.000973
11.941735 0.000983
11.950488 0.000994
11.959240 0.001004
11.967992 0.001014
11.976744 0.001025
11.985496 0.001036
11.994249 0.001047
12.003001 0.001058
12.011753 0.001069
12.020505 0.001081
12.029257 0.001093
12.038010 0.001104
12.046762 0.001117
12.055514 0.001129
12.064266 0.001142
12.073018 0.001154
12.081770 0.001168
12.090523 0.001181
12.099275 0.001194
12.108027 0.001208
12.116779 0.001222
12.125531 0.001237
12.134284 0.001251
12.143036 0.001266
12.151788 0.001281
12.160540 0.001297
12.169292 0.001312
12.178045 0.001328
12.186797 0.001345
12.195549 0.001361
12.204301 0.001378
12.213053 0.001396
12.221805 0.001413
12.230558 0.001432
12.239310 0.001450
12.248062 0.001469
12.256814 0.001488
12.265566 0.001508
12.274319 0.001528
12.283071 0.001548
12.291823 0.001569
12.300575 0.001590
12.309327 0.001612
12.318080 0.001634
12.326832 0.001657
12.335584 0.001680
12.344336 0.001704
12.353088 0.001728
12.361840 0.001753
12.370593 0.001779
12.379345 0.001805
12.388097 0.001832
12.396849 0.001859
12.405601 0.001887
12.414354 0.001915
12.423106 0.001945
12.431858 0.001975
12.440610 0.002006
12.449362 0.002037
12.458115 0.002069
12.466867 0.002102
12.475619 0.002136
12.484371 0.002171
12.493123 0.002207
12.501875 0.002244
12.510628 0.002282
12.519380 0.002320
12.528132 0.002360
12.536884 0.002401
12.545636 0.002443
12.554389 0.002486
12.563141 0.002530
12.571893 0.002576
12.580645 0.002623
12.589397 0.002671
12.598150 0.002721
12.606902 0.002772
12.615654 0.002824
12.624406 0.002879
12.633158 0.002934
12.641910 0.002992
12.650663 0.003052
12.659415 0.003113
12.668167 0.003176
12.676919 0.003241
12.685671 0.003309
12.694424 0.003378
12.703176 0.003450
12.711928 0.003524
12.720680 0.003601
12.729432 0.003681
12.738185 0.003763
12.746937 0.003848
12.755689 0.003936
12.764441 0.004028
12.773193 0.004122
12.781945 0.004220
12.790698 0.004322
12.799450 0.004428
12.808202 0.004537
12.816954 0.004651
12.825706 0.004770
12.834459 0.004892
12.843211 0.005020
12.851963 0.005153
12.860715 0.005292
12.869467 0.005436
12.878220 0.005586
12.886972 0.005742
12.895724 0.005906
12.904476 0.006076
12.913228 0.006253
12.921980 0.006438
12.930733 0.006632
12.939485 0.006834
12.948237 0.007046
12.956989 0.007267
12.965741 0.007498
12.974494 0.007739
12.983246 0.007992
12.991998 0.008257
13.000750 0.008534
13.009502 0.008825
13.018255 0.009129
13.027007 0.009447
13.035759 0.009781
13.044511 0.010130
13.053263 0.010496
13.062016 0.010879
13.070768 0.011280
13.079520 0.011699
13.088272 0.012138
13.097024 0.012596
13.105776 0.013075
13.114529 0.013575
13.123281 0.014096
13.132033 0.014639
13.140785 0.015203
13.149537 0.015790
13.158290 0.016399
13.167042 0.017030
13.175794 0.017682
13.184546 0.018355
13.193298 0.019048
13.202051 0.019761
13.210803 0.020491
13.219555 0.021237
13.228307 0.021998
13.237059 0.022770
13.245811 0.023553
13.254564 0.024343
13.263316 0.025136
13.272068 0.025930
13.280820 0.026721
13.289572 0.027506
13.298325 0.028280
13.307077 0.029038
13.315829 0.029777
13.324581 0.030493
13.333333 0.031179
13.342086 0.031833
13.350838 0.032449
13.359590 0.033024
13.368342 0.033553
13.377094 0.034031
13.385846 0.034457
13.394599 0.034825
13.403351 0.035134
13.412103 0.035382
13.420855 0.035565
13.429607 0.035683
13.438360 0.035735
13.447112 0.035721
13.455864 0.035641
13.464616 0.035496
13.473368 0.035287
13.482121 0.035016
13.490873 0.034686
13.499625 0.034300
13.508377 0.033861
13.517129 0.033373
13.525881 0.032839
13.534634 0.032264
13.543386 0.031652
13.552138 0.031008
13.560890 0.030336
13.569642 0.029641
13.578395 0.028928
13.587147 0.028200
13.595899 0.027462
13.604651 0.026718
13.613403 0.025972
13.622156 0.025228
13.630908 0.024489
13.639660 0.023757
13.648412 0.023037
13.657164 0.022329
13.665916 0.021638
13.674669 0.020963
13.683421 0.020307
13.692173 0.019672
13.700925 0.019058
13.709677 0.018466
13.718430 0.017897
13.727182 0.017352
13.735934 0.016830
13.744686 0.016331
13.753438 0.015856
13.762191 0.015404
13.770943 0.014976
13.779695 0.014570
13.788447 0.014187
13.797199 0.013826
13.805951 0.013486
13.814704 0.013166
13.823456 0.012868
13.832208 0.012588
13.840960 0.012328
13.849712 0.012087
13.858465 0.011863
13.867217 0.011657
13.875969 0.011468
13.884721 0.011296
13.893473 0.011139
13.902226 0.010999
13.910978 0.010873
13.919730 0.010762
13.928482 0.010667
13.937234 0.010585
13.945986 0.010518
13.954739 0.010464
13.963491 0.010424
13.972243 0.010398
13.980995 0.010386
13.989747 0.010387
13.998500 0.010402
14.007252 0.010430
14.016004 0.010473
14.024756 0.010529
14.033508 0.010599
14.042261 0.010683
14.051013 0.010782
14.059765 0.010895
14.068517 0.011024
14.077269 0.011168
14.086022 0.011327
14.094774 0.011503
14.103526 0.011696
14.112278 0.011906
14.121030 0.012133
14.129782 0.012378
14.138535 0.012642
14.147287 0.012925
14.156039 0.013228
14.164791 0.013551
14.173543 0.013894
14.182296 0.014259
14.191048 0.014645
14.199800 0.015053
14.208552 0.015482
14.217304 0.015934
14.226057 0.016409
14.234809 0.016905
14.243561 0.017423
14.252313 0.017964
14.261065 0.018525
14.269817 0.019106
14.278570 0.019708
14.287322 0.020327
14.296074 0.020963
14.304826 0.021614
14.313578 0.022278
14.322331 0.022954
14.331083 0.023638
14.339835 0.024327
14.348587 0.025019
14.357339 0.025710
14.366092 0.026397
14.374844 0.027076
14.383596 0.027743
14.392348 0.028394
14.401100 0.029025
14.409852 0.029631
14.418605 0.030209
14.427357 0.030753
14.436109 0.031261
14.444861 0.031727
14.453613 0.032149
14.462366 0.032522
14.471118 0.032844
14.479870 0.033112
14.488622 0.033323
14.497374 0.033475
14.506127 0.033567
14.514879 0.033598
14.523631 0.033567
14.532383 0.033475
14.541135 0.033322
14.549887 0.033109
14.558640 0.032838
14.567392 0.032511
14.576144 0.032131
14.584896 0.031699
14.593648 0.031221
14.602401 0.030699
14.611153 0.030137
14.619905 0.029539
14.628657 0.028909
14.637409 0.028252
14.646162 0.027571
14.654914 0.026871
14.663666 0.026156
14.672418 0.025430
14.681170 0.024697
14.689922 0.023961
14.698675 0.023224
14.707427 0.022490
14.716179 0.021762
14.724931 0.021043
14.733683 0.020335
14.742436 0.019640
14.751188 0.018960
14.759940 0.018296
14.768692 0.017650
14.777444 0.017023
14.786197 0.016415
14.794949 0.015828
14.803701 0.015261
14.812453 0.014715
14.821205 0.014190
14.829957 0.013686
14.838710 0.013203
14.847462 0.012740
14.856214 0.012297
14.864966 0.011874
14.873718 0.011469
14.882471 0.011084
14.891223 0.010717
14.899975 0.010367
14.908727 0.010033
14.917479 0.009716
14.926232 0.009415
14.934984 0.009128
14.943736 0.008856
14.952488 0.008598
14.961240 0.008353
14.969992 0.008120
14.978745 0.007899
14.987497 0.007690
14.996249 0.007493
15.005001 0.007305
15.013753 0.007128
15.022506 0.006961
15.031258 0.006803
15.040010 0.006654
15.048762 0.006514
15.057514 0.006382
15.066267 0.006258
15.075019 0.006141
15.083771 0.006032
15.092523 0.005930
15.101275 0.005834
15.110028 0.005746
15.118780 0.005663
15.127532 0.005586
15.136284 0.005515
15.145036 0.005450
15.153788 0.005390
15.162541 0.005334
15.171293 0.005284
15.180045 0.005237
15.188797 0.005195
15.197549 0.005156
15.206302 0.005121
15.215054 0.005089
15.223806 0.005060
15.232558 0.005033
15.241310 0.005008
15.250063 0.004985
15.258815 0.004963
15.267567 0.004942
15.276319 0.004922
15.285071 0.004902
15.293823 0.004882
15.302576 0.004861
15.311328 0.004840
15.320080 0.004817
15.328832 0.004793
15.337584 0.004767
15.346337 0.004739
15.355089 0.004709
15.363841 0.004676
15.372593 0.004641
15.381345 0.004603
15.390098 0.004562
15.398850 0.004518
15.407602 0.004471
15.416354 0.004421
15.425106 0.004368
15.433858 0.004312
15.442611 0.004254
15.451363 0.004193
15.460115 0.004129
15.468867 0.004063
15.477619 0.003996
15.486372 0.003926
15.495124 0.003855
15.503876 0.003783
15.512628 0.003709
15.521380 0.003635
15.530133 0.003560
15.538885 0.003485
15.547637 0.003410
15.556389 0.003335
15.565141 0.003261
15.573893 0.003187
15.582646 0.003114
15.591398 0.003042
15.600150 0.002972
15.608902 0.002902
15.617654 0.002834
15.626407 0.002767
15.635159 0.002702
15.643911 0.002639
15.652663 0.002577
15.661415 0.002517
15.670168 0.002459
15.678920 0.002402
15.687672 0.002348
15.696424 0.002295
15.705176 0.002244
15.713928 0.002194
15.722681 0.002146
15.731433 0.002100
15.740185 0.002056
15.748937 0.002013
15.757689 0.001971
15.766442 0.001931
15.775194 0.001893
15.783946 0.001856
15.792698 0.001820
15.801450 0.001785
15.810203 0.001752
15.818955 0.001720
15.827707 0.001689
15.836459 0.001658
15.845211 0.001629
15.853963 0.001601
15.862716 0.001574
15.871468 0.001548
15.880220 0.001523
15.888972 0.001498
15.897724 0.001475
15.906477 0.001452
15.915229 0.001430
15.923981 0.001408
15.932733 0.001387
15.941485 0.001367
15.950238 0.001347
15.958990 0.001328
15.967742 0.001310
15.976494 0.001292
15.985246 0.001275
15.993998 0.001258
16.002751 0.001242
16.011503 0.001226
16.020255 0.001210
16.029007 0.001195
16.037759 0.001181
16.046512 0.001166
16.055264 0.001153
16.064016 0.001139
16.072768 0.001126
16.081520 0.001114
16.090273 0.001101
16.099025 0.001090
16.107777 0.001078
16.116529 0.001067
16.125281 0.001056
16.134034 0.001045
16.142786 0.001035
16.151538 0.001025
16.160290 0.001015
16.169042 0.001006
16.177794 0.000997
16.186547 0.000988
16.195299 0.000979
16.204051 0.000971
16.212803 0.000963
16.221555 0.000956
16.230308 0.000948
16.239060 0.000941
16.247812 0.000934
16.256564 0.000928
16.265316 0.000922
16.274069 0.000916
16.282821 0.000910
16.291573 0.000905
16.300325 0.000900
16.309077 0.000895
16.317829 0.000891
16.326582 0.000887
16.335334 0.000883
16.344086 0.000879
16.352838 0.000876
16.361590 0.000873
16.370343 0.000871
16.379095 0.000868
16.387847 0.000866
16.396599 0.000865
16.405351 0.000864
16.414104 0.000863
16.422856 0.000862
16.431608 0.000862
16.440360 0.000862
16.449112 0.000862
16.457864 0.000862
16.466617 0.000863
16.475369 0.000864
16.484121 0.000866
16.492873 0.000867
16.501625 0.000869
16.510378 0.000871
16.519130 0.000873
16.527882 0.000875
16.536634 0.000877
16.545386 0.000880
16.554139 0.000882
16.562891 0.000884
16.571643 0.000886
16.580395 0.000889
16.589147 0.000890
16.597899 0.000892
16.606652 0.000893
16.615404 0.000894
16.624156 0.000895
16.632908 0.000895
16.641660 0.000895
16.650413 0.000895
16.659165 0.000893
16.667917 0.000892
16.676669 0.000890
16.685421 0.000887
16.694174 0.000883
16.702926 0.000879
16.711678 0.000875
16.720430 0.000870
16.729182 0.000864
16.737934 0.000858
16.746687 0.000851
16.755439 0.000843
16.764191 0.000835
16.772943 0.000827
16.781695 0.000818
16.790448 0.000809
16.799200 0.000799
16.807952 0.000789
16.816704 0.000779
16.825456 0.000769
16.834209 0.000758
16.842961 0.000747
16.851713 0.000736
16.860465 0.000725
16.869217 0.000715
16.877969 0.000704
16.886722 0.000693
16.895474 0.000682
16.904226 0.000671
16.912978 0.000661
16.921730 0.000650
16.930483 0.000640
16.939235 0.000630
16.947987 0.000620
16.956739 0.000611
16.965491 0.000601
16.974244 0.000592
16.982996 0.000583
16.991748 0.000575
17.000500 0.000566
17.009252 0.000558
17.018005 0.000550
17.026757 0.000543
17.035509 0.000535
17.044261 0.000528
17.053013 0.000521
17.061765 0.000514
17.070518 0.000508
17.079270 0.000502
17.088022 0.000495
17.096774 0.000489
17.105526 0.000484
17.114279 0.000478
17.123031 0.000473
17.131783 0.000467
17.140535 0.000462
17.149287 0.000457
17.158040 0.000453
17.166792 0.000448
17.175544 0.000443
17.184296 0.000439
17.193048 0.000435
17.201800 0.000430
17.210553 0.000426
17.219305 0.000422
17.228057 0.000418
17.236809 0.000415
17.245561 0.000411
17.254314 0.000407
17.263066 0.000404
17.271818 0.000400
17.280570 0.000397
17.289322 0.000394
17.298075 0.000391
17.306827 0.000387
17.315579 0.000384
17.324331 0.000381
17.333083 0.000378
17.341835 0.000375
17.350588 0.000373
17.359340 0.000370
17.368092 0.000367
17.376844 0.000364
17.385596 0.000362
17.394349 0.000359
17.403101 0.000357
17.411853 0.000354
17.420605 0.000352
17.429357 0.000349
17.438110 0.000347
17.446862 0.000344
17.455614 0.000342
17.464366 0.000340
17.473118 0.000338
17.481870 0.000335
17.490623 0.000333
17.499375 0.000331
17.508127 0.000329
17.516879 0.000327
17.525631 0.000325
17.534384 0.000323
17.543136 0.000321
17.551888 0.000319
17.560640 0.000317
17.569392 0.000315
17.578145 0.000313
17.586897 0.000311
17.595649 0.000309
17.604401 0.000307
17.613153 0.000306
17.621905 0.000304
17.630658 0.000302
17.639410 0.000300
17.648162 0.000299
17.656914 0.000297
17.665666 0.000295
17.674419 0.000294
17.683171 0.000292
17.691923 0.000290
17.700675 0.000289
17.709427 0.000287
17.718180 0.000286
17.726932 0.000284
17.735684 0.000283
17.744436 0.000281
17.753188 0.000279
17.761940 0.000278
17.770693 0.000277
17.779445 0.000275
17.788197 0.000274
17.796949 0.000272
17.805701 0.000271
17.814454 0.000269
17.823206 0.000268
17.831958 0.000267
17.840710 0.000265
17.849462 0.000264
17.858215 0.000263
17.866967 0.000261
17.875719 0.000260
17.884471 0.000259
17.893223 0.000258
17.901975 0.000256
17.910728 0.000255
17.919480 0.000254
17.928232 0.000253
17.936984 0.000251
17.945736 0.000250
17.954489 0.000249
17.963241 0.000248
17.971993 0.000247
17.980745 0.000245
17.989497 0.000244
17.998250 0.000243
18.007002 0.000242
18.015754 0.000241
18.024506 0.000240
18.033258 0.000239
18.042011 0.000238
18.050763 0.000237
18.059515 0.000236
18.068267 0.000234
18.077019 0.000233
18.085771 0.000232
18.094524 0.000231
18.103276 0.000230
18.112028 0.000229
18.120780 0.000228
18.129532 0.000227
18.138285 0.000226
18.147037 0.000225
18.155789 0.000224
18.164541 0.000223
18.173293 0.000223
18.182046 0.000222
18.190798 0.000221
18.199550 0.000220
18.208302 0.000219
18.217054 0.000218
18.225806 0.000217
18.234559 0.000216
18.243311 0.000215
18.252063 0.000214
18.260815 0.000214
18.269567 0.000213
18.278320 0.000212
18.287072 0.000211
18.295824 0.000210
18.304576 0.000209
18.313328 0.000208
18.322081 0.000208
18.330833 0.000207
18.339585 0.000206
18.348337 0.000205
18.357089 0.000204
18.365841 0.000204
18.374594 0.000203
18.383346 0.000202
18.392098 0.000201
18.400850 0.000201
18.409602 0.000200
18.418355 0.000199
18.427107 0.000198
18.435859 0.000198
18.444611 0.000197
18.453363 0.000196
18.462116 0.000195
18.470868 0.000195
18.479620 0.000194
18.488372 0.000193
18.497124 0.000193
18.505876 0.000192
18.514629 0.000191
18.523381 0.000191
18.532133 0.000190
18.540885 0.000189
18.549637 0.000189
18.558390 0.000188
18.567142 0.000187
18.575894 0.000187
18.584646 0.000186
18.593398 0.000185
18.602151 0.000185
18.610903 0.000184
18.619655 0.000184
18.628407 0.000183
18.637159 0.000182
18.645911 0.000182
18.654664 0.000181
18.663416 0.000181
18.672168 0.000180
18.680920 0.000180
18.689672 0.000179
18.698425 0.000178
18.707177 0.000178
18.715929 0.000177
18.724681 0.000177
18.733433 0.000176
18.742186 0.000176
18.750938 0.000175
18.759690 0.000175
18.768442 0.000174
18.777194 0.000174
18.785946 0.000173
18.794699 0.000173
18.803451 0.000172
18.812203 0.000172
18.820955 0.000171
18.829707 0.000171
18.838460 0.000170
18.847212 0.000170
18.855964 0.000169
18.864716 0.000169
18.873468 0.000169
18.882221 0.000168
18.890973 0.000168
18.899725 0.000167
18.908477 0.000167
18.917229 0.000166
18.925981 0.000166
18.934734 0.000166
18.943486 0.000165
18.952238 0.000165
18.960990 0.000164
18.969742 0.000164
18.978495 0.000164
18.987247 0.000163
18.995999 0.000163
19.004751 0.000163
19.013503 0.000162
19.022256 0.000162
19.031008 0.000161
19.039760 0.000161
19.048512 0.000161
19.057264 0.000161
19.066017 0.000160
19.074769 0.000160
19.083521 0.000160
19.092273 0.000159
19.101025 0.000159
19.109777 0.000159
19.118530 0.000158
19.127282 0.000158
19.136034 0.000158
19.144786 0.000158
19.153538 0.000157
19.162291 0.000157
19.171043 0.000157
19.179795 0.000157
19.188547 0.000157
19.197299 0.000156
19.206052 0.000156
19.214804 0.000156
19.223556 0.000156
19.232308 0.000156
19.241060 0.000155
19.249812 0.000155
19.258565 0.000155
19.267317 0.000155
19.276069 0.000155
19.284821 0.000155
19.293573 0.000155
19.302326 0.000154
19.311078 0.000154
19.319830 0.000154
19.328582 0.000154
19.337334 0.000154
19.346087 0.000154
19.354839 0.000154
19.363591 0.000154
19.372343 0.000154
19.381095 0.000154
19.389847 0.000154
19.398600 0.000154
19.407352 0.000154
19.416104 0.000154
19.424856 0.000154
19.433608 0.000154
19.442361 0.000154
19.451113 0.000154
19.459865 0.000154
19.468617 0.000155
19.477369 0.000155
19.486122 0.000155
19.494874 0.000155
19.503626 0.000155
19.512378 0.000155
19.521130 0.000156
19.529882 0.000156
19.538635 0.000156
19.547387 0.000156
19.556139 0.000157
19.564891 0.000157
19.573643 0.000157
19.582396 0.000158
19.591148 0.000158
19.599900 0.000159
19.608652 0.000159
19.617404 0.000159
19.626157 0.000160
19.634909 0.000161
19.643661 0.000161
19.652413 0.000162
19.661165 0.000162
19.669917 0.000163
19.678670 0.000164
19.687422 0.000164
19.696174 0.000165
19.704926 0.000166
19.713678 0.000167
19.722431 0.000167
19.731183 0.000168
19.739935 0.000169
19.748687 0.000170
19.757439 0.000171
19.766192 0.000172
19.774944 0.000174
19.783696 0.000175
19.792448 0.000176
19.801200 0.000177
19.809952 0.000179
19.818705 0.000180
19.827457 0.000182
19.836209 0.000183
19.844961 0.000185
19.853713 0.000186
19.862466 0.000188
19.871218 0.000190
19.879970 0.000192
19.888722 0.000194
19.897474 0.000196
19.906227 0.000198
19.914979 0.000201
19.923731 0.000203
19.932483 0.000206
19.941235 0.000208
19.949987 0.000211
19.958740 0.000214
19.967492 0.000217
19.976244 0.000220
19.984996 0.000223
19.993748 0.000227
20.002501 0.000230
20.011253 0.000234
20.020005 0.000238
20.028757 0.000242
20.037509 0.000246
20.046262 0.000251
20.055014 0.000256
20.063766 0.000261
20.072518 0.000266
20.081270 0.000272
20.090023 0.000277
20.098775 0.000283
20.107527 0.000290
20.116279 0.000296
20.125031 0.000303
20.133783 0.000311
20.142536 0.000318
20.151288 0.000326
20.160040 0.000334
20.168792 0.000343
20.177544 0.000352
20.186297 0.000362
20.195049 0.000371
20.203801 0.000382
20.212553 0.000392
20.221305 0.000403
20.230058 0.000415
20.238810 0.000426
20.247562 0.000438
20.256314 0.000451
20.265066 0.000464
20.273818 0.000477
20.282571 0.000490
20.291323 0.000503
20.300075 0.000517
20.308827 0.000531
20.317579 0.000545
20.326332 0.000560
20.335084 0.000574
20.343836 0.000588
20.352588 0.000602
20.361340 0.000616
20.370093 0.000630
20.378845 0.000643
20.387597 0.000657
20.396349 0.000669
20.405101 0.000682
20.413853 0.000694
20.422606 0.000705
20.431358 0.000715
20.440110 0.000725
20.448862 0.000734
20.457614 0.000742
20.466367 0.000749
20.475119 0.000756
20.483871 0.000761
20.492623 0.000765
20.501375 0.000768
20.510128 0.000770
20.518880 0.000771
20.527632 0.000770
20.536384 0.000769
20.545136 0.000766
20.553888 0.000762
20.562641 0.000757
20.571393 0.000751
20.580145 0.000744
20.588897 0.000736
20.597649 0.000727
20.606402 0.000718
20.615154 0.000707
20.623906 0.000695
20.632658 0.000683
20.641410 0.000670
20.650163 0.000657
20.658915 0.000643
20.667667 0.000629
20.676419 0.000614
20.685171 0.000600
20.693923 0.000585
20.702676 0.000570
20.711428 0.000554
20.720180 0.000539
20.728932 0.000524
20.737684 0.000509
20.746437 0.000495
20.755189 0.000480
20.763941 0.000466
20.772693 0.000452
20.781445 0.000438
20.790198 0.000425
20.798950 0.000412
20.807702 0.000399
20.816454 0.000387
20.825206 0.000375
20.833958 0.000364
20.842711 0.000353
20.851463 0.000342
20.860215 0.000332
20.868967 0.000322
20.877719 0.000313
20.886472 0.000304
20.895224 0.000295
20.903976 0.000287
20.912728 0.000279
20.921480 0.000272
20.930233 0.000265
20.938985 0.000258
20.947737 0.000251
20.956489 0.000245
20.965241 0.000239
20.973993 0.000233
20.982746 0.000227
20.991498 0.000222
21.000250 0.000217
21.009002 0.000212
21.017754 0.000208
21.026507 0.000203
21.035259 0.000199
21.044011 0.000195
21.052763 0.000191
21.061515 0.000187
21.070268 0.000184
21.079020 0.000180
21.087772 0.000177
21.096524 0.000174
21.105276 0.000171
21.114029 0.000168
21.122781 0.000165
21.131533 0.000162
21.140285 0.000160
21.149037 0.000157
21.157789 0.000155
21.166542 0.000153
21.175294 0.000150
21.184046 0.000148
21.192798 0.000146
21.201550 0.000144
21.210303 0.000142
21.219055 0.000140
21.227807 0.000138
21.236559 0.000137
21.245311 0.000135
21.254064 0.000133
21.262816 0.000132
21.271568 0.000130
21.280320 0.000129
21.289072 0.000127
21.297824 0.000126
21.306577 0.000124
21.315329 0.000123
21.324081 0.000122
21.332833 0.000121
21.341585 0.000119
21.350338 0.000118
21.359090 0.000117
21.367842 0.000116
21.376594 0.000115
21.385346 0.000114
21.394099 0.000113
21.402851 0.000112
21.411603 0.000111
21.420355 0.000110
21.429107 0.000109
21.437859 0.000108
21.446612 0.000107
21.455364 0.000106
21.464116 0.000105
21.472868 0.000104
21.481620 0.000103
21.490373 0.000103
21.499125 0.000102
21.507877 0.000101
21.516629 0.000100
21.525381 0.000100
21.534134 0.000099
21.542886 0.000098
21.551638 0.000098
21.560390 0.000097
21.569142 0.000096
21.577894 0.000096
21.586647 0.000095
21.595399 0.000094
21.604151 0.000094
21.612903 0.000093
21.621655 0.000093
21.630408 0.000092
21.639160 0.000091
21.647912 0.000091
21.656664 0.000090
21.665416 0.000090
21.674169 0.000089
21.682921 0.000089
21.691673 0.000088
21.700425 0.000088
21.709177 0.000087
21.717929 0.000087
21.726682 0.000086
21.735434 0.000086
21.744186 0.000085
21.752938 0.000085
21.761690 0.000084
21.770443 0.000084
21.779195 0.000084
21.787947 0.000083
21.796699 0.000083
21.805451 0.000082
21.814204 0.000082
21.822956 0.000081
21.831708 0.000081
21.840460 0.000081
21.849212 0.000080
21.857964 0.000080
21.866717 0.000080
21.875469 0.000079
21.884221 0.000079
21.892973 0.000078
21.901725 0.000078
21.910478 0.000078
21.919230 0.000077
21.927982 0.000077
21.936734 0.000077
21.945486 0.000076
21.954239 0.000076
21.962991 0.000076
21.971743 0.000075
21.980495 0.000075
21.989247 0.000075
21.997999 0.000075
22.006752 0.000074
22.015504 0.000074
22.024256 0.000074
22.033008 0.000073
22.041760 0.000073
22.050513 0.000073
22.059265 0.000072
22.068017 0.000072
22.076769 0.000072
22.085521 0.000072
22.094274 0.000071
22.103026 0.000071
22.111778 0.000071
22.120530 0.000071
22.129282 0.000070
22.138035 0.000070
22.146787 0.000070
22.155539 0.000070
22.164291 0.000069
22.173043 0.000069
22.181795 0.000069
22.190548 0.000069
22.199300 0.000068
22.208052 0.000068
22.216804 0.000068
22.225556 0.000068
22.234309 0.000067
22.243061 0.000067
22.251813 0.000067
22.260565 0.000067
22.269317 0.000067
22.278070 0.000066
22.286822 0.000066
22.295574 0.000066
22.304326 0.000066
22.313078 0.000065
22.321830 0.000065
22.330583 0.000065
22.339335 0.000065
22.348087 0.000065
22.356839 0.000064
22.365591 0.000064
22.374344 0.000064
22.383096 0.000064
22.391848 0.000064
22.400600 0.000063
22.409352 0.000063
22.418105 0.000063
22.426857 0.000063
22.435609 0.000063
22.444361 0.000062
22.453113 0.000062
22.461865 0.000062
22.470618 0.000062
22.479370 0.000062
22.488122 0.000062
22.496874 0.000061
22.505626 0.000061
22.514379 0.000061
22.523131 0.000061
22.531883 0.000061
22.540635 0.000061
22.549387 0.000060
22.558140 0.000060
22.566892 0.000060
22.575644 0.000060
22.584396 0.000060
22.593148 0.000059
22.601900 0.000059
22.610653 0.000059
22.619405 0.000059
22.628157 0.000059
22.636909 0.000059
22.645661 0.000059
22.654414 0.000058
22.663166 0.000058
22.671918 0.000058
22.680670 0.000058
22.689422 0.000058
22.698175 0.000058
22.706927 0.000057
22.715679 0.000057
22.724431 0.000057
22.733183 0.000057
22.741935 0.000057
22.750688 0.000057
22.759440 0.000057
22.768192 0.000056
22.776944 0.000056
22.785696 0.000056
22.794449 0.000056
22.803201 0.000056
22.811953 0.000056
22.820705 0.000056
22.829457 0.000055
22.838210 0.000055
22.846962 0.000055
22.855714 0.000055
22.864466 0.000055
22.873218 0.000055
22.881970 0.000055
22.890723 0.000054
22.899475 0.000054
22.908227 0.000054
22.916979 0.000054
22.925731 0.000054
22.934484 0.000054
22.943236 0.000054
22.951988 0.000054
22.960740 0.000053
22.969492 0.000053
22.978245 0.000053
22.986997 0.000053
22.995749 0.000053
23.004501 0.000053
23.013253 0.000053
23.022006 0.000053
23.030758 0.000052
23.039510 0.000052
23.048262 0.000052
23.057014 0.000052
23.065766 0.000052
23.074519 0.000052
23.083271 0.000052
23.092023 0.000052
23.100775 0.000051
23.109527 0.000051
23.118280 0.000051
23.127032 0.000051
23.135784 0.000051
23.144536 0.000051
23.153288 0.000051
23.162041 0.000051
23.170793 0.000051
23.179545 0.000050
23.188297 0.000050
23.197049 0.000050
23.205801 0.000050
23.214554 0.000050
23.223306 0.000050
23.232058 0.000050
23.240810 0.000050
23.249562 0.000050
23.258315 0.000049
23.267067 0.000049
23.275819 0.000049
23.284571 0.000049
23.293323 0.000049
23.302076 0.000049
23.310828 0.000049
23.319580 0.000049
23.328332 0.000049
23.337084 0.000048
23.345836 0.000048
23.354589 0.000048
23.363341 0.000048
23.372093 0.000048
23.380845 0.000048
23.389597 0.000048
23.398350 0.000048
23.407102 0.000048
23.415854 0.000048
23.424606 0.000047
23.433358 0.000047
23.442111 0.000047
23.450863 0.000047
23.459615 0.000047
23.468367 0.000047
23.477119 0.000047
23.485871 0.000047
23.494624 0.000047
23.503376 0.000047
23.512128 0.000047
23.520880 0.000046
23.529632 0.000046
23.538385 0.000046
23.547137 0.000046
23.555889 0.000046
23.564641 0.000046
23.573393 0.000046
23.582146 0.000046
23.590898 0.000046
23.599650 0.000046
23.608402 0.000045
23.617154 0.000045
23.625906 0.000045
23.634659 0.000045
23.643411 0.000045
23.652163 0.000045
23.660915 0.000045
23.669667 0.000045
23.678420 0.000045
23.687172 0.000045
23.695924 0.000045
23.704676 0.000045
23.713428 0.000044
23.722181 0.000044
23.730933 0.000044
23.739685 0.000044
23.748437 0.000044
23.757189 0.000044
23.765941 0.000044
23.774694 0.000044
23.783446 0.000044
23.792198 0.000044
23.800950 0.000044
23.809702 0.000044
23.818455 0.000043
23.827207 0.000043
23.835959 0.000043
23.844711 0.000043
23.853463 0.000043
23.862216 0.000043
23.870968 0.000043
23.879720 0.000043
23.888472 0.000043
23.897224 0.000043
23.905976 0.000043
23.914729 0.000043
23.923481 0.000042
23.932233 0.000042
23.940985 0.000042
23.949737 0.000042
23.958490 0.000042
23.967242 0.000042
23.975994 0.000042
23.984746 0.000042
23.993498 0.000042
24.002251 0.000042
24.011003 0.000042
24.019755 0.000042
24.028507 0.000042
24.037259 0.000041
24.046012 0.000041
24.054764 0.000041
24.063516 0.000041
24.072268 0.000041
24.081020 0.000041
24.089772 0.000041
24.098525 0.000041
24.107277 0.000041
24.116029 0.000041
24.124781 0.000041
24.133533 0.000041
24.142286 0.000041
24.151038 0.000040
24.159790 0.000040
24.168542 0.000040
24.177294 0.000040
24.186047 0.000040
24.194799 0.000040
24.203551 0.000040
24.212303 0.000040
24.221055 0.000040
24.229807 0.000040
24.238560 0.000040
24.247312 0.000040
24.256064 0.000040
24.264816 0.000040
24.273568 0.000039
24.282321 0.000039
24.291073 0.000039
24.299825 0.000039
24.308577 0.000039
24.317329 0.000039
24.326082 0.000039
24.334834 0.000039
24.343586 0.000039
24.352338 0.000039
24.361090 0.000039
24.369842 0.000039
24.378595 0.000039
24.387347 0.000039
24.396099 0.000039
24.404851 0.000038
24.413603 0.000038
24.422356 0.000038
24.431108 0.000038
24.439860 0.000038
24.448612 0.000038
24.457364 0.000038
24.466117 0.000038
24.474869 0.000038
24.483621 0.000038
24.492373 0.000038
24.501125 0.000038
24.509877 0.000038
24.518630 0.000038
24.527382 0.000038
24.536134 0.000038
24.544886 0.000037
24.553638 0.000037
24.562391 0.000037
24.571143 0.000037
24.579895 0.000037
24.588647 0.000037
24.597399 0.000037
24.606152 0.000037
24.614904 0.000037
24.623656 0.000037
24.632408 0.000037
24.641160 0.000037
24.649912 0.000037
24.658665 0.000037
24.667417 0.000037
24.676169 0.000037
24.684921 0.000036
24.693673 0.000036
24.702426 0.000036
24.711178 0.000036
24.719930 0.000036
24.728682 0.000036
24.737434 0.000036
24.746187 0.000036
24.754939 0.000036
24.763691 0.000036
24.772443 0.000035
24.781195 0.000035
24.789947 0.000035
24.798700 0.000035
24.807452 0.000035
24.816204 0.000034
24.824956 0.000034
24.833708 0.000034
24.842461 0.000033
24.851213 0.000033
24.859965 0.000032
24.868717 0.000032
24.877469 0.000031
24.886222 0.000030
24.894974 0.000030
24.903726 0.000029
24.912478 0.000028
24.921230 0.000027
24.929982 0.000026
24.938735 0.000025
24.947487 0.000024
24.956239 0.000023
24.964991 0.000022
24.973743 0.000021
24.982496 0.000019
24.991248 0.000018

Sticks
-4.039760 0.000001
-3.995999 0.014729
-3.952238 0.028603
-2.525631 0.000042
-2.131783 0.011001
-1.895474 0.008059
-1.790448 0.002458
-1.247812 0.000096
-0.013753 0.000010
2.743186 0.000008
2.900725 0.000005
3.119530 0.000005
3.189547 0.000312
3.399600 0.000844
13.438360 0.025645
14.514879 0.023901
15.390098 0.001597
16.702926 0.000251
20.011253 0.000003
20.440110 0.000169
20.562641 0.000361
