700.000000 0.000118
700.050000 0.000153
700.100000 0.000177
700.150000 0.000191
700.200000 0.000198
700.250000 0.000201
700.300000 0.000203
700.350000 0.000204
700.400000 0.000206
700.450000 0.000207
700.500000 0.000209
700.550000 0.000210
700.600000 0.000212
700.650000 0.000213
700.700000 0.000215
700.750000 0.000216
700.800000 0.000218
700.850000 0.000219
700.900000 0.000221
700.950000 0.000223
701.000000 0.000224
701.050000 0.000226
701.100000 0.000228
701.150000 0.000229
701.200000 0.000231
701.250000 0.000233
701.300000 0.000235
701.350000 0.000236
701.400000 0.000238
701.450000 0.000240
701.500000 0.000242
701.550000 0.000244
701.600000 0.000246
701.650000 0.000247
701.700000 0.000249
701.750000 0.000251
701.800000 0.000253
701.850000 0.000255
701.900000 0.000257
701.950000 0.000260
702.000000 0.000262
702.050000 0.000264
702.100000 0.000266
702.150000 0.000268
702.200000 0.000270
702.250000 0.000273
702.300000 0.000275
702.350000 0.000277
702.400000 0.000279
702.450000 0.000282
702.500000 0.000284
702.550000 0.000287
702.600000 0.000289
702.650000 0.000292
702.700000 0.000294
702.750000 0.000297
702.800000 0.000299
702.850000 0.000302
702.900000 0.000305
702.950000 0.000307
703.000000 0.000310
703.050000 0.000313
703.100000 0.000316
703.150000 0.000319
703.200000 0.000321
703.250000 0.000324
703.300000 0.000327
703.350000 0.000330
703.400000 0.000333
703.450000 0.000337
703.500000 0.000340
703.550000 0.000343
703.600000 0.000346
703.650000 0.000350
703.700000 0.000353
703.750000 0.000356
703.800000 0.000360
703.850000 0.000363
703.900000 0.000367
703.950000 0.000371
704.000000 0.000374
704.050000 0.000378
704.100000 0.000382
704.150000 0.000386
704.200000 0.000390
704.250000 0.000394
704.300000 0.000398
704.350000 0.000402
704.400000 0.000406
704.450000 0.000411
704.500000 0.000415
704.550000 0.000419
704.600000 0.000424
704.650000 0.000429
704.700000 0.000433
704.750000 0.000438
704.800000 0.000443
704.850000 0.000448
704.900000 0.000453
704.950000 0.000458
705.000000 0.000463
705.050000 0.000468
705.100000 0.000474
705.150000 0.000479
705.200000 0.000485
705.250000 0.000491
705.300000 0.000497
705.350000 0.000502
705.400000 0.000509
705.450000 0.000515
705.500000 0.000521
705.550000 0.000527
705.600000 0.000534
705.650000 0.000541
705.700000 0.000548
705.750000 0.000555
705.800000 0.000562
705.850000 0.000569
705.900000 0.000576
705.950000 0.000584
706.000000 0.000592
706.050000 0.000600
706.100000 0.000608
706.150000 0.000616
706.200000 0.000625
706.250000 0.000633
706.300000 0.000642
706.350000 0.000651
706.400000 0.000660
706.450000 0.000670
706.500000 0.000680
706.550000 0.000690
706.600000 0.000700
706.650000 0.000710
706.700000 0.000721
706.750000 0.000732
706.800000 0.000743
706.850000 0.000755
706.900000 0.000767
706.950000 0.000779
707.000000 0.000792
707.050000 0.000805
707.100000 0.000818
707.150000 0.000832
707.200000 0.000846
707.250000 0.000860
707.300000 0.000875
707.350000 0.000890
707.400000 0.000906
707.450000 0.000923
707.500000 0.000939
707.550000 0.000957
707.600000 0.000975
707.650000 0.000993
707.700000 0.001012
707.750000 0.001032
707.800000 0.001053
707.850000 0.001074
707.900000 0.001096
707.950000 0.001119
708.000000 0.001143
708.050000 0.001167
708.100000 0.001193
708.150000 0.001220
708.200000 0.001247
708.250000 0.001276
708.300000 0.001307
708.350000 0.001338
708.400000 0.001371
708.450000 0.001406
708.500000 0.001442
708.550000 0.001480
708.600000 0.001520
708.650000 0.001562
708.700000 0.001607
708.750000 0.001654
708.800000 0.001703
708.850000 0.001756
708.900000 0.001812
708.950000 0.001871
709.000000 0.001935
709.050000 0.002003
709.100000 0.002076
709.150000 0.002154
709.200000 0.002238
709.250000 0.002329
709.300000 0.002428
709.350000 0.002535
709.400000 0.002652
709.450000 0.002779
709.500000 0.002919
709.550000 0.003072
709.600000 0.003240
709.650000 0.003425
709.700000 0.003629
709.750000 0.003852
709.800000 0.004097
709.850000 0.004364
709.900000 0.004652
709.950000 0.004960
710.000000 0.005282
710.050000 0.005612
710.100000 0.005941
710.150000 0.006255
710.200000 0.006543
710.250000 0.006789
710.300000 0.006982
710.350000 0.007116
710.400000 0.007189
710.450000 0.007206
710.500000 0.007175
710.550000 0.007111
710.600000 0.007029
710.650000 0.006942
710.700000 0.006862
710.750000 0.006799
710.800000 0.006759
710.850000 0.006744
710.900000 0.006757
710.950000 0.006796
711.000000 0.006860
711.050000 0.006948
711.100000 0.007058
711.150000 0.007189
711.200000 0.007341
711.250000 0.007513
711.300000 0.007707
711.350000 0.007925
711.400000 0.008169
711.450000 0.008441
711.500000 0.008745
711.550000 0.009085
711.600000 0.009464
711.650000 0.009887
711.700000 0.010358
711.750000 0.010880
711.800000 0.011460
711.850000 0.012102
711.900000 0.012813
711.950000 0.013599
712.000000 0.014468
712.050000 0.015427
712.100000 0.016482
712.150000 0.017640
712.200000 0.018903
712.250000 0.020271
712.300000 0.021740
712.350000 0.023300
712.400000 0.024935
712.450000 0.026622
712.500000 0.028335
712.550000 0.030044
712.600000 0.031718
712.650000 0.033330
712.700000 0.034858
712.750000 0.036291
712.800000 0.037625
712.850000 0.038866
712.900000 0.040029
712.950000 0.041138
713.000000 0.042220
713.050000 0.043307
713.100000 0.044429
713.150000 0.045608
713.200000 0.046858
713.250000 0.048173
713.300000 0.049529
713.350000 0.050880
713.400000 0.052162
713.450000 0.053298
713.500000 0.054207
713.550000 0.054815
713.600000 0.055065
713.650000 0.054923
713.700000 0.054383
713.750000 0.053467
713.800000 0.052222
713.850000 0.050716
713.900000 0.049029
713.950000 0.047246
714.000000 0.045448
714.050000 0.043708
714.100000 0.042082
714.150000 0.040612
714.200000 0.039324
714.250000 0.038228
714.300000 0.037321
714.350000 0.036591
714.400000 0.036019
714.450000 0.035582
714.500000 0.035253
714.550000 0.035005
714.600000 0.034814
714.650000 0.034654
714.700000 0.034503
714.750000 0.034340
714.800000 0.034149
714.850000 0.033913
714.900000 0.033620
714.950000 0.033260
715.000000 0.032825
715.050000 0.032311
715.100000 0.031715
715.150000 0.031039
715.200000 0.030288
715.250000 0.029472
715.300000 0.028601
715.350000 0.027688
715.400000 0.026746
715.450000 0.025791
715.500000 0.024834
715.550000 0.023889
715.600000 0.022965
715.650000 0.022070
715.700000 0.021211
715.750000 0.020387
715.800000 0.019596
715.850000 0.018836
715.900000 0.018101
715.950000 0.017388
716.000000 0.016696
716.050000 0.016027
716.100000 0.015385
716.150000 0.014773
716.200000 0.014196
716.250000 0.013657
716.300000 0.013158
716.350000 0.012700
716.400000 0.012283
716.450000 0.011906
716.500000 0.011566
716.550000 0.011260
716.600000 0.010986
716.650000 0.010739
716.700000 0.010515
716.750000 0.010311
716.800000 0.010123
716.850000 0.009948
716.900000 0.009782
716.950000 0.009623
717.000000 0.009467
717.050000 0.009309
717.100000 0.009147
717.150000 0.008978
717.200000 0.008798
717.250000 0.008606
717.300000 0.008402
717.350000 0.008185
717.400000 0.007957
717.450000 0.007721
717.500000 0.007481
717.550000 0.007239
717.600000 0.006998
717.650000 0.006760
717.700000 0.006527
717.750000 0.006298
717.800000 0.006074
717.850000 0.005855
717.900000 0.005643
717.950000 0.005437
718.000000 0.005240
718.050000 0.005052
718.100000 0.004875
718.150000 0.004709
718.200000 0.004555
718.250000 0.004411
718.300000 0.004277
718.350000 0.004153
718.400000 0.004037
718.450000 0.003928
718.500000 0.003826
718.550000 0.003729
718.600000 0.003638
718.650000 0.003552
718.700000 0.003470
718.750000 0.003392
718.800000 0.003319
718.850000 0.003249
718.900000 0.003182
718.950000 0.003118
719.000000 0.003057
719.050000 0.002998
719.100000 0.002940
719.150000 0.002884
719.200000 0.002828
719.250000 0.002773
719.300000 0.002720
719.350000 0.002667
719.400000 0.002616
719.450000 0.002568
719.500000 0.002522
719.550000 0.002479
719.600000 0.002440
719.650000 0.002405
719.700000 0.002373
719.750000 0.002345
719.800000 0.002320
719.850000 0.002299
719.900000 0.002282
719.950000 0.002267
720.000000 0.002255
720.050000 0.002245
720.100000 0.002237
720.150000 0.002232
720.200000 0.002230
720.250000 0.002229
720.300000 0.002231
720.350000 0.002235
720.400000 0.002241
720.450000 0.002249
720.500000 0.002258
720.550000 0.002268
720.600000 0.002279
720.650000 0.002289
720.700000 0.002298
720.750000 0.002306
720.800000 0.002313
720.850000 0.002319
720.900000 0.002324
720.950000 0.002330
721.000000 0.002335
721.050000 0.002342
721.100000 0.002351
721.150000 0.002361
721.200000 0.002375
721.250000 0.002392
721.300000 0.002412
721.350000 0.002435
721.400000 0.002463
721.450000 0.002494
721.500000 0.002530
721.550000 0.002570
721.600000 0.002615
721.650000 0.002666
721.700000 0.002722
721.750000 0.002785
721.800000 0.002856
721.850000 0.002934
721.900000 0.003023
721.950000 0.003121
722.000000 0.003232
722.050000 0.003357
722.100000 0.003497
722.150000 0.003655
722.200000 0.003832
722.250000 0.004030
722.300000 0.004252
722.350000 0.004500
722.400000 0.004776
722.450000 0.005079
722.500000 0.005410
722.550000 0.005767
722.600000 0.006144
722.650000 0.006534
722.700000 0.006924
722.750000 0.007301
722.800000 0.007645
722.850000 0.007938
722.900000 0.008163
722.950000 0.008308
723.000000 0.008366
723.050000 0.008341
723.100000 0.008241
723.150000 0.008083
723.200000 0.007886
723.250000 0.007670
723.300000 0.007451
723.350000 0.007245
723.400000 0.007063
723.450000 0.006912
723.500000 0.006797
723.550000 0.006721
723.600000 0.006684
723.650000 0.006687
723.700000 0.006729
723.750000 0.006809
723.800000 0.006928
723.850000 0.007084
723.900000 0.007277
723.950000 0.007504
724.000000 0.007766
724.050000 0.008060
724.100000 0.008384
724.150000 0.008738
724.200000 0.009122
724.250000 0.009537
724.300000 0.009986
724.350000 0.010472
724.400000 0.011003
724.450000 0.011584
724.500000 0.012225
724.550000 0.012934
724.600000 0.013717
724.650000 0.014581
724.700000 0.015528
724.750000 0.016559
724.800000 0.017670
724.850000 0.018853
724.900000 0.020096
724.950000 0.021383
725.000000 0.022695
725.050000 0.024011
725.100000 0.025311
725.150000 0.026583
725.200000 0.027819
725.250000 0.029022
725.300000 0.030202
725.350000 0.031377
725.400000 0.032564
725.450000 0.033778
725.500000 0.035023
725.550000 0.036288
725.600000 0.037546
725.650000 0.038753
725.700000 0.039851
725.750000 0.040774
725.800000 0.041456
725.850000 0.041843
725.900000 0.041900
725.950000 0.041615
726.000000 0.041005
726.050000 0.040104
726.100000 0.038964
726.150000 0.037644
726.200000 0.036203
726.250000 0.034701
726.300000 0.033187
726.350000 0.031706
726.400000 0.030293
726.450000 0.028977
726.500000 0.027775
726.550000 0.026698
726.600000 0.025749
726.650000 0.024926
726.700000 0.024223
726.750000 0.023630
726.800000 0.023135
726.850000 0.022726
726.900000 0.022385
726.950000 0.022090
727.000000 0.021818
727.050000 0.021542
727.100000 0.021239
727.150000 0.020888
727.200000 0.020477
727.250000 0.020002
727.300000 0.019472
727.350000 0.018900
727.400000 0.018308
727.450000 0.017715
727.500000 0.017140
727.550000 0.016596
727.600000 0.016090
727.650000 0.015622
727.700000 0.015189
727.750000 0.014781
727.800000 0.014391
727.850000 0.014010
727.900000 0.013631
727.950000 0.013249
728.000000 0.012862
728.050000 0.012467
728.100000 0.012064
728.150000 0.011652
728.200000 0.011231
728.250000 0.010801
728.300000 0.010365
728.350000 0.009924
728.400000 0.009484
728.450000 0.009049
728.500000 0.008626
728.550000 0.008218
728.600000 0.007831
728.650000 0.007468
728.700000 0.007130
728.750000 0.006818
728.800000 0.006530
728.850000 0.006263
728.900000 0.006015
728.950000 0.005781
729.000000 0.005559
729.050000 0.005344
729.100000 0.005137
729.150000 0.004934
729.200000 0.004736
729.250000 0.004543
729.300000 0.004355
729.350000 0.004173
729.400000 0.003995
729.450000 0.003823
729.500000 0.003656
729.550000 0.003495
729.600000 0.003338
729.650000 0.003188
729.700000 0.003044
729.750000 0.002907
729.800000 0.002777
729.850000 0.002655
729.900000 0.002540
729.950000 0.002432
730.000000 0.002332
730.050000 0.002239
730.100000 0.002152
730.150000 0.002070
730.200000 0.001995
730.250000 0.001924
730.300000 0.001859
730.350000 0.001797
730.400000 0.001740
730.450000 0.001686
730.500000 0.001636
730.550000 0.001589
730.600000 0.001544
730.650000 0.001502
730.700000 0.001462
730.750000 0.001425
730.800000 0.001390
730.850000 0.001356
730.900000 0.001325
730.950000 0.001295
731.000000 0.001267
731.050000 0.001240
731.100000 0.001215
731.150000 0.001191
731.200000 0.001169
731.250000 0.001147
731.300000 0.001127
731.350000 0.001108
731.400000 0.001089
731.450000 0.001072
731.500000 0.001055
731.550000 0.001039
731.600000 0.001023
731.650000 0.001009
731.700000 0.000995
731.750000 0.000981
731.800000 0.000968
731.850000 0.000956
731.900000 0.000945
731.950000 0.000933
732.000000 0.000923
732.050000 0.000912
732.100000 0.000902
732.150000 0.000893
732.200000 0.000883
732.250000 0.000873
732.300000 0.000863
732.350000 0.000852
732.400000 0.000842
732.450000 0.000830
732.500000 0.000818
732.550000 0.000806
732.600000 0.000792
732.650000 0.000778
732.700000 0.000764
732.750000 0.000749
732.800000 0.000735
732.850000 0.000720
732.900000 0.000705
732.950000 0.000690
733.000000 0.000676
733.050000 0.000662
733.100000 0.000648
733.150000 0.000635
733.200000 0.000622
733.250000 0.000610
733.300000 0.000599
733.350000 0.000588
733.400000 0.000578
733.450000 0.000569
733.500000 0.000560
733.550000 0.000552
733.600000 0.000544
733.650000 0.000537
733.700000 0.000530
733.750000 0.000523
733.800000 0.000516
733.850000 0.000509
733.900000 0.000502
733.950000 0.000496
734.000000 0.000489
734.050000 0.000482
734.100000 0.000475
734.150000 0.000468
734.200000 0.000462
734.250000 0.000455
734.300000 0.000449
734.350000 0.000442
734.400000 0.000436
734.450000 0.000430
734.500000 0.000424
734.550000 0.000419
734.600000 0.000413
734.650000 0.000408
734.700000 0.000403
734.750000 0.000398
734.800000 0.000393
734.850000 0.000388
734.900000 0.000384
734.950000 0.000379
735.000000 0.000375
735.050000 0.000371
735.100000 0.000367
735.150000 0.000363
735.200000 0.000360
735.250000 0.000356
735.300000 0.000352
735.350000 0.000348
735.400000 0.000344
735.450000 0.000341
735.500000 0.000337
735.550000 0.000333
735.600000 0.000330
735.650000 0.000326
735.700000 0.000322
735.750000 0.000319
735.800000 0.000315
735.850000 0.000312
735.900000 0.000309
735.950000 0.000306
736.000000 0.000303
736.050000 0.000300
736.100000 0.000297
736.150000 0.000294
736.200000 0.000291
736.250000 0.000288
736.300000 0.000285
736.350000 0.000283
736.400000 0.000280
736.450000 0.000278
736.500000 0.000275
736.550000 0.000273
736.600000 0.000270
736.650000 0.000268
736.700000 0.000265
736.750000 0.000263
736.800000 0.000260
736.850000 0.000258
736.900000 0.000255
736.950000 0.000253
737.000000 0.000250
737.050000 0.000248
737.100000 0.000245
737.150000 0.000243
737.200000 0.000240
737.250000 0.000238
737.300000 0.000236
737.350000 0.000234
737.400000 0.000232
737.450000 0.000229
737.500000 0.000227
737.550000 0.000225
737.600000 0.000224
737.650000 0.000222
737.700000 0.000220
737.750000 0.000218
737.800000 0.000216
737.850000 0.000214
737.900000 0.000213
737.950000 0.000211
738.000000 0.000209
738.050000 0.000208
738.100000 0.000206
738.150000 0.000205
738.200000 0.000203
738.250000 0.000202
738.300000 0.000200
738.350000 0.000199
738.400000 0.000197
738.450000 0.000196
738.500000 0.000194
738.550000 0.000193
738.600000 0.000191
738.650000 0.000190
738.700000 0.000189
738.750000 0.000187
738.800000 0.000186
738.850000 0.000184
738.900000 0.000183
738.950000 0.000182
739.000000 0.000180
739.050000 0.000179
739.100000 0.000178
739.150000 0.000176
739.200000 0.000175
739.250000 0.000174
739.300000 0.000173
739.350000 0.000171
739.400000 0.000170
739.450000 0.000169
739.500000 0.000168
739.550000 0.000167
739.600000 0.000166
739.650000 0.000165
739.700000 0.000163
739.750000 0.000162
739.800000 0.000161
739.850000 0.000160
739.900000 0.000159
739.950000 0.000158
740.000000 0.000157
740.050000 0.000156
740.100000 0.000155
740.150000 0.000154
740.200000 0.000153
740.250000 0.000152
740.300000 0.000151
740.350000 0.000150
740.400000 0.000149
740.450000 0.000148
740.500000 0.000148
740.550000 0.000147
740.600000 0.000146
740.650000 0.000145
740.700000 0.000144
740.750000 0.000143
740.800000 0.000142
740.850000 0.000141
740.900000 0.000141
740.950000 0.000140
741.000000 0.000139
741.050000 0.000138
741.100000 0.000137
741.150000 0.000136
741.200000 0.000136
741.250000 0.000135
741.300000 0.000134
741.350000 0.000133
741.400000 0.000132
741.450000 0.000132
741.500000 0.000131
741.550000 0.000130
741.600000 0.000130
741.650000 0.000129
741.700000 0.000128
741.750000 0.000127
741.800000 0.000127
741.850000 0.000126
741.900000 0.000125
741.950000 0.000125
742.000000 0.000124
742.050000 0.000123
742.100000 0.000122
742.150000 0.000122
742.200000 0.000121
742.250000 0.000120
742.300000 0.000120
742.350000 0.000119
742.400000 0.000119
742.450000 0.000118
742.500000 0.000117
742.550000 0.000117
742.600000 0.000116
742.650000 0.000115
742.700000 0.000115
742.750000 0.000114
742.800000 0.000114
742.850000 0.000113
742.900000 0.000112
742.950000 0.000112
743.000000 0.000111
743.050000 0.000111
743.100000 0.000110
743.150000 0.000110
743.200000 0.000109
743.250000 0.000108
743.300000 0.000108
743.350000 0.000107
743.400000 0.000107
743.450000 0.000106
743.500000 0.000106
743.550000 0.000105
743.600000 0.000105
743.650000 0.000104
743.700000 0.000104
743.750000 0.000103
743.800000 0.000103
743.850000 0.000102
743.900000 0.000102
743.950000 0.000101
744.000000 0.000101
744.050000 0.000100
744.100000 0.000100
744.150000 0.000099
744.200000 0.000099
744.250000 0.000098
744.300000 0.000098
744.350000 0.000097
744.400000 0.000097
744.450000 0.000096
744.500000 0.000096
744.550000 0.000095
744.600000 0.000095
744.650000 0.000095
744.700000 0.000094
744.750000 0.000094
744.800000 0.000093
744.850000 0.000093
744.900000 0.000092
744.950000 0.000092
745.000000 0.000092
745.050000 0.000091
745.100000 0.000091
745.150000 0.000090
745.200000 0.000090
745.250000 0.000089
745.300000 0.000089
745.350000 0.000089
745.400000 0.000088
745.450000 0.000088
745.500000 0.000087
745.550000 0.000087
745.600000 0.000087
745.650000 0.000086
745.700000 0.000086
745.750000 0.000086
745.800000 0.000085
745.850000 0.000085
745.900000 0.000084
745.950000 0.000084
746.000000 0.000084
746.050000 0.000083
746.100000 0.000083
746.150000 0.000083
746.200000 0.000082
746.250000 0.000082
746.300000 0.000082
746.350000 0.000081
746.400000 0.000081
746.450000 0.000080
746.500000 0.000080
746.550000 0.000080
746.600000 0.000079
746.650000 0.000079
746.700000 0.000079
746.750000 0.000078
746.800000 0.000078
746.850000 0.000078
746.900000 0.000077
746.950000 0.000077
747.000000 0.000077
747.050000 0.000077
747.100000 0.000076
747.150000 0.000076
747.200000 0.000076
747.250000 0.000075
747.300000 0.000075
747.350000 0.000075
747.400000 0.000074
747.450000 0.000074
747.500000 0.000074
747.550000 0.000073
747.600000 0.000073
747.650000 0.000073
747.700000 0.000073
747.750000 0.000072
747.800000 0.000072
747.850000 0.000072
747.900000 0.000071
747.950000 0.000071
748.000000 0.000071
748.050000 0.000071
748.100000 0.000070
748.150000 0.000070
748.200000 0.000070
748.250000 0.000069
748.300000 0.000069
748.350000 0.000069
748.400000 0.000069
748.450000 0.000068
748.500000 0.000068
748.550000 0.000068
748.600000 0.000068
748.650000 0.000067
748.700000 0.000067
748.750000 0.000067
748.800000 0.000067
748.850000 0.000066
748.900000 0.000066
748.950000 0.000066
749.000000 0.000066
749.050000 0.000065
749.100000 0.000065
749.150000 0.000065
749.200000 0.000065
749.250000 0.000064
749.300000 0.000064
749.350000 0.000064
749.400000 0.000064
749.450000 0.000063
749.500000 0.000063
749.550000 0.000063
749.600000 0.000063
749.650000 0.000062
749.700000 0.000062
749.750000 0.000061
749.800000 0.000059
749.850000 0.000055
749.900000 0.000048
749.950000 0.000037

#Sticks
710.350000 0.006680
711.000000 0.000601
711.100000 0.000046
711.150000 0.000006
711.200000 0.000096
711.300000 0.000505
711.350000 0.000183
711.550000 0.000216
711.700000 0.000142
711.850000 0.000379
711.950000 0.000388
712.100000 0.000023
712.250000 0.000893
712.300000 0.000484
712.350000 0.000175
712.500000 0.000001
712.550000 0.000286
712.600000 0.011407
712.700000 0.001823
712.750000 0.002036
712.850000 0.008785
712.900000 0.000888
712.950000 0.006711
713.050000 0.000147
713.100000 0.006227
713.150000 0.000632
713.250000 0.001267
713.300000 0.000139
713.400000 0.003659
713.500000 0.004678
713.550000 0.024811
713.650000 0.005832
713.750000 0.024972
713.850000 0.003080
714.000000 0.004097
714.100000 0.000277
714.250000 0.001868
714.350000 0.002082
714.400000 0.000662
714.450000 0.001935
714.500000 0.001911
714.600000 0.004307
714.650000 0.000832
714.700000 0.002439
714.750000 0.000670
714.800000 0.005521
714.900000 0.003154
714.950000 0.001230
715.000000 0.003629
715.050000 0.000860
715.100000 0.000244
715.150000 0.009433
715.200000 0.000680
715.250000 0.000068
715.300000 0.002220
715.350000 0.000185
715.400000 0.001212
715.450000 0.001710
715.500000 0.004081
715.550000 0.000001
715.600000 0.000516
715.650000 0.000016
715.700000 0.000429
715.750000 0.000490
715.800000 0.000319
715.850000 0.000108
715.900000 0.004870
716.000000 0.000736
716.050000 0.000016
716.150000 0.000384
716.250000 0.000540
716.300000 0.000721
716.350000 0.000261
716.400000 0.000316
716.450000 0.000001
716.500000 0.000288
716.550000 0.000096
716.600000 0.000089
716.650000 0.001369
716.700000 0.000005
716.750000 0.000280
716.800000 0.000358
716.850000 0.000096
716.900000 0.000230
716.950000 0.000087
717.000000 0.001423
717.050000 0.000045
717.100000 0.000615
717.150000 0.000020
717.250000 0.000431
717.300000 0.002044
717.350000 0.000292
717.400000 0.000010
717.450000 0.000036
717.500000 0.000518
717.550000 0.000109
717.650000 0.000073
717.700000 0.000042
717.750000 0.000513
717.800000 0.000653
717.850000 0.000307
717.900000 0.000009
718.000000 0.000044
718.050000 0.000026
718.100000 0.000004
718.150000 0.000116
718.200000 0.000134
718.250000 0.000053
718.300000 0.000084
718.350000 0.000005
718.400000 0.000012
718.450000 0.000325
718.550000 0.000038
718.600000 0.000035
718.650000 0.000152
718.750000 0.000053
718.800000 0.000126
718.850000 0.000018
718.900000 0.000029
718.950000 0.000091
719.050000 0.000056
719.100000 0.000119
719.150000 0.000101
719.200000 0.000046
719.300000 0.000143
719.350000 0.000046
719.450000 0.000004
719.500000 0.000025
719.550000 0.000056
719.600000 0.000004
719.650000 0.000003
719.700000 0.000001
719.750000 0.000019
719.800000 0.000033
719.900000 0.000034
719.950000 0.000002
720.050000 0.000101
720.100000 0.000006
720.150000 0.000005
720.200000 0.000058
720.300000 0.000026
720.350000 0.000009
720.450000 0.000032
720.500000 0.000009
720.550000 0.000074
720.650000 0.000025
720.700000 0.000140
720.750000 0.000052
720.850000 0.000176
720.900000 0.000041
721.000000 0.000014
721.050000 0.000035
721.150000 0.000003
721.250000 0.000040
721.300000 0.000018
721.350000 0.000051
721.400000 0.000008
721.500000 0.000013
721.550000 0.000034
721.650000 0.000057
721.700000 0.000007
721.800000 0.000020
721.850000 0.000028
721.900000 0.000001
721.950000 0.000025
722.000000 0.000005
722.100000 0.000001
722.200000 0.000001
722.300000 0.000002
722.400000 0.000001
722.450000 0.000042
722.650000 0.000012
722.700000 0.000003
722.800000 0.000139
722.900000 0.000018
722.950000 0.008760
723.000000 0.000059
723.100000 0.000030
723.150000 0.000107
723.250000 0.000005
723.300000 0.000004
723.550000 0.000085
723.650000 0.000019
723.700000 0.000027
723.750000 0.000012
724.050000 0.000053
724.150000 0.000630
724.200000 0.000099
724.250000 0.000286
724.300000 0.000169
724.350000 0.000531
724.400000 0.000425
724.450000 0.000071
724.600000 0.000001
724.700000 0.000186
724.850000 0.000631
724.900000 0.001634
725.000000 0.000232
725.150000 0.011772
725.250000 0.003569
725.350000 0.001489
725.450000 0.000515
725.500000 0.001558
725.550000 0.002421
725.600000 0.000088
725.700000 0.003624
725.750000 0.001817
725.800000 0.010726
725.850000 0.000010
725.900000 0.025770
726.050000 0.003159
726.200000 0.009089
726.300000 0.000687
726.350000 0.002588
726.500000 0.000023
726.650000 0.004131
726.750000 0.000744
726.850000 0.000532
727.000000 0.002219
727.150000 0.002842
727.200000 0.009982
727.300000 0.000386
727.500000 0.001104
727.750000 0.001442
727.850000 0.003331
727.900000 0.001349
728.100000 0.000972
728.200000 0.002085
728.250000 0.000260
728.300000 0.001340
728.400000 0.000346
728.450000 0.000521
728.550000 0.000165
728.600000 0.000061
728.650000 0.000006
728.700000 0.000068
728.800000 0.000169
728.900000 0.000387
729.000000 0.000019
729.050000 0.000676
729.100000 0.000437
729.150000 0.000018
729.200000 0.000001
729.250000 0.000157
729.350000 0.000007
729.400000 0.000057
729.450000 0.000401
729.550000 0.000214
729.650000 0.000002
729.750000 0.000016
729.850000 0.000002
729.950000 0.000009
730.000000 0.000054
730.350000 0.000015
730.400000 0.000001
730.450000 0.000002
730.550000 0.000026
730.650000 0.000001
730.800000 0.000005
730.850000 0.000001
730.900000 0.000007
730.950000 0.000016
731.100000 0.000002
731.150000 0.000001
731.250000 0.000012
731.350000 0.000013
731.400000 0.000003
731.450000 0.000022
731.500000 0.000001
731.650000 0.000021
731.700000 0.000007
731.750000 0.000010
731.800000 0.000002
731.900000 0.000013
732.000000 0.000026
732.150000 0.000038
732.200000 0.000017
732.400000 0.000020
732.450000 0.000054
732.500000 0.000004
732.550000 0.000029
732.600000 0.000032
732.650000 0.000004
732.750000 0.000003
732.850000 0.000024
733.000000 0.000028
733.150000 0.000005
733.400000 0.000001
733.450000 0.000002
733.700000 0.000005
733.750000 0.000001
733.800000 0.000017
733.900000 0.000006
733.950000 0.000005
734.100000 0.000012
734.250000 0.000005
734.350000 0.000001
734.450000 0.000001
734.600000 0.000001
734.650000 0.000007
734.750000 0.000003
735.250000 0.000010
735.450000 0.000007
735.550000 0.000001
735.700000 0.000002
736.050000 0.000001
736.100000 0.000005
736.250000 0.000001
736.600000 0.000002
736.800000 0.000006
736.900000 0.000002
737.750000 0.000001
738.550000 0.000002
