700.000000 -0.000080
700.050000 -0.000103
700.100000 -0.000120
700.150000 -0.000130
700.200000 -0.000134
700.250000 -0.000137
700.300000 -0.000138
700.350000 -0.000139
700.400000 -0.000141
700.450000 -0.000142
700.500000 -0.000143
700.550000 -0.000144
700.600000 -0.000146
700.650000 -0.000147
700.700000 -0.000148
700.750000 -0.000150
700.800000 -0.000151
700.850000 -0.000152
700.900000 -0.000154
700.950000 -0.000155
701.000000 -0.000157
701.050000 -0.000158
701.100000 -0.000160
701.150000 -0.000161
701.200000 -0.000163
701.250000 -0.000164
701.300000 -0.000166
701.350000 -0.000167
701.400000 -0.000169
701.450000 -0.000170
701.500000 -0.000172
701.550000 -0.000174
701.600000 -0.000176
701.650000 -0.000177
701.700000 -0.000179
701.750000 -0.000181
701.800000 -0.000183
701.850000 -0.000185
701.900000 -0.000186
701.950000 -0.000188
702.000000 -0.000190
702.050000 -0.000192
702.100000 -0.000194
702.150000 -0.000196
702.200000 -0.000198
702.250000 -0.000201
702.300000 -0.000203
702.350000 -0.000205
702.400000 -0.000207
702.450000 -0.000209
702.500000 -0.000212
702.550000 -0.000214
702.600000 -0.000216
702.650000 -0.000219
702.700000 -0.000221
702.750000 -0.000224
702.800000 -0.000226
702.850000 -0.000229
702.900000 -0.000231
702.950000 -0.000234
703.000000 -0.000237
703.050000 -0.000240
703.100000 -0.000243
703.150000 -0.000245
703.200000 -0.000248
703.250000 -0.000251
703.300000 -0.000254
703.350000 -0.000258
703.400000 -0.000261
703.450000 -0.000264
703.500000 -0.000267
703.550000 -0.000271
703.600000 -0.000274
703.650000 -0.000278
703.700000 -0.000281
703.750000 -0.000285
703.800000 -0.000289
703.850000 -0.000293
703.900000 -0.000296
703.950000 -0.000300
704.000000 -0.000304
704.050000 -0.000309
704.100000 -0.000313
704.150000 -0.000317
704.200000 -0.000322
704.250000 -0.000326
704.300000 -0.000331
704.350000 -0.000336
704.400000 -0.000340
704.450000 -0.000345
704.500000 -0.000350
704.550000 -0.000356
704.600000 -0.000361
704.650000 -0.000366
704.700000 -0.000372
704.750000 -0.000378
704.800000 -0.000384
704.850000 -0.000390
704.900000 -0.000396
704.950000 -0.000402
705.000000 -0.000409
705.050000 -0.000415
705.100000 -0.000422
705.150000 -0.000429
705.200000 -0.000436
705.250000 -0.000444
705.300000 -0.000451
705.350000 -0.000459
705.400000 -0.000467
705.450000 -0.000475
705.500000 -0.000484
705.550000 -0.000492
705.600000 -0.000501
705.650000 -0.000510
705.700000 -0.000520
705.750000 -0.000530
705.800000 -0.000540
705.850000 -0.000550
705.900000 -0.000561
705.950000 -0.000572
706.000000 -0.000583
706.050000 -0.000595
706.100000 -0.000607
706.150000 -0.000620
706.200000 -0.000633
706.250000 -0.000646
706.300000 -0.000660
706.350000 -0.000674
706.400000 -0.000689
706.450000 -0.000705
706.500000 -0.000721
706.550000 -0.000737
706.600000 -0.000754
706.650000 -0.000772
706.700000 -0.000791
706.750000 -0.000810
706.800000 -0.000830
706.850000 -0.000851
706.900000 -0.000872
706.950000 -0.000895
707.000000 -0.000918
707.050000 -0.000943
707.100000 -0.000968
707.150000 -0.000995
707.200000 -0.001023
707.250000 -0.001052
707.300000 -0.001083
707.350000 -0.001114
707.400000 -0.001148
707.450000 -0.001183
707.500000 -0.001220
707.550000 -0.001259
707.600000 -0.001299
707.650000 -0.001342
707.700000 -0.001387
707.750000 -0.001435
707.800000 -0.001485
707.850000 -0.001538
707.900000 -0.001595
707.950000 -0.001654
708.000000 -0.001717
708.050000 -0.001785
708.100000 -0.001856
708.150000 -0.001932
708.200000 -0.002013
708.250000 -0.002099
708.300000 -0.002192
708.350000 -0.002291
708.400000 -0.002397
708.450000 -0.002511
708.500000 -0.002634
708.550000 -0.002766
708.600000 -0.002909
708.650000 -0.003064
708.700000 -0.003232
708.750000 -0.003415
708.800000 -0.003613
708.850000 -0.003830
708.900000 -0.004068
708.950000 -0.004328
709.000000 -0.004614
709.050000 -0.004929
709.100000 -0.005277
709.150000 -0.005663
709.200000 -0.006091
709.250000 -0.006567
709.300000 -0.007099
709.350000 -0.007692
709.400000 -0.008357
709.450000 -0.009102
709.500000 -0.009938
709.550000 -0.010876
709.600000 -0.011926
709.650000 -0.013099
709.700000 -0.014403
709.750000 -0.015840
709.800000 -0.017408
709.850000 -0.019091
709.900000 -0.020859
709.950000 -0.022666
710.000000 -0.024441
710.050000 -0.026098
710.100000 -0.027537
710.150000 -0.028657
710.200000 -0.029368
710.250000 -0.029612
710.300000 -0.029367
710.350000 -0.028661
710.400000 -0.027556
710.450000 -0.026147
710.500000 -0.024536
710.550000 -0.022826
710.600000 -0.021103
710.650000 -0.019434
710.700000 -0.017867
710.750000 -0.016428
710.800000 -0.015131
710.850000 -0.013980
710.900000 -0.012969
710.950000 -0.012090
711.000000 -0.011332
711.050000 -0.010680
711.100000 -0.010121
711.150000 -0.009639
711.200000 -0.009220
711.250000 -0.008848
711.300000 -0.008509
711.350000 -0.008190
711.400000 -0.007880
711.450000 -0.007568
711.500000 -0.007249
711.550000 -0.006917
711.600000 -0.006572
711.650000 -0.006213
711.700000 -0.005842
711.750000 -0.005463
711.800000 -0.005079
711.850000 -0.004693
711.900000 -0.004307
711.950000 -0.003922
712.000000 -0.003537
712.050000 -0.003153
712.100000 -0.002766
712.150000 -0.002374
712.200000 -0.001977
712.250000 -0.001573
712.300000 -0.001163
712.350000 -0.000753
712.400000 -0.000350
712.450000 0.000034
712.500000 0.000383
712.550000 0.000679
712.600000 0.000905
712.650000 0.001038
712.700000 0.001061
712.750000 0.000951
712.800000 0.000690
712.850000 0.000256
712.900000 -0.000366
712.950000 -0.001192
713.000000 -0.002230
713.050000 -0.003490
713.100000 -0.004981
713.150000 -0.006715
713.200000 -0.008702
713.250000 -0.010952
713.300000 -0.013462
713.350000 -0.016212
713.400000 -0.019158
713.450000 -0.022230
713.500000 -0.025336
713.550000 -0.028367
713.600000 -0.031208
713.650000 -0.033756
713.700000 -0.035931
713.750000 -0.037684
713.800000 -0.039009
713.850000 -0.039930
713.900000 -0.040495
713.950000 -0.040755
714.000000 -0.040752
714.050000 -0.040504
714.100000 -0.040008
714.150000 -0.039246
714.200000 -0.038199
714.250000 -0.036861
714.300000 -0.035254
714.350000 -0.033432
714.400000 -0.031476
714.450000 -0.029487
714.500000 -0.027566
714.550000 -0.025801
714.600000 -0.024258
714.650000 -0.022965
714.700000 -0.021919
714.750000 -0.021085
714.800000 -0.020406
714.850000 -0.019811
714.900000 -0.019232
714.950000 -0.018607
715.000000 -0.017893
715.050000 -0.017068
715.100000 -0.016132
715.150000 -0.015103
715.200000 -0.014013
715.250000 -0.012898
715.300000 -0.011792
715.350000 -0.010726
715.400000 -0.009721
715.450000 -0.008791
715.500000 -0.007939
715.550000 -0.007168
715.600000 -0.006473
715.650000 -0.005850
715.700000 -0.005296
715.750000 -0.004805
715.800000 -0.004373
715.850000 -0.003996
715.900000 -0.003667
715.950000 -0.003381
716.000000 -0.003129
716.050000 -0.002904
716.100000 -0.002697
716.150000 -0.002499
716.200000 -0.002303
716.250000 -0.002103
716.300000 -0.001897
716.350000 -0.001683
716.400000 -0.001464
716.450000 -0.001246
716.500000 -0.001033
716.550000 -0.000835
716.600000 -0.000660
716.650000 -0.000515
716.700000 -0.000407
716.750000 -0.000342
716.800000 -0.000321
716.850000 -0.000343
716.900000 -0.000405
716.950000 -0.000500
717.000000 -0.000622
717.050000 -0.000761
717.100000 -0.000907
717.150000 -0.001053
717.200000 -0.001190
717.250000 -0.001313
717.300000 -0.001419
717.350000 -0.001505
717.400000 -0.001573
717.450000 -0.001625
717.500000 -0.001662
717.550000 -0.001687
717.600000 -0.001703
717.650000 -0.001710
717.700000 -0.001710
717.750000 -0.001703
717.800000 -0.001689
717.850000 -0.001669
717.900000 -0.001643
717.950000 -0.001612
718.000000 -0.001577
718.050000 -0.001537
718.100000 -0.001494
718.150000 -0.001450
718.200000 -0.001404
718.250000 -0.001359
718.300000 -0.001315
718.350000 -0.001273
718.400000 -0.001234
718.450000 -0.001199
718.500000 -0.001167
718.550000 -0.001139
718.600000 -0.001115
718.650000 -0.001096
718.700000 -0.001081
718.750000 -0.001070
718.800000 -0.001064
718.850000 -0.001062
718.900000 -0.001063
718.950000 -0.001068
719.000000 -0.001075
719.050000 -0.001082
719.100000 -0.001090
719.150000 -0.001095
719.200000 -0.001097
719.250000 -0.001094
719.300000 -0.001087
719.350000 -0.001075
719.400000 -0.001057
719.450000 -0.001036
719.500000 -0.001012
719.550000 -0.000985
719.600000 -0.000957
719.650000 -0.000929
719.700000 -0.000900
719.750000 -0.000872
719.800000 -0.000845
719.850000 -0.000818
719.900000 -0.000793
719.950000 -0.000770
720.000000 -0.000749
720.050000 -0.000729
720.100000 -0.000712
720.150000 -0.000697
720.200000 -0.000683
720.250000 -0.000670
720.300000 -0.000658
720.350000 -0.000645
720.400000 -0.000632
720.450000 -0.000618
720.500000 -0.000602
720.550000 -0.000585
720.600000 -0.000567
720.650000 -0.000548
720.700000 -0.000528
720.750000 -0.000509
720.800000 -0.000489
720.850000 -0.000471
720.900000 -0.000454
720.950000 -0.000438
721.000000 -0.000422
721.050000 -0.000406
721.100000 -0.000389
721.150000 -0.000372
721.200000 -0.000353
721.250000 -0.000333
721.300000 -0.000311
721.350000 -0.000286
721.400000 -0.000260
721.450000 -0.000232
721.500000 -0.000202
721.550000 -0.000171
721.600000 -0.000137
721.650000 -0.000102
721.700000 -0.000064
721.750000 -0.000024
721.800000 0.000019
721.850000 0.000066
721.900000 0.000117
721.950000 0.000172
722.000000 0.000233
722.050000 0.000300
722.100000 0.000375
722.150000 0.000457
722.200000 0.000550
722.250000 0.000653
722.300000 0.000767
722.350000 0.000895
722.400000 0.001036
722.450000 0.001192
722.500000 0.001361
722.550000 0.001544
722.600000 0.001735
722.650000 0.001933
722.700000 0.002128
722.750000 0.002313
722.800000 0.002478
722.850000 0.002611
722.900000 0.002703
722.950000 0.002746
723.000000 0.002738
723.050000 0.002679
723.100000 0.002574
723.150000 0.002433
723.200000 0.002265
723.250000 0.002082
723.300000 0.001894
723.350000 0.001708
723.400000 0.001531
723.450000 0.001367
723.500000 0.001218
723.550000 0.001086
723.600000 0.000970
723.650000 0.000871
723.700000 0.000788
723.750000 0.000721
723.800000 0.000668
723.850000 0.000629
723.900000 0.000605
723.950000 0.000595
724.000000 0.000600
724.050000 0.000620
724.100000 0.000657
724.150000 0.000712
724.200000 0.000789
724.250000 0.000890
724.300000 0.001015
724.350000 0.001167
724.400000 0.001346
724.450000 0.001548
724.500000 0.001769
724.550000 0.002000
724.600000 0.002227
724.650000 0.002435
724.700000 0.002600
724.750000 0.002700
724.800000 0.002710
724.850000 0.002606
724.900000 0.002370
724.950000 0.001989
725.000000 0.001460
725.050000 0.000786
725.100000 -0.000023
725.150000 -0.000950
725.200000 -0.001977
725.250000 -0.003081
725.300000 -0.004244
725.350000 -0.005448
725.400000 -0.006684
725.450000 -0.007950
725.500000 -0.009246
725.550000 -0.010573
725.600000 -0.011927
725.650000 -0.013291
725.700000 -0.014629
725.750000 -0.015887
725.800000 -0.016996
725.850000 -0.017875
725.900000 -0.018447
725.950000 -0.018647
726.000000 -0.018438
726.050000 -0.017818
726.100000 -0.016825
726.150000 -0.015534
726.200000 -0.014043
726.250000 -0.012463
726.300000 -0.010897
726.350000 -0.009431
726.400000 -0.008126
726.450000 -0.007010
726.500000 -0.006090
726.550000 -0.005351
726.600000 -0.004771
726.650000 -0.004321
726.700000 -0.003980
726.750000 -0.003725
726.800000 -0.003541
726.850000 -0.003415
726.900000 -0.003334
726.950000 -0.003286
727.000000 -0.003262
727.050000 -0.003252
727.100000 -0.003248
727.150000 -0.003246
727.200000 -0.003242
727.250000 -0.003236
727.300000 -0.003226
727.350000 -0.003212
727.400000 -0.003194
727.450000 -0.003173
727.500000 -0.003149
727.550000 -0.003125
727.600000 -0.003103
727.650000 -0.003088
727.700000 -0.003082
727.750000 -0.003090
727.800000 -0.003111
727.850000 -0.003146
727.900000 -0.003192
727.950000 -0.003242
728.000000 -0.003292
728.050000 -0.003332
728.100000 -0.003357
728.150000 -0.003361
728.200000 -0.003341
728.250000 -0.003294
728.300000 -0.003221
728.350000 -0.003123
728.400000 -0.003003
728.450000 -0.002865
728.500000 -0.002710
728.550000 -0.002544
728.600000 -0.002369
728.650000 -0.002189
728.700000 -0.002009
728.750000 -0.001830
728.800000 -0.001656
728.850000 -0.001491
728.900000 -0.001336
728.950000 -0.001193
729.000000 -0.001064
729.050000 -0.000951
729.100000 -0.000855
729.150000 -0.000777
729.200000 -0.000715
729.250000 -0.000670
729.300000 -0.000638
729.350000 -0.000616
729.400000 -0.000601
729.450000 -0.000590
729.500000 -0.000579
729.550000 -0.000567
729.600000 -0.000552
729.650000 -0.000533
729.700000 -0.000513
729.750000 -0.000491
729.800000 -0.000470
729.850000 -0.000451
729.900000 -0.000435
729.950000 -0.000423
730.000000 -0.000416
730.050000 -0.000412
730.100000 -0.000412
730.150000 -0.000415
730.200000 -0.000419
730.250000 -0.000425
730.300000 -0.000431
730.350000 -0.000437
730.400000 -0.000442
730.450000 -0.000446
730.500000 -0.000448
730.550000 -0.000449
730.600000 -0.000447
730.650000 -0.000443
730.700000 -0.000437
730.750000 -0.000429
730.800000 -0.000420
730.850000 -0.000410
730.900000 -0.000399
730.950000 -0.000389
731.000000 -0.000380
731.050000 -0.000372
731.100000 -0.000367
731.150000 -0.000363
731.200000 -0.000362
731.250000 -0.000363
731.300000 -0.000366
731.350000 -0.000371
731.400000 -0.000377
731.450000 -0.000384
731.500000 -0.000392
731.550000 -0.000399
731.600000 -0.000405
731.650000 -0.000411
731.700000 -0.000416
731.750000 -0.000420
731.800000 -0.000423
731.850000 -0.000425
731.900000 -0.000427
731.950000 -0.000428
732.000000 -0.000429
732.050000 -0.000429
732.100000 -0.000429
732.150000 -0.000427
732.200000 -0.000423
732.250000 -0.000416
732.300000 -0.000407
732.350000 -0.000395
732.400000 -0.000380
732.450000 -0.000362
732.500000 -0.000343
732.550000 -0.000322
732.600000 -0.000300
732.650000 -0.000279
732.700000 -0.000259
732.750000 -0.000241
732.800000 -0.000225
732.850000 -0.000211
732.900000 -0.000200
732.950000 -0.000191
733.000000 -0.000184
733.050000 -0.000178
733.100000 -0.000173
733.150000 -0.000169
733.200000 -0.000166
733.250000 -0.000162
733.300000 -0.000157
733.350000 -0.000152
733.400000 -0.000146
733.450000 -0.000139
733.500000 -0.000132
733.550000 -0.000125
733.600000 -0.000118
733.650000 -0.000111
733.700000 -0.000105
733.750000 -0.000100
733.800000 -0.000096
733.850000 -0.000092
733.900000 -0.000090
733.950000 -0.000088
734.000000 -0.000087
734.050000 -0.000087
734.100000 -0.000087
734.150000 -0.000088
734.200000 -0.000088
734.250000 -0.000089
734.300000 -0.000090
734.350000 -0.000092
734.400000 -0.000093
734.450000 -0.000094
734.500000 -0.000095
734.550000 -0.000095
734.600000 -0.000096
734.650000 -0.000096
734.700000 -0.000097
734.750000 -0.000097
734.800000 -0.000096
734.850000 -0.000096
734.900000 -0.000096
734.950000 -0.000095
735.000000 -0.000094
735.050000 -0.000093
735.100000 -0.000092
735.150000 -0.000091
735.200000 -0.000089
735.250000 -0.000088
735.300000 -0.000086
735.350000 -0.000085
735.400000 -0.000083
735.450000 -0.000082
735.500000 -0.000080
735.550000 -0.000079
735.600000 -0.000078
735.650000 -0.000077
735.700000 -0.000076
735.750000 -0.000075
735.800000 -0.000075
735.850000 -0.000074
735.900000 -0.000074
735.950000 -0.000074
736.000000 -0.000074
736.050000 -0.000074
736.100000 -0.000073
736.150000 -0.000073
736.200000 -0.000073
736.250000 -0.000073
736.300000 -0.000073
736.350000 -0.000072
736.400000 -0.000072
736.450000 -0.000072
736.500000 -0.000071
736.550000 -0.000071
736.600000 -0.000071
736.650000 -0.000070
736.700000 -0.000070
736.750000 -0.000070
736.800000 -0.000069
736.850000 -0.000069
736.900000 -0.000069
736.950000 -0.000068
737.000000 -0.000068
737.050000 -0.000067
737.100000 -0.000067
737.150000 -0.000067
737.200000 -0.000066
737.250000 -0.000066
737.300000 -0.000066
737.350000 -0.000065
737.400000 -0.000065
737.450000 -0.000064
737.500000 -0.000064
737.550000 -0.000064
737.600000 -0.000063
737.650000 -0.000063
737.700000 -0.000062
737.750000 -0.000062
737.800000 -0.000062
737.850000 -0.000061
737.900000 -0.000061
737.950000 -0.000060
738.000000 -0.000060
738.050000 -0.000059
738.100000 -0.000059
738.150000 -0.000058
738.200000 -0.000058
738.250000 -0.000057
738.300000 -0.000057
738.350000 -0.000057
738.400000 -0.000056
738.450000 -0.000056
738.500000 -0.000055
738.550000 -0.000055
738.600000 -0.000054
738.650000 -0.000054
738.700000 -0.000054
738.750000 -0.000053
738.800000 -0.000053
738.850000 -0.000052
738.900000 -0.000052
738.950000 -0.000052
739.000000 -0.000051
739.050000 -0.000051
739.100000 -0.000051
739.150000 -0.000050
739.200000 -0.000050
739.250000 -0.000050
739.300000 -0.000050
739.350000 -0.000049
739.400000 -0.000049
739.450000 -0.000049
739.500000 -0.000049
739.550000 -0.000048
739.600000 -0.000048
739.650000 -0.000048
739.700000 -0.000048
739.750000 -0.000047
739.800000 -0.000047
739.850000 -0.000047
739.900000 -0.000047
739.950000 -0.000046
740.000000 -0.000046
740.050000 -0.000046
740.100000 -0.000046
740.150000 -0.000045
740.200000 -0.000045
740.250000 -0.000045
740.300000 -0.000045
740.350000 -0.000044
740.400000 -0.000044
740.450000 -0.000044
740.500000 -0.000044
740.550000 -0.000043
740.600000 -0.000043
740.650000 -0.000043
740.700000 -0.000043
740.750000 -0.000043
740.800000 -0.000042
740.850000 -0.000042
740.900000 -0.000042
740.950000 -0.000042
741.000000 -0.000041
741.050000 -0.000041
741.100000 -0.000041
741.150000 -0.000041
741.200000 -0.000041
741.250000 -0.000040
741.300000 -0.000040
741.350000 -0.000040
741.400000 -0.000040
741.450000 -0.000040
741.500000 -0.000039
741.550000 -0.000039
741.600000 -0.000039
741.650000 -0.000039
741.700000 -0.000039
741.750000 -0.000038
741.800000 -0.000038
741.850000 -0.000038
741.900000 -0.000038
741.950000 -0.000038
742.000000 -0.000038
742.050000 -0.000037
742.100000 -0.000037
742.150000 -0.000037
742.200000 -0.000037
742.250000 -0.000037
742.300000 -0.000036
742.350000 -0.000036
742.400000 -0.000036
742.450000 -0.000036
742.500000 -0.000036
742.550000 -0.000036
742.600000 -0.000035
742.650000 -0.000035
742.700000 -0.000035
742.750000 -0.000035
742.800000 -0.000035
742.850000 -0.000035
742.900000 -0.000034
742.950000 -0.000034
743.000000 -0.000034
743.050000 -0.000034
743.100000 -0.000034
743.150000 -0.000034
743.200000 -0.000034
743.250000 -0.000033
743.300000 -0.000033
743.350000 -0.000033
743.400000 -0.000033
743.450000 -0.000033
743.500000 -0.000033
743.550000 -0.000033
743.600000 -0.000032
743.650000 -0.000032
743.700000 -0.000032
743.750000 -0.000032
743.800000 -0.000032
743.850000 -0.000032
743.900000 -0.000032
743.950000 -0.000031
744.000000 -0.000031
744.050000 -0.000031
744.100000 -0.000031
744.150000 -0.000031
744.200000 -0.000031
744.250000 -0.000031
744.300000 -0.000031
744.350000 -0.000030
744.400000 -0.000030
744.450000 -0.000030
744.500000 -0.000030
744.550000 -0.000030
744.600000 -0.000030
744.650000 -0.000030
744.700000 -0.000030
744.750000 -0.000029
744.800000 -0.000029
744.850000 -0.000029
744.900000 -0.000029
744.950000 -0.000029
745.000000 -0.000029
745.050000 -0.000029
745.100000 -0.000029
745.150000 -0.000028
745.200000 -0.000028
745.250000 -0.000028
745.300000 -0.000028
745.350000 -0.000028
745.400000 -0.000028
745.450000 -0.000028
745.500000 -0.000028
745.550000 -0.000028
745.600000 -0.000027
745.650000 -0.000027
745.700000 -0.000027
745.750000 -0.000027
745.800000 -0.000027
745.850000 -0.000027
745.900000 -0.000027
745.950000 -0.000027
746.000000 -0.000027
746.050000 -0.000027
746.100000 -0.000026
746.150000 -0.000026
746.200000 -0.000026
746.250000 -0.000026
746.300000 -0.000026
746.350000 -0.000026
746.400000 -0.000026
746.450000 -0.000026
746.500000 -0.000026
746.550000 -0.000026
746.600000 -0.000025
746.650000 -0.000025
746.700000 -0.000025
746.750000 -0.000025
746.800000 -0.000025
746.850000 -0.000025
746.900000 -0.000025
746.950000 -0.000025
747.000000 -0.000025
747.050000 -0.000025
747.100000 -0.000025
747.150000 -0.000024
747.200000 -0.000024
747.250000 -0.000024
747.300000 -0.000024
747.350000 -0.000024
747.400000 -0.000024
747.450000 -0.000024
747.500000 -0.000024
747.550000 -0.000024
747.600000 -0.000024
747.650000 -0.000024
747.700000 -0.000023
747.750000 -0.000023
747.800000 -0.000023
747.850000 -0.000023
747.900000 -0.000023
747.950000 -0.000023
748.000000 -0.000023
748.050000 -0.000023
748.100000 -0.000023
748.150000 -0.000023
748.200000 -0.000023
748.250000 -0.000023
748.300000 -0.000022
748.350000 -0.000022
748.400000 -0.000022
748.450000 -0.000022
748.500000 -0.000022
748.550000 -0.000022
748.600000 -0.000022
748.650000 -0.000022
748.700000 -0.000022
748.750000 -0.000022
748.800000 -0.000022
748.850000 -0.000022
748.900000 -0.000022
748.950000 -0.000022
749.000000 -0.000021
749.050000 -0.000021
749.100000 -0.000021
749.150000 -0.000021
749.200000 -0.000021
749.250000 -0.000021
749.300000 -0.000021
749.350000 -0.000021
749.400000 -0.000021
749.450000 -0.000021
749.500000 -0.000021
749.550000 -0.000021
749.600000 -0.000021
749.650000 -0.000021
749.700000 -0.000020
749.750000 -0.000020
749.800000 -0.000020
749.850000 -0.000018
749.900000 -0.000016
749.950000 -0.000012

#Sticks
710.250000 -0.056003
710.350000 0.009496
711.000000 0.000070
711.100000 -0.000009
711.150000 0.000613
711.250000 -0.001889
711.300000 0.000016
711.350000 0.000405
711.400000 0.000025
711.450000 -0.002127
711.550000 -0.001023
711.700000 0.000164
711.800000 -0.001122
711.850000 0.000520
711.950000 0.000083
712.050000 -0.000014
712.100000 0.000001
712.250000 0.000348
712.300000 0.000102
712.350000 0.000053
712.400000 -0.000282
712.450000 -0.001688
712.500000 0.000112
712.550000 0.002473
712.600000 0.009704
712.700000 -0.008687
712.750000 0.000933
712.850000 0.003393
712.900000 0.005529
712.950000 0.008338
713.000000 -0.001290
713.050000 -0.002018
713.100000 0.002089
713.150000 -0.010478
713.250000 0.016235
713.300000 0.000945
713.400000 0.001368
713.500000 -0.004999
713.550000 0.001799
713.650000 -0.004072
713.750000 -0.045593
713.850000 0.004591
713.950000 -0.004852
714.000000 0.008056
714.100000 0.000005
714.150000 -0.019250
714.250000 -0.011613
714.300000 -0.033160
714.350000 0.016144
714.400000 -0.004258
714.450000 0.003954
714.500000 0.009722
714.550000 -0.000797
714.600000 0.000174
714.650000 0.003385
714.700000 0.001137
714.750000 0.003050
714.800000 -0.003546
714.900000 -0.005843
714.950000 -0.002789
715.000000 0.000009
715.050000 -0.011500
715.100000 0.000001
715.150000 -0.000597
715.200000 0.001056
715.250000 0.001858
715.300000 -0.000021
715.350000 -0.000297
715.400000 0.000374
715.450000 0.000679
715.500000 0.001148
715.550000 -0.001509
715.600000 0.000100
715.650000 0.000001
715.700000 0.000972
715.750000 -0.000358
715.800000 0.000232
715.850000 0.000795
715.900000 0.000199
716.000000 0.000037
716.050000 0.000468
716.100000 -0.000171
716.150000 0.000151
716.200000 -0.001545
716.250000 0.000971
716.300000 -0.000246
716.350000 0.000019
716.400000 -0.000912
716.450000 0.000047
716.500000 0.001486
716.550000 -0.001338
716.600000 0.001064
716.650000 0.000274
716.700000 0.000670
716.750000 0.000017
716.800000 0.003489
716.850000 -0.002157
716.900000 0.000599
716.950000 0.000418
717.050000 -0.000215
717.100000 0.000193
717.150000 0.000338
717.250000 -0.001457
717.300000 0.000075
717.350000 -0.000417
717.400000 0.000013
717.450000 0.000017
717.500000 0.000531
717.550000 -0.000074
717.600000 -0.000439
717.650000 0.000005
717.700000 0.000032
717.750000 -0.000388
717.800000 -0.000255
717.850000 0.000174
717.900000 0.000030
717.950000 -0.000104
718.000000 -0.000063
718.050000 0.000091
718.100000 -0.000528
718.150000 0.000005
718.200000 0.000009
718.250000 0.000092
718.300000 -0.000023
718.350000 0.000003
718.400000 0.000028
718.450000 -0.000118
718.550000 -0.000083
718.600000 0.000183
718.650000 0.000013
718.700000 -0.000113
718.750000 -0.000003
718.800000 -0.000007
718.850000 0.000051
718.900000 0.000009
718.950000 -0.000012
719.000000 -0.000006
719.050000 0.000029
719.100000 0.000008
719.150000 -0.000002
719.200000 -0.000285
719.300000 -0.000440
719.350000 0.000008
719.400000 0.000019
719.450000 0.000004
719.500000 0.000036
719.550000 0.000033
719.600000 -0.000055
719.650000 0.000001
719.700000 -0.000158
719.800000 0.000011
719.850000 -0.000041
719.900000 0.000010
719.950000 -0.000042
720.000000 -0.000023
720.050000 0.000090
720.100000 0.000004
720.150000 0.000002
720.200000 -0.000062
720.300000 0.000003
720.350000 0.000002
720.400000 -0.000069
720.450000 0.000016
720.500000 -0.000148
720.550000 0.000007
720.600000 -0.000008
720.650000 0.000012
720.700000 -0.000123
720.750000 0.000026
720.800000 0.000001
720.850000 0.000136
720.900000 0.000015
721.000000 -0.000068
721.050000 0.000010
721.150000 -0.000051
721.200000 -0.000060
721.250000 0.000001
721.300000 -0.000019
721.350000 -0.000032
721.400000 0.000015
721.450000 -0.000027
721.550000 0.000026
721.650000 -0.000027
721.700000 0.000009
721.800000 -0.000002
721.850000 0.000001
721.900000 -0.000003
721.950000 0.000001
722.000000 -0.000015
722.150000 -0.000009
722.200000 0.000003
722.250000 0.000001
722.300000 -0.000008
722.400000 -0.000003
722.450000 0.000005
722.500000 -0.000002
722.600000 0.000001
722.650000 -0.000010
722.700000 0.000031
722.750000 -0.000001
722.800000 0.000060
722.900000 0.000014
722.950000 0.004957
723.000000 0.000010
723.100000 0.000038
723.150000 0.000072
723.200000 -0.000002
723.250000 0.000004
723.400000 -0.000006
723.550000 0.000015
723.600000 -0.000034
723.900000 -0.000035
724.050000 0.000027
724.150000 0.000135
724.200000 0.000001
724.250000 -0.000064
724.300000 0.000026
724.350000 -0.000661
724.400000 0.000209
724.550000 -0.000013
724.600000 0.000041
724.700000 -0.000007
724.800000 -0.000030
724.850000 0.001591
724.900000 0.007253
725.000000 0.000872
725.150000 0.000489
725.250000 0.018135
725.300000 -0.023811
725.350000 0.003355
725.450000 -0.002202
725.500000 0.000139
725.550000 0.003415
725.600000 0.001671
725.650000 -0.001071
725.700000 0.000288
725.750000 0.002159
725.800000 -0.001114
725.850000 0.000548
725.900000 -0.012732
726.050000 -0.029037
726.150000 -0.005906
726.200000 0.004057
726.300000 0.006683
726.350000 0.006709
726.400000 0.000271
726.450000 -0.000598
726.500000 0.003155
726.600000 -0.007832
726.650000 0.002104
726.750000 0.003546
726.850000 0.001055
726.900000 -0.000050
727.000000 -0.001840
727.100000 -0.000670
727.150000 0.000016
727.200000 0.000279
727.300000 0.002064
727.350000 -0.002872
727.500000 0.000052
727.550000 -0.000830
727.750000 0.000142
727.850000 0.000380
727.900000 0.000484
728.050000 -0.002237
728.100000 0.000002
728.200000 -0.001135
728.250000 0.000001
728.300000 0.000311
728.350000 -0.001299
728.400000 0.000143
728.450000 0.000084
728.550000 0.000354
728.600000 -0.001824
728.650000 0.000443
728.700000 0.000492
728.800000 -0.000483
728.900000 0.000372
728.950000 -0.000382
729.000000 -0.000018
729.050000 0.000177
729.100000 0.000107
729.150000 0.000121
729.200000 0.000313
729.250000 0.000335
729.350000 0.000070
729.400000 0.000046
729.450000 0.000082
729.500000 -0.000499
729.550000 0.000017
729.600000 -0.000186
729.650000 0.000046
729.700000 -0.000087
729.750000 0.000006
729.850000 0.000359
729.900000 -0.000032
729.950000 0.000125
730.000000 0.000025
730.050000 -0.000103
730.200000 0.000020
730.350000 0.000029
730.400000 -0.000102
730.450000 0.000035
730.550000 -0.000056
730.650000 -0.000157
730.800000 0.000002
730.850000 -0.000033
730.900000 0.000011
730.950000 0.000019
731.050000 0.000002
731.100000 0.000010
731.150000 0.000002
731.250000 0.000043
731.300000 -0.000005
731.350000 0.000077
731.400000 0.000001
731.450000 -0.000097
731.500000 0.000012
731.600000 -0.000124
731.650000 0.000029
731.700000 -0.000050
731.750000 0.000001
731.800000 0.000002
731.850000 -0.000059
731.900000 0.000008
731.950000 -0.000015
732.000000 0.000012
732.150000 -0.000083
732.200000 0.000033
732.250000 0.000004
732.300000 -0.000269
732.450000 -0.000065
732.600000 0.000010
732.650000 0.000002
732.750000 0.000046
732.800000 0.000046
732.850000 0.000003
732.900000 -0.000017
733.000000 0.000058
733.150000 0.000019
733.250000 -0.000102
733.400000 0.000007
733.450000 0.000005
733.700000 0.000028
733.750000 -0.000003
733.800000 0.000031
733.900000 0.000020
733.950000 0.000004
734.050000 -0.000005
734.100000 0.000009
734.250000 0.000011
734.550000 -0.000002
734.650000 -0.000007
734.750000 0.000001
734.900000 -0.000001
735.050000 -0.000007
735.250000 0.000001
735.300000 -0.000001
735.350000 0.000001
735.450000 0.000004
735.500000 -0.000004
735.550000 0.000002
735.650000 -0.000002
735.700000 0.000015
735.850000 0.000002
735.950000 -0.000003
736.050000 0.000002
736.100000 -0.000002
736.400000 0.000002
736.500000 -0.000003
736.800000 0.000002
736.900000 0.000001
737.000000 -0.000003
737.800000 -0.000002
739.100000 0.000002
739.150000 -0.000001
