700.000000 0.000105
700.050000 0.000137
700.100000 0.000159
700.150000 0.000171
700.200000 0.000177
700.250000 0.000180
700.300000 0.000182
700.350000 0.000183
700.400000 0.000184
700.450000 0.000186
700.500000 0.000187
700.550000 0.000188
700.600000 0.000190
700.650000 0.000191
700.700000 0.000193
700.750000 0.000194
700.800000 0.000196
700.850000 0.000197
700.900000 0.000199
700.950000 0.000200
701.000000 0.000202
701.050000 0.000203
701.100000 0.000205
701.150000 0.000206
701.200000 0.000208
701.250000 0.000210
701.300000 0.000211
701.350000 0.000213
701.400000 0.000215
701.450000 0.000216
701.500000 0.000218
701.550000 0.000220
701.600000 0.000222
701.650000 0.000223
701.700000 0.000225
701.750000 0.000227
701.800000 0.000229
701.850000 0.000231
701.900000 0.000233
701.950000 0.000235
702.000000 0.000237
702.050000 0.000239
702.100000 0.000241
702.150000 0.000243
702.200000 0.000245
702.250000 0.000247
702.300000 0.000249
702.350000 0.000251
702.400000 0.000254
702.450000 0.000256
702.500000 0.000258
702.550000 0.000260
702.600000 0.000263
702.650000 0.000265
702.700000 0.000267
702.750000 0.000270
702.800000 0.000272
702.850000 0.000275
702.900000 0.000277
702.950000 0.000280
703.000000 0.000283
703.050000 0.000285
703.100000 0.000288
703.150000 0.000291
703.200000 0.000293
703.250000 0.000296
703.300000 0.000299
703.350000 0.000302
703.400000 0.000305
703.450000 0.000308
703.500000 0.000311
703.550000 0.000314
703.600000 0.000317
703.650000 0.000320
703.700000 0.000324
703.750000 0.000327
703.800000 0.000330
703.850000 0.000334
703.900000 0.000337
703.950000 0.000341
704.000000 0.000344
704.050000 0.000348
704.100000 0.000352
704.150000 0.000355
704.200000 0.000359
704.250000 0.000363
704.300000 0.000367
704.350000 0.000371
704.400000 0.000375
704.450000 0.000379
704.500000 0.000384
704.550000 0.000388
704.600000 0.000392
704.650000 0.000397
704.700000 0.000401
704.750000 0.000406
704.800000 0.000411
704.850000 0.000416
704.900000 0.000421
704.950000 0.000426
705.000000 0.000431
705.050000 0.000436
705.100000 0.000441
705.150000 0.000447
705.200000 0.000452
705.250000 0.000458
705.300000 0.000464
705.350000 0.000469
705.400000 0.000475
705.450000 0.000482
705.500000 0.000488
705.550000 0.000494
705.600000 0.000501
705.650000 0.000507
705.700000 0.000514
705.750000 0.000521
705.800000 0.000528
705.850000 0.000536
705.900000 0.000543
705.950000 0.000551
706.000000 0.000559
706.050000 0.000567
706.100000 0.000575
706.150000 0.000583
706.200000 0.000592
706.250000 0.000600
706.300000 0.000609
706.350000 0.000619
706.400000 0.000628
706.450000 0.000638
706.500000 0.000648
706.550000 0.000658
706.600000 0.000668
706.650000 0.000679
706.700000 0.000690
706.750000 0.000702
706.800000 0.000713
706.850000 0.000725
706.900000 0.000738
706.950000 0.000750
707.000000 0.000764
707.050000 0.000777
707.100000 0.000791
707.150000 0.000805
707.200000 0.000820
707.250000 0.000835
707.300000 0.000851
707.350000 0.000867
707.400000 0.000884
707.450000 0.000901
707.500000 0.000919
707.550000 0.000938
707.600000 0.000957
707.650000 0.000977
707.700000 0.000998
707.750000 0.001020
707.800000 0.001042
707.850000 0.001065
707.900000 0.001089
707.950000 0.001114
708.000000 0.001140
708.050000 0.001168
708.100000 0.001196
708.150000 0.001226
708.200000 0.001257
708.250000 0.001290
708.300000 0.001324
708.350000 0.001360
708.400000 0.001398
708.450000 0.001437
708.500000 0.001479
708.550000 0.001523
708.600000 0.001570
708.650000 0.001619
708.700000 0.001671
708.750000 0.001727
708.800000 0.001786
708.850000 0.001849
708.900000 0.001916
708.950000 0.001988
709.000000 0.002066
709.050000 0.002149
709.100000 0.002239
709.150000 0.002336
709.200000 0.002441
709.250000 0.002555
709.300000 0.002680
709.350000 0.002817
709.400000 0.002966
709.450000 0.003130
709.500000 0.003311
709.550000 0.003511
709.600000 0.003731
709.650000 0.003975
709.700000 0.004245
709.750000 0.004543
709.800000 0.004870
709.850000 0.005227
709.900000 0.005614
709.950000 0.006028
710.000000 0.006461
710.050000 0.006905
710.100000 0.007345
710.150000 0.007765
710.200000 0.008144
710.250000 0.008463
710.300000 0.008707
710.350000 0.008864
710.400000 0.008935
710.450000 0.008924
710.500000 0.008846
710.550000 0.008721
710.600000 0.008570
710.650000 0.008412
710.700000 0.008264
710.750000 0.008140
710.800000 0.008048
710.850000 0.007990
710.900000 0.007966
710.950000 0.007974
711.000000 0.008009
711.050000 0.008065
711.100000 0.008137
711.150000 0.008222
711.200000 0.008319
711.250000 0.008429
711.300000 0.008554
711.350000 0.008700
711.400000 0.008871
711.450000 0.009075
711.500000 0.009317
711.550000 0.009603
711.600000 0.009939
711.650000 0.010329
711.700000 0.010778
711.750000 0.011293
711.800000 0.011878
711.850000 0.012541
711.900000 0.013290
711.950000 0.014133
712.000000 0.015081
712.050000 0.016141
712.100000 0.017324
712.150000 0.018633
712.200000 0.020070
712.250000 0.021630
712.300000 0.023299
712.350000 0.025056
712.400000 0.026866
712.450000 0.028689
712.500000 0.030476
712.550000 0.032181
712.600000 0.033758
712.650000 0.035174
712.700000 0.036406
712.750000 0.037443
712.800000 0.038285
712.850000 0.038940
712.900000 0.039418
712.950000 0.039733
713.000000 0.039896
713.050000 0.039918
713.100000 0.039808
713.150000 0.039577
713.200000 0.039235
713.250000 0.038798
713.300000 0.038288
713.350000 0.037734
713.400000 0.037172
713.450000 0.036643
713.500000 0.036184
713.550000 0.035833
713.600000 0.035616
713.650000 0.035551
713.700000 0.035645
713.750000 0.035896
713.800000 0.036292
713.850000 0.036818
713.900000 0.037452
713.950000 0.038171
714.000000 0.038947
714.050000 0.039749
714.100000 0.040540
714.150000 0.041277
714.200000 0.041910
714.250000 0.042389
714.300000 0.042662
714.350000 0.042688
714.400000 0.042439
714.450000 0.041905
714.500000 0.041093
714.550000 0.040029
714.600000 0.038748
714.650000 0.037298
714.700000 0.035728
714.750000 0.034087
714.800000 0.032423
714.850000 0.030777
714.900000 0.029183
714.950000 0.027665
715.000000 0.026242
715.050000 0.024920
715.100000 0.023700
715.150000 0.022579
715.200000 0.021548
715.250000 0.020598
715.300000 0.019722
715.350000 0.018911
715.400000 0.018158
715.450000 0.017459
715.500000 0.016810
715.550000 0.016207
715.600000 0.015650
715.650000 0.015135
715.700000 0.014662
715.750000 0.014228
715.800000 0.013831
715.850000 0.013471
715.900000 0.013148
715.950000 0.012860
716.000000 0.012609
716.050000 0.012396
716.100000 0.012220
716.150000 0.012081
716.200000 0.011977
716.250000 0.011906
716.300000 0.011864
716.350000 0.011843
716.400000 0.011837
716.450000 0.011836
716.500000 0.011830
716.550000 0.011807
716.600000 0.011757
716.650000 0.011669
716.700000 0.011534
716.750000 0.011346
716.800000 0.011104
716.850000 0.010808
716.900000 0.010465
716.950000 0.010084
717.000000 0.009673
717.050000 0.009245
717.100000 0.008810
717.150000 0.008377
717.200000 0.007952
717.250000 0.007543
717.300000 0.007152
717.350000 0.006783
717.400000 0.006436
717.450000 0.006112
717.500000 0.005810
717.550000 0.005530
717.600000 0.005270
717.650000 0.005030
717.700000 0.004807
717.750000 0.004602
717.800000 0.004413
717.850000 0.004239
717.900000 0.004077
717.950000 0.003928
718.000000 0.003790
718.050000 0.003662
718.100000 0.003542
718.150000 0.003430
718.200000 0.003325
718.250000 0.003226
718.300000 0.003133
718.350000 0.003045
718.400000 0.002963
718.450000 0.002884
718.500000 0.002810
718.550000 0.002739
718.600000 0.002671
718.650000 0.002607
718.700000 0.002545
718.750000 0.002487
718.800000 0.002431
718.850000 0.002378
718.900000 0.002329
718.950000 0.002283
719.000000 0.002239
719.050000 0.002198
719.100000 0.002160
719.150000 0.002125
719.200000 0.002091
719.250000 0.002058
719.300000 0.002026
719.350000 0.001995
719.400000 0.001965
719.450000 0.001935
719.500000 0.001905
719.550000 0.001875
719.600000 0.001847
719.650000 0.001819
719.700000 0.001793
719.750000 0.001768
719.800000 0.001746
719.850000 0.001725
719.900000 0.001705
719.950000 0.001688
720.000000 0.001672
720.050000 0.001657
720.100000 0.001643
720.150000 0.001631
720.200000 0.001620
720.250000 0.001611
720.300000 0.001603
720.350000 0.001597
720.400000 0.001593
720.450000 0.001591
720.500000 0.001590
720.550000 0.001591
720.600000 0.001594
720.650000 0.001598
720.700000 0.001602
720.750000 0.001607
720.800000 0.001612
720.850000 0.001617
720.900000 0.001621
720.950000 0.001626
721.000000 0.001631
721.050000 0.001637
721.100000 0.001643
721.150000 0.001651
721.200000 0.001660
721.250000 0.001672
721.300000 0.001685
721.350000 0.001700
721.400000 0.001718
721.450000 0.001738
721.500000 0.001761
721.550000 0.001786
721.600000 0.001815
721.650000 0.001847
721.700000 0.001883
721.750000 0.001924
721.800000 0.001969
721.850000 0.002019
721.900000 0.002076
721.950000 0.002139
722.000000 0.002210
722.050000 0.002289
722.100000 0.002377
722.150000 0.002476
722.200000 0.002586
722.250000 0.002708
722.300000 0.002845
722.350000 0.002997
722.400000 0.003164
722.450000 0.003349
722.500000 0.003549
722.550000 0.003765
722.600000 0.003993
722.650000 0.004230
722.700000 0.004467
722.750000 0.004698
722.800000 0.004910
722.850000 0.005095
722.900000 0.005243
722.950000 0.005345
723.000000 0.005400
723.050000 0.005409
723.100000 0.005376
723.150000 0.005312
723.200000 0.005227
723.250000 0.005133
723.300000 0.005039
723.350000 0.004954
723.400000 0.004886
723.450000 0.004839
723.500000 0.004815
723.550000 0.004818
723.600000 0.004847
723.650000 0.004905
723.700000 0.004991
723.750000 0.005106
723.800000 0.005251
723.850000 0.005427
723.900000 0.005635
723.950000 0.005877
724.000000 0.006154
724.050000 0.006469
724.100000 0.006825
724.150000 0.007224
724.200000 0.007672
724.250000 0.008172
724.300000 0.008730
724.350000 0.009349
724.400000 0.010036
724.450000 0.010794
724.500000 0.011626
724.550000 0.012533
724.600000 0.013510
724.650000 0.014553
724.700000 0.015648
724.750000 0.016784
724.800000 0.017942
724.850000 0.019105
724.900000 0.020255
724.950000 0.021376
725.000000 0.022450
725.050000 0.023456
725.100000 0.024373
725.150000 0.025174
725.200000 0.025836
725.250000 0.026335
725.300000 0.026659
725.350000 0.026808
725.400000 0.026792
725.450000 0.026635
725.500000 0.026368
725.550000 0.026025
725.600000 0.025639
725.650000 0.025237
725.700000 0.024846
725.750000 0.024484
725.800000 0.024167
725.850000 0.023907
725.900000 0.023710
725.950000 0.023579
726.000000 0.023507
726.050000 0.023482
726.100000 0.023481
726.150000 0.023476
726.200000 0.023437
726.250000 0.023331
726.300000 0.023132
726.350000 0.022823
726.400000 0.022397
726.450000 0.021858
726.500000 0.021216
726.550000 0.020490
726.600000 0.019698
726.650000 0.018859
726.700000 0.017991
726.750000 0.017108
726.800000 0.016226
726.850000 0.015356
726.900000 0.014511
726.950000 0.013701
727.000000 0.012932
727.050000 0.012211
727.100000 0.011538
727.150000 0.010912
727.200000 0.010332
727.250000 0.009792
727.300000 0.009289
727.350000 0.008819
727.400000 0.008381
727.450000 0.007973
727.500000 0.007596
727.550000 0.007250
727.600000 0.006934
727.650000 0.006648
727.700000 0.006391
727.750000 0.006160
727.800000 0.005952
727.850000 0.005764
727.900000 0.005596
727.950000 0.005444
728.000000 0.005309
728.050000 0.005189
728.100000 0.005085
728.150000 0.004997
728.200000 0.004924
728.250000 0.004865
728.300000 0.004818
728.350000 0.004782
728.400000 0.004754
728.450000 0.004730
728.500000 0.004709
728.550000 0.004688
728.600000 0.004664
728.650000 0.004635
728.700000 0.004601
728.750000 0.004560
728.800000 0.004514
728.850000 0.004461
728.900000 0.004404
728.950000 0.004340
729.000000 0.004270
729.050000 0.004193
729.100000 0.004107
729.150000 0.004011
729.200000 0.003903
729.250000 0.003784
729.300000 0.003655
729.350000 0.003518
729.400000 0.003376
729.450000 0.003233
729.500000 0.003091
729.550000 0.002954
729.600000 0.002823
729.650000 0.002699
729.700000 0.002582
729.750000 0.002473
729.800000 0.002370
729.850000 0.002272
729.900000 0.002178
729.950000 0.002088
730.000000 0.002002
730.050000 0.001919
730.100000 0.001840
730.150000 0.001765
730.200000 0.001694
730.250000 0.001628
730.300000 0.001565
730.350000 0.001507
730.400000 0.001452
730.450000 0.001401
730.500000 0.001354
730.550000 0.001310
730.600000 0.001269
730.650000 0.001231
730.700000 0.001196
730.750000 0.001164
730.800000 0.001134
730.850000 0.001107
730.900000 0.001082
730.950000 0.001059
731.000000 0.001038
731.050000 0.001018
731.100000 0.000999
731.150000 0.000981
731.200000 0.000964
731.250000 0.000947
731.300000 0.000930
731.350000 0.000913
731.400000 0.000896
731.450000 0.000878
731.500000 0.000861
731.550000 0.000844
731.600000 0.000827
731.650000 0.000810
731.700000 0.000793
731.750000 0.000776
731.800000 0.000760
731.850000 0.000745
731.900000 0.000730
731.950000 0.000716
732.000000 0.000703
732.050000 0.000691
732.100000 0.000680
732.150000 0.000669
732.200000 0.000659
732.250000 0.000650
732.300000 0.000642
732.350000 0.000635
732.400000 0.000628
732.450000 0.000622
732.500000 0.000617
732.550000 0.000612
732.600000 0.000607
732.650000 0.000602
732.700000 0.000597
732.750000 0.000591
732.800000 0.000585
732.850000 0.000578
732.900000 0.000570
732.950000 0.000562
733.000000 0.000553
733.050000 0.000543
733.100000 0.000534
733.150000 0.000524
733.200000 0.000514
733.250000 0.000504
733.300000 0.000495
733.350000 0.000487
733.400000 0.000479
733.450000 0.000472
733.500000 0.000465
733.550000 0.000459
733.600000 0.000452
733.650000 0.000447
733.700000 0.000441
733.750000 0.000435
733.800000 0.000428
733.850000 0.000421
733.900000 0.000414
733.950000 0.000407
734.000000 0.000399
734.050000 0.000391
734.100000 0.000383
734.150000 0.000375
734.200000 0.000367
734.250000 0.000359
734.300000 0.000352
734.350000 0.000345
734.400000 0.000338
734.450000 0.000331
734.500000 0.000325
734.550000 0.000319
734.600000 0.000313
734.650000 0.000308
734.700000 0.000303
734.750000 0.000298
734.800000 0.000293
734.850000 0.000289
734.900000 0.000285
734.950000 0.000282
735.000000 0.000278
735.050000 0.000275
735.100000 0.000272
735.150000 0.000270
735.200000 0.000267
735.250000 0.000265
735.300000 0.000262
735.350000 0.000260
735.400000 0.000258
735.450000 0.000256
735.500000 0.000254
735.550000 0.000252
735.600000 0.000250
735.650000 0.000247
735.700000 0.000245
735.750000 0.000242
735.800000 0.000240
735.850000 0.000237
735.900000 0.000234
735.950000 0.000232
736.000000 0.000229
736.050000 0.000226
736.100000 0.000223
736.150000 0.000221
736.200000 0.000218
736.250000 0.000215
736.300000 0.000213
736.350000 0.000210
736.400000 0.000208
736.450000 0.000206
736.500000 0.000203
736.550000 0.000201
736.600000 0.000199
736.650000 0.000197
736.700000 0.000195
736.750000 0.000193
736.800000 0.000191
736.850000 0.000189
736.900000 0.000187
736.950000 0.000185
737.000000 0.000184
737.050000 0.000182
737.100000 0.000180
737.150000 0.000178
737.200000 0.000177
737.250000 0.000175
737.300000 0.000173
737.350000 0.000172
737.400000 0.000170
737.450000 0.000169
737.500000 0.000167
737.550000 0.000166
737.600000 0.000164
737.650000 0.000163
737.700000 0.000162
737.750000 0.000160
737.800000 0.000159
737.850000 0.000158
737.900000 0.000157
737.950000 0.000155
738.000000 0.000154
738.050000 0.000153
738.100000 0.000152
738.150000 0.000151
738.200000 0.000150
738.250000 0.000149
738.300000 0.000147
738.350000 0.000146
738.400000 0.000145
738.450000 0.000144
738.500000 0.000143
738.550000 0.000142
738.600000 0.000141
738.650000 0.000141
738.700000 0.000140
738.750000 0.000139
738.800000 0.000138
738.850000 0.000137
738.900000 0.000136
738.950000 0.000135
739.000000 0.000134
739.050000 0.000133
739.100000 0.000133
739.150000 0.000132
739.200000 0.000131
739.250000 0.000130
739.300000 0.000129
739.350000 0.000128
739.400000 0.000127
739.450000 0.000126
739.500000 0.000125
739.550000 0.000124
739.600000 0.000124
739.650000 0.000123
739.700000 0.000122
739.750000 0.000121
739.800000 0.000120
739.850000 0.000120
739.900000 0.000119
739.950000 0.000118
740.000000 0.000117
740.050000 0.000116
740.100000 0.000116
740.150000 0.000115
740.200000 0.000114
740.250000 0.000114
740.300000 0.000113
740.350000 0.000112
740.400000 0.000112
740.450000 0.000111
740.500000 0.000110
740.550000 0.000109
740.600000 0.000109
740.650000 0.000108
740.700000 0.000108
740.750000 0.000107
740.800000 0.000106
740.850000 0.000106
740.900000 0.000105
740.950000 0.000104
741.000000 0.000104
741.050000 0.000103
741.100000 0.000103
741.150000 0.000102
741.200000 0.000102
741.250000 0.000101
741.300000 0.000100
741.350000 0.000100
741.400000 0.000099
741.450000 0.000099
741.500000 0.000098
741.550000 0.000098
741.600000 0.000097
741.650000 0.000097
741.700000 0.000096
741.750000 0.000095
741.800000 0.000095
741.850000 0.000094
741.900000 0.000094
741.950000 0.000093
742.000000 0.000093
742.050000 0.000092
742.100000 0.000092
742.150000 0.000091
742.200000 0.000091
742.250000 0.000091
742.300000 0.000090
742.350000 0.000090
742.400000 0.000089
742.450000 0.000089
742.500000 0.000088
742.550000 0.000088
742.600000 0.000087
742.650000 0.000087
742.700000 0.000086
742.750000 0.000086
742.800000 0.000086
742.850000 0.000085
742.900000 0.000085
742.950000 0.000084
743.000000 0.000084
743.050000 0.000083
743.100000 0.000083
743.150000 0.000083
743.200000 0.000082
743.250000 0.000082
743.300000 0.000081
743.350000 0.000081
743.400000 0.000081
743.450000 0.000080
743.500000 0.000080
743.550000 0.000079
743.600000 0.000079
743.650000 0.000079
743.700000 0.000078
743.750000 0.000078
743.800000 0.000077
743.850000 0.000077
743.900000 0.000077
743.950000 0.000076
744.000000 0.000076
744.050000 0.000076
744.100000 0.000075
744.150000 0.000075
744.200000 0.000075
744.250000 0.000074
744.300000 0.000074
744.350000 0.000074
744.400000 0.000073
744.450000 0.000073
744.500000 0.000073
744.550000 0.000072
744.600000 0.000072
744.650000 0.000072
744.700000 0.000071
744.750000 0.000071
744.800000 0.000071
744.850000 0.000070
744.900000 0.000070
744.950000 0.000070
745.000000 0.000069
745.050000 0.000069
745.100000 0.000069
745.150000 0.000068
745.200000 0.000068
745.250000 0.000068
745.300000 0.000068
745.350000 0.000067
745.400000 0.000067
745.450000 0.000067
745.500000 0.000066
745.550000 0.000066
745.600000 0.000066
745.650000 0.000066
745.700000 0.000065
745.750000 0.000065
745.800000 0.000065
745.850000 0.000064
745.900000 0.000064
745.950000 0.000064
746.000000 0.000064
746.050000 0.000063
746.100000 0.000063
746.150000 0.000063
746.200000 0.000063
746.250000 0.000062
746.300000 0.000062
746.350000 0.000062
746.400000 0.000061
746.450000 0.000061
746.500000 0.000061
746.550000 0.000061
746.600000 0.000060
746.650000 0.000060
746.700000 0.000060
746.750000 0.000060
746.800000 0.000060
746.850000 0.000059
746.900000 0.000059
746.950000 0.000059
747.000000 0.000059
747.050000 0.000058
747.100000 0.000058
747.150000 0.000058
747.200000 0.000058
747.250000 0.000057
747.300000 0.000057
747.350000 0.000057
747.400000 0.000057
747.450000 0.000056
747.500000 0.000056
747.550000 0.000056
747.600000 0.000056
747.650000 0.000056
747.700000 0.000055
747.750000 0.000055
747.800000 0.000055
747.850000 0.000055
747.900000 0.000055
747.950000 0.000054
748.000000 0.000054
748.050000 0.000054
748.100000 0.000054
748.150000 0.000053
748.200000 0.000053
748.250000 0.000053
748.300000 0.000053
748.350000 0.000053
748.400000 0.000052
748.450000 0.000052
748.500000 0.000052
748.550000 0.000052
748.600000 0.000052
748.650000 0.000051
748.700000 0.000051
748.750000 0.000051
748.800000 0.000051
748.850000 0.000051
748.900000 0.000051
748.950000 0.000050
749.000000 0.000050
749.050000 0.000050
749.100000 0.000050
749.150000 0.000050
749.200000 0.000049
749.250000 0.000049
749.300000 0.000049
749.350000 0.000049
749.400000 0.000049
749.450000 0.000049
749.500000 0.000048
749.550000 0.000048
749.600000 0.000048
749.650000 0.000048
749.700000 0.000048
749.750000 0.000047
749.800000 0.000046
749.850000 0.000042
749.900000 0.000037
749.950000 0.000028

#Sticks
710.350000 0.009496
711.000000 0.000070
711.100000 0.001592
711.150000 0.000613
711.250000 0.000001
711.300000 0.000016
711.350000 0.000405
711.400000 0.000025
711.550000 0.000031
711.700000 0.000164
711.850000 0.000520
711.950000 0.000083
712.100000 0.000001
712.250000 0.000361
712.300000 0.000102
712.350000 0.000053
712.500000 0.000112
712.550000 0.002473
712.600000 0.017068
712.700000 0.003358
712.750000 0.001638
712.850000 0.003393
712.900000 0.005529
712.950000 0.008338
713.050000 0.001700
713.100000 0.002089
713.150000 0.000353
713.250000 0.016235
713.300000 0.001304
713.400000 0.001368
713.500000 0.000196
713.550000 0.001799
713.650000 0.000670
713.750000 0.001899
713.850000 0.004591
714.000000 0.008056
714.100000 0.000005
714.250000 0.006607
714.350000 0.016144
714.400000 0.004396
714.450000 0.003954
714.500000 0.009722
714.600000 0.000174
714.650000 0.003385
714.700000 0.004216
714.750000 0.003050
714.800000 0.000777
714.900000 0.000398
714.950000 0.000021
715.000000 0.000009
715.050000 0.002056
715.100000 0.000001
715.150000 0.000038
715.200000 0.001056
715.250000 0.001932
715.300000 0.000234
715.350000 0.000009
715.400000 0.000393
715.450000 0.000939
715.500000 0.001341
715.550000 0.000354
715.600000 0.000100
715.650000 0.000004
715.700000 0.000972
715.750000 0.000307
715.800000 0.000232
715.850000 0.000890
715.900000 0.000767
716.000000 0.000106
716.050000 0.000475
716.150000 0.000264
716.250000 0.000971
716.300000 0.000036
716.350000 0.000019
716.400000 0.000833
716.450000 0.000047
716.500000 0.001486
716.550000 0.000082
716.600000 0.001263
716.650000 0.000274
716.700000 0.001959
716.750000 0.000017
716.800000 0.003551
716.850000 0.000181
716.900000 0.000599
716.950000 0.000635
717.050000 0.000024
717.100000 0.000193
717.150000 0.000919
717.250000 0.000162
717.300000 0.000075
717.350000 0.000023
717.400000 0.000018
717.450000 0.000017
717.500000 0.000531
717.550000 0.000031
717.650000 0.000005
717.700000 0.000053
717.750000 0.000008
717.800000 0.000045
717.850000 0.000174
717.900000 0.000030
718.000000 0.000048
718.050000 0.000091
718.100000 0.000058
718.150000 0.000005
718.200000 0.000074
718.250000 0.000109
718.300000 0.000006
718.350000 0.000003
718.400000 0.000053
718.450000 0.000041
718.550000 0.000010
718.600000 0.000192
718.650000 0.000024
718.750000 0.000029
718.800000 0.000006
718.850000 0.000051
718.900000 0.000021
719.000000 0.000012
719.050000 0.000029
719.100000 0.000008
719.150000 0.000063
719.300000 0.000069
719.350000 0.000008
719.400000 0.000114
719.450000 0.000026
719.500000 0.000036
719.550000 0.000033
719.600000 0.000005
719.650000 0.000001
719.700000 0.000001
719.800000 0.000011
719.900000 0.000012
719.950000 0.000003
720.050000 0.000090
720.100000 0.000010
720.150000 0.000002
720.200000 0.000020
720.300000 0.000005
720.350000 0.000002
720.450000 0.000016
720.550000 0.000007
720.650000 0.000012
720.750000 0.000026
720.800000 0.000001
720.850000 0.000142
720.900000 0.000015
721.000000 0.000014
721.050000 0.000010
721.150000 0.000003
721.250000 0.000001
721.350000 0.000033
721.400000 0.000015
721.550000 0.000026
721.650000 0.000001
721.700000 0.000009
721.850000 0.000001
721.900000 0.000003
721.950000 0.000001
722.000000 0.000001
722.150000 0.000004
722.200000 0.000003
722.250000 0.000001
722.450000 0.000005
722.600000 0.000001
722.650000 0.000002
722.700000 0.000031
722.800000 0.000060
722.900000 0.000015
722.950000 0.004968
723.000000 0.000010
723.100000 0.000038
723.150000 0.000090
723.250000 0.000004
723.400000 0.000004
723.550000 0.000015
724.050000 0.000027
724.150000 0.000135
724.200000 0.000001
724.250000 0.000021
724.300000 0.000026
724.350000 0.000088
724.400000 0.000209
724.600000 0.000041
724.700000 0.000002
724.850000 0.001591
724.900000 0.007427
725.000000 0.000898
725.150000 0.000489
725.250000 0.018135
725.350000 0.003355
725.450000 0.001322
725.500000 0.000139
725.550000 0.003415
725.600000 0.001671
725.700000 0.000288
725.750000 0.002159
725.800000 0.003406
725.850000 0.000548
725.900000 0.000045
726.050000 0.000726
726.200000 0.004057
726.300000 0.006683
726.350000 0.006709
726.400000 0.000271
726.500000 0.003155
726.650000 0.002104
726.750000 0.003546
726.850000 0.001055
727.000000 0.000477
727.150000 0.000016
727.200000 0.000279
727.300000 0.002064
727.500000 0.000052
727.750000 0.000142
727.850000 0.000380
727.900000 0.000665
728.100000 0.000002
728.200000 0.000151
728.250000 0.000001
728.300000 0.000311
728.400000 0.000143
728.450000 0.000294
728.550000 0.000354
728.600000 0.000024
728.650000 0.000443
728.700000 0.000954
728.800000 0.000042
728.900000 0.000372
729.000000 0.000135
729.050000 0.000177
729.100000 0.000107
729.150000 0.000121
729.200000 0.000687
729.250000 0.000997
729.350000 0.000070
729.400000 0.000046
729.450000 0.000082
729.550000 0.000017
729.650000 0.000046
729.750000 0.000006
729.850000 0.000359
729.950000 0.000125
730.000000 0.000025
730.200000 0.000020
730.350000 0.000029
730.400000 0.000048
730.450000 0.000035
730.550000 0.000007
730.650000 0.000007
730.800000 0.000002
730.850000 0.000005
730.900000 0.000014
730.950000 0.000019
731.050000 0.000026
731.100000 0.000010
731.150000 0.000002
731.250000 0.000049
731.350000 0.000077
731.400000 0.000001
731.450000 0.000003
731.500000 0.000012
731.650000 0.000029
731.700000 0.000042
731.750000 0.000001
731.800000 0.000002
731.900000 0.000008
732.000000 0.000012
732.200000 0.000033
732.250000 0.000004
732.450000 0.000014
732.600000 0.000010
732.650000 0.000006
732.750000 0.000046
732.800000 0.000046
732.850000 0.000003
733.000000 0.000058
733.150000 0.000019
733.400000 0.000007
733.450000 0.000005
733.700000 0.000028
733.750000 0.000001
733.800000 0.000031
733.900000 0.000020
733.950000 0.000006
734.100000 0.000009
734.250000 0.000011
734.750000 0.000001
735.250000 0.000001
735.350000 0.000001
735.450000 0.000004
735.550000 0.000002
735.700000 0.000015
735.850000 0.000002
736.050000 0.000002
736.100000 0.000002
736.400000 0.000002
736.800000 0.000002
736.900000 0.000001
739.100000 0.000002
