700.000000 0.000185
700.050000 0.000240
700.100000 0.000279
700.150000 0.000301
700.200000 0.000311
700.250000 0.000317
700.300000 0.000320
700.350000 0.000322
700.400000 0.000325
700.450000 0.000328
700.500000 0.000330
700.550000 0.000333
700.600000 0.000335
700.650000 0.000338
700.700000 0.000341
700.750000 0.000344
700.800000 0.000347
700.850000 0.000349
700.900000 0.000352
700.950000 0.000355
701.000000 0.000358
701.050000 0.000361
701.100000 0.000364
701.150000 0.000367
701.200000 0.000370
701.250000 0.000374
701.300000 0.000377
701.350000 0.000380
701.400000 0.000383
701.450000 0.000387
701.500000 0.000390
701.550000 0.000394
701.600000 0.000397
701.650000 0.000401
701.700000 0.000404
701.750000 0.000408
701.800000 0.000412
701.850000 0.000415
701.900000 0.000419
701.950000 0.000423
702.000000 0.000427
702.050000 0.000431
702.100000 0.000435
702.150000 0.000439
702.200000 0.000443
702.250000 0.000448
702.300000 0.000452
702.350000 0.000456
702.400000 0.000461
702.450000 0.000465
702.500000 0.000470
702.550000 0.000474
702.600000 0.000479
702.650000 0.000484
702.700000 0.000489
702.750000 0.000494
702.800000 0.000499
702.850000 0.000504
702.900000 0.000509
702.950000 0.000514
703.000000 0.000520
703.050000 0.000525
703.100000 0.000530
703.150000 0.000536
703.200000 0.000542
703.250000 0.000548
703.300000 0.000554
703.350000 0.000560
703.400000 0.000566
703.450000 0.000572
703.500000 0.000578
703.550000 0.000585
703.600000 0.000591
703.650000 0.000598
703.700000 0.000605
703.750000 0.000612
703.800000 0.000619
703.850000 0.000626
703.900000 0.000634
703.950000 0.000641
704.000000 0.000649
704.050000 0.000657
704.100000 0.000665
704.150000 0.000673
704.200000 0.000681
704.250000 0.000689
704.300000 0.000698
704.350000 0.000707
704.400000 0.000716
704.450000 0.000725
704.500000 0.000734
704.550000 0.000744
704.600000 0.000753
704.650000 0.000763
704.700000 0.000773
704.750000 0.000784
704.800000 0.000794
704.850000 0.000805
704.900000 0.000816
704.950000 0.000828
705.000000 0.000839
705.050000 0.000851
705.100000 0.000863
705.150000 0.000876
705.200000 0.000888
705.250000 0.000901
705.300000 0.000915
705.350000 0.000928
705.400000 0.000942
705.450000 0.000957
705.500000 0.000971
705.550000 0.000987
705.600000 0.001002
705.650000 0.001018
705.700000 0.001034
705.750000 0.001051
705.800000 0.001068
705.850000 0.001086
705.900000 0.001104
705.950000 0.001123
706.000000 0.001142
706.050000 0.001162
706.100000 0.001182
706.150000 0.001203
706.200000 0.001224
706.250000 0.001247
706.300000 0.001269
706.350000 0.001293
706.400000 0.001317
706.450000 0.001343
706.500000 0.001368
706.550000 0.001395
706.600000 0.001423
706.650000 0.001451
706.700000 0.001481
706.750000 0.001512
706.800000 0.001543
706.850000 0.001576
706.900000 0.001610
706.950000 0.001645
707.000000 0.001682
707.050000 0.001720
707.100000 0.001759
707.150000 0.001800
707.200000 0.001843
707.250000 0.001887
707.300000 0.001934
707.350000 0.001982
707.400000 0.002032
707.450000 0.002084
707.500000 0.002139
707.550000 0.002197
707.600000 0.002257
707.650000 0.002319
707.700000 0.002385
707.750000 0.002454
707.800000 0.002527
707.850000 0.002603
707.900000 0.002684
707.950000 0.002768
708.000000 0.002858
708.050000 0.002952
708.100000 0.003052
708.150000 0.003158
708.200000 0.003270
708.250000 0.003389
708.300000 0.003516
708.350000 0.003651
708.400000 0.003795
708.450000 0.003948
708.500000 0.004113
708.550000 0.004289
708.600000 0.004479
708.650000 0.004683
708.700000 0.004903
708.750000 0.005141
708.800000 0.005399
708.850000 0.005679
708.900000 0.005984
708.950000 0.006316
709.000000 0.006680
709.050000 0.007078
709.100000 0.007516
709.150000 0.007999
709.200000 0.008532
709.250000 0.009123
709.300000 0.009779
709.350000 0.010509
709.400000 0.011323
709.450000 0.012232
709.500000 0.013249
709.550000 0.014387
709.600000 0.015657
709.650000 0.017074
709.700000 0.018648
709.750000 0.020383
709.800000 0.022277
709.850000 0.024318
709.900000 0.026473
709.950000 0.028693
710.000000 0.030902
710.050000 0.033003
710.100000 0.034882
710.150000 0.036421
710.200000 0.037511
710.250000 0.038074
710.300000 0.038073
710.350000 0.037525
710.400000 0.036491
710.450000 0.035071
710.500000 0.033382
710.550000 0.031547
710.600000 0.029672
710.650000 0.027846
710.700000 0.026131
710.750000 0.024568
710.800000 0.023178
710.850000 0.021969
710.900000 0.020935
710.950000 0.020064
711.000000 0.019340
711.050000 0.018744
711.100000 0.018258
711.150000 0.017861
711.200000 0.017539
711.250000 0.017277
711.300000 0.017063
711.350000 0.016890
711.400000 0.016751
711.450000 0.016643
711.500000 0.016566
711.550000 0.016520
711.600000 0.016510
711.650000 0.016541
711.700000 0.016620
711.750000 0.016756
711.800000 0.016957
711.850000 0.017234
711.900000 0.017597
711.950000 0.018055
712.000000 0.018618
712.050000 0.019294
712.100000 0.020089
712.150000 0.021007
712.200000 0.022046
712.250000 0.023202
712.300000 0.024462
712.350000 0.025808
712.400000 0.027216
712.450000 0.028655
712.500000 0.030094
712.550000 0.031502
712.600000 0.032854
712.650000 0.034136
712.700000 0.035345
712.750000 0.036491
712.800000 0.037595
712.850000 0.038684
712.900000 0.039785
712.950000 0.040925
713.000000 0.042126
713.050000 0.043408
713.100000 0.044790
713.150000 0.046292
713.200000 0.047937
713.250000 0.049750
713.300000 0.051750
713.350000 0.053946
713.400000 0.056330
713.450000 0.058873
713.500000 0.061520
713.550000 0.064199
713.600000 0.066824
713.650000 0.069307
713.700000 0.071575
713.750000 0.073579
713.800000 0.075300
713.850000 0.076747
713.900000 0.077946
713.950000 0.078925
714.000000 0.079698
714.050000 0.080252
714.100000 0.080548
714.150000 0.080523
714.200000 0.080109
714.250000 0.079249
714.300000 0.077916
714.350000 0.076120
714.400000 0.073915
714.450000 0.071392
714.500000 0.068659
714.550000 0.065830
714.600000 0.063006
714.650000 0.060263
714.700000 0.057647
714.750000 0.055172
714.800000 0.052829
714.850000 0.050588
714.900000 0.048414
714.950000 0.046272
715.000000 0.044134
715.050000 0.041987
715.100000 0.039832
715.150000 0.037682
715.200000 0.035560
715.250000 0.033496
715.300000 0.031514
715.350000 0.029637
715.400000 0.027879
715.450000 0.026249
715.500000 0.024749
715.550000 0.023375
715.600000 0.022123
715.650000 0.020986
715.700000 0.019958
715.750000 0.019033
715.800000 0.018204
715.850000 0.017467
715.900000 0.016815
715.950000 0.016241
716.000000 0.015738
716.050000 0.015300
716.100000 0.014916
716.150000 0.014579
716.200000 0.014280
716.250000 0.014009
716.300000 0.013760
716.350000 0.013526
716.400000 0.013302
716.450000 0.013082
716.500000 0.012863
716.550000 0.012643
716.600000 0.012417
716.650000 0.012184
716.700000 0.011941
716.750000 0.011688
716.800000 0.011424
716.850000 0.011151
716.900000 0.010870
716.950000 0.010584
717.000000 0.010295
717.050000 0.010006
717.100000 0.009717
717.150000 0.009429
717.200000 0.009142
717.250000 0.008856
717.300000 0.008571
717.350000 0.008288
717.400000 0.008009
717.450000 0.007736
717.500000 0.007472
717.550000 0.007217
717.600000 0.006973
717.650000 0.006740
717.700000 0.006517
717.750000 0.006305
717.800000 0.006102
717.850000 0.005908
717.900000 0.005721
717.950000 0.005541
718.000000 0.005367
718.050000 0.005199
718.100000 0.005036
718.150000 0.004880
718.200000 0.004729
718.250000 0.004585
718.300000 0.004448
718.350000 0.004318
718.400000 0.004197
718.450000 0.004083
718.500000 0.003976
718.550000 0.003878
718.600000 0.003786
718.650000 0.003703
718.700000 0.003626
718.750000 0.003557
718.800000 0.003495
718.850000 0.003440
718.900000 0.003392
718.950000 0.003350
719.000000 0.003314
719.050000 0.003281
719.100000 0.003250
719.150000 0.003219
719.200000 0.003187
719.250000 0.003152
719.300000 0.003114
719.350000 0.003070
719.400000 0.003022
719.450000 0.002971
719.500000 0.002917
719.550000 0.002861
719.600000 0.002804
719.650000 0.002748
719.700000 0.002693
719.750000 0.002640
719.800000 0.002590
719.850000 0.002543
719.900000 0.002499
719.950000 0.002458
720.000000 0.002420
720.050000 0.002386
720.100000 0.002356
720.150000 0.002328
720.200000 0.002303
720.250000 0.002281
720.300000 0.002261
720.350000 0.002242
720.400000 0.002225
720.450000 0.002208
720.500000 0.002192
720.550000 0.002176
720.600000 0.002161
720.650000 0.002145
720.700000 0.002130
720.750000 0.002115
720.800000 0.002101
720.850000 0.002088
720.900000 0.002075
720.950000 0.002064
721.000000 0.002053
721.050000 0.002042
721.100000 0.002033
721.150000 0.002023
721.200000 0.002014
721.250000 0.002005
721.300000 0.001995
721.350000 0.001987
721.400000 0.001978
721.450000 0.001970
721.500000 0.001963
721.550000 0.001957
721.600000 0.001952
721.650000 0.001949
721.700000 0.001947
721.750000 0.001948
721.800000 0.001950
721.850000 0.001953
721.900000 0.001959
721.950000 0.001967
722.000000 0.001977
722.050000 0.001989
722.100000 0.002003
722.150000 0.002018
722.200000 0.002036
722.250000 0.002056
722.300000 0.002078
722.350000 0.002102
722.400000 0.002128
722.450000 0.002157
722.500000 0.002188
722.550000 0.002222
722.600000 0.002258
722.650000 0.002297
722.700000 0.002339
722.750000 0.002384
722.800000 0.002433
722.850000 0.002485
722.900000 0.002540
722.950000 0.002599
723.000000 0.002663
723.050000 0.002730
723.100000 0.002802
723.150000 0.002880
723.200000 0.002962
723.250000 0.003050
723.300000 0.003145
723.350000 0.003246
723.400000 0.003355
723.450000 0.003472
723.500000 0.003597
723.550000 0.003732
723.600000 0.003877
723.650000 0.004034
723.700000 0.004203
723.750000 0.004386
723.800000 0.004583
723.850000 0.004798
723.900000 0.005030
723.950000 0.005282
724.000000 0.005554
724.050000 0.005849
724.100000 0.006168
724.150000 0.006512
724.200000 0.006883
724.250000 0.007283
724.300000 0.007715
724.350000 0.008182
724.400000 0.008691
724.450000 0.009246
724.500000 0.009857
724.550000 0.010533
724.600000 0.011283
724.650000 0.012118
724.700000 0.013048
724.750000 0.014083
724.800000 0.015232
724.850000 0.016499
724.900000 0.017886
724.950000 0.019387
725.000000 0.020990
725.050000 0.022670
725.100000 0.024396
725.150000 0.026125
725.200000 0.027813
725.250000 0.029416
725.300000 0.030903
725.350000 0.032255
725.400000 0.033476
725.450000 0.034585
725.500000 0.035614
725.550000 0.036598
725.600000 0.037566
725.650000 0.038528
725.700000 0.039474
725.750000 0.040371
725.800000 0.041162
725.850000 0.041781
725.900000 0.042157
725.950000 0.042225
726.000000 0.041944
726.050000 0.041299
726.100000 0.040306
726.150000 0.039010
726.200000 0.037480
726.250000 0.035793
726.300000 0.034029
726.350000 0.032254
726.400000 0.030523
726.450000 0.028868
726.500000 0.027306
726.550000 0.025841
726.600000 0.024469
726.650000 0.023181
726.700000 0.021970
726.750000 0.020833
726.800000 0.019767
726.850000 0.018771
726.900000 0.017845
726.950000 0.016987
727.000000 0.016194
727.050000 0.015462
727.100000 0.014785
727.150000 0.014158
727.200000 0.013574
727.250000 0.013028
727.300000 0.012515
727.350000 0.012032
727.400000 0.011575
727.450000 0.011146
727.500000 0.010745
727.550000 0.010375
727.600000 0.010037
727.650000 0.009736
727.700000 0.009473
727.750000 0.009250
727.800000 0.009063
727.850000 0.008911
727.900000 0.008788
727.950000 0.008687
728.000000 0.008600
728.050000 0.008521
728.100000 0.008442
728.150000 0.008358
728.200000 0.008264
728.250000 0.008158
728.300000 0.008039
728.350000 0.007905
728.400000 0.007757
728.450000 0.007595
728.500000 0.007419
728.550000 0.007232
728.600000 0.007033
728.650000 0.006824
728.700000 0.006609
728.750000 0.006390
728.800000 0.006170
728.850000 0.005952
728.900000 0.005739
728.950000 0.005533
729.000000 0.005335
729.050000 0.005144
729.100000 0.004962
729.150000 0.004787
729.200000 0.004618
729.250000 0.004454
729.300000 0.004293
729.350000 0.004134
729.400000 0.003978
729.450000 0.003823
729.500000 0.003670
729.550000 0.003521
729.600000 0.003374
729.650000 0.003232
729.700000 0.003095
729.750000 0.002964
729.800000 0.002839
729.850000 0.002722
729.900000 0.002613
729.950000 0.002512
730.000000 0.002418
730.050000 0.002332
730.100000 0.002252
730.150000 0.002180
730.200000 0.002113
730.250000 0.002052
730.300000 0.001996
730.350000 0.001943
730.400000 0.001894
730.450000 0.001847
730.500000 0.001802
730.550000 0.001759
730.600000 0.001716
730.650000 0.001674
730.700000 0.001633
730.750000 0.001593
730.800000 0.001554
730.850000 0.001517
730.900000 0.001481
730.950000 0.001448
731.000000 0.001418
731.050000 0.001390
731.100000 0.001366
731.150000 0.001344
731.200000 0.001326
731.250000 0.001309
731.300000 0.001296
731.350000 0.001284
731.400000 0.001273
731.450000 0.001263
731.500000 0.001253
731.550000 0.001243
731.600000 0.001232
731.650000 0.001221
731.700000 0.001209
731.750000 0.001196
731.800000 0.001183
731.850000 0.001170
731.900000 0.001157
731.950000 0.001144
732.000000 0.001132
732.050000 0.001120
732.100000 0.001108
732.150000 0.001096
732.200000 0.001082
732.250000 0.001067
732.300000 0.001049
732.350000 0.001030
732.400000 0.001008
732.450000 0.000985
732.500000 0.000959
732.550000 0.000934
732.600000 0.000907
732.650000 0.000881
732.700000 0.000856
732.750000 0.000833
732.800000 0.000810
732.850000 0.000790
732.900000 0.000770
732.950000 0.000753
733.000000 0.000736
733.050000 0.000721
733.100000 0.000707
733.150000 0.000693
733.200000 0.000679
733.250000 0.000666
733.300000 0.000652
733.350000 0.000639
733.400000 0.000625
733.450000 0.000611
733.500000 0.000597
733.550000 0.000583
733.600000 0.000570
733.650000 0.000558
733.700000 0.000546
733.750000 0.000534
733.800000 0.000524
733.850000 0.000514
733.900000 0.000504
733.950000 0.000495
734.000000 0.000486
734.050000 0.000478
734.100000 0.000470
734.150000 0.000463
734.200000 0.000456
734.250000 0.000449
734.300000 0.000442
734.350000 0.000436
734.400000 0.000430
734.450000 0.000425
734.500000 0.000419
734.550000 0.000414
734.600000 0.000409
734.650000 0.000404
734.700000 0.000399
734.750000 0.000395
734.800000 0.000390
734.850000 0.000385
734.900000 0.000381
734.950000 0.000377
735.000000 0.000372
735.050000 0.000368
735.100000 0.000364
735.150000 0.000360
735.200000 0.000356
735.250000 0.000352
735.300000 0.000349
735.350000 0.000345
735.400000 0.000341
735.450000 0.000338
735.500000 0.000334
735.550000 0.000331
735.600000 0.000327
735.650000 0.000324
735.700000 0.000321
735.750000 0.000318
735.800000 0.000315
735.850000 0.000312
735.900000 0.000309
735.950000 0.000306
736.000000 0.000303
736.050000 0.000300
736.100000 0.000297
736.150000 0.000294
736.200000 0.000291
736.250000 0.000288
736.300000 0.000286
736.350000 0.000283
736.400000 0.000280
736.450000 0.000278
736.500000 0.000275
736.550000 0.000272
736.600000 0.000270
736.650000 0.000267
736.700000 0.000265
736.750000 0.000263
736.800000 0.000260
736.850000 0.000258
736.900000 0.000256
736.950000 0.000254
737.000000 0.000251
737.050000 0.000249
737.100000 0.000247
737.150000 0.000245
737.200000 0.000243
737.250000 0.000241
737.300000 0.000239
737.350000 0.000237
737.400000 0.000235
737.450000 0.000233
737.500000 0.000231
737.550000 0.000229
737.600000 0.000228
737.650000 0.000226
737.700000 0.000224
737.750000 0.000222
737.800000 0.000221
737.850000 0.000219
737.900000 0.000217
737.950000 0.000216
738.000000 0.000214
738.050000 0.000212
738.100000 0.000211
738.150000 0.000209
738.200000 0.000207
738.250000 0.000206
738.300000 0.000204
738.350000 0.000203
738.400000 0.000201
738.450000 0.000200
738.500000 0.000199
738.550000 0.000197
738.600000 0.000196
738.650000 0.000195
738.700000 0.000193
738.750000 0.000192
738.800000 0.000191
738.850000 0.000189
738.900000 0.000188
738.950000 0.000187
739.000000 0.000186
739.050000 0.000184
739.100000 0.000183
739.150000 0.000182
739.200000 0.000181
739.250000 0.000180
739.300000 0.000179
739.350000 0.000177
739.400000 0.000176
739.450000 0.000175
739.500000 0.000174
739.550000 0.000173
739.600000 0.000172
739.650000 0.000171
739.700000 0.000169
739.750000 0.000168
739.800000 0.000167
739.850000 0.000166
739.900000 0.000165
739.950000 0.000164
740.000000 0.000163
740.050000 0.000162
740.100000 0.000161
740.150000 0.000160
740.200000 0.000159
740.250000 0.000158
740.300000 0.000157
740.350000 0.000157
740.400000 0.000156
740.450000 0.000155
740.500000 0.000154
740.550000 0.000153
740.600000 0.000152
740.650000 0.000151
740.700000 0.000150
740.750000 0.000149
740.800000 0.000149
740.850000 0.000148
740.900000 0.000147
740.950000 0.000146
741.000000 0.000145
741.050000 0.000144
741.100000 0.000144
741.150000 0.000143
741.200000 0.000142
741.250000 0.000141
741.300000 0.000141
741.350000 0.000140
741.400000 0.000139
741.450000 0.000138
741.500000 0.000138
741.550000 0.000137
741.600000 0.000136
741.650000 0.000135
741.700000 0.000135
741.750000 0.000134
741.800000 0.000133
741.850000 0.000133
741.900000 0.000132
741.950000 0.000131
742.000000 0.000130
742.050000 0.000130
742.100000 0.000129
742.150000 0.000128
742.200000 0.000128
742.250000 0.000127
742.300000 0.000126
742.350000 0.000126
742.400000 0.000125
742.450000 0.000125
742.500000 0.000124
742.550000 0.000123
742.600000 0.000123
742.650000 0.000122
742.700000 0.000122
742.750000 0.000121
742.800000 0.000120
742.850000 0.000120
742.900000 0.000119
742.950000 0.000119
743.000000 0.000118
743.050000 0.000117
743.100000 0.000117
743.150000 0.000116
743.200000 0.000116
743.250000 0.000115
743.300000 0.000115
743.350000 0.000114
743.400000 0.000114
743.450000 0.000113
743.500000 0.000112
743.550000 0.000112
743.600000 0.000111
743.650000 0.000111
743.700000 0.000110
743.750000 0.000110
743.800000 0.000109
743.850000 0.000109
743.900000 0.000108
743.950000 0.000108
744.000000 0.000107
744.050000 0.000107
744.100000 0.000106
744.150000 0.000106
744.200000 0.000105
744.250000 0.000105
744.300000 0.000104
744.350000 0.000104
744.400000 0.000104
744.450000 0.000103
744.500000 0.000103
744.550000 0.000102
744.600000 0.000102
744.650000 0.000101
744.700000 0.000101
744.750000 0.000100
744.800000 0.000100
744.850000 0.000099
744.900000 0.000099
744.950000 0.000099
745.000000 0.000098
745.050000 0.000098
745.100000 0.000097
745.150000 0.000097
745.200000 0.000096
745.250000 0.000096
745.300000 0.000096
745.350000 0.000095
745.400000 0.000095
745.450000 0.000094
745.500000 0.000094
745.550000 0.000094
745.600000 0.000093
745.650000 0.000093
745.700000 0.000092
745.750000 0.000092
745.800000 0.000092
745.850000 0.000091
745.900000 0.000091
745.950000 0.000091
746.000000 0.000090
746.050000 0.000090
746.100000 0.000089
746.150000 0.000089
746.200000 0.000089
746.250000 0.000088
746.300000 0.000088
746.350000 0.000088
746.400000 0.000087
746.450000 0.000087
746.500000 0.000087
746.550000 0.000086
746.600000 0.000086
746.650000 0.000086
746.700000 0.000085
746.750000 0.000085
746.800000 0.000085
746.850000 0.000084
746.900000 0.000084
746.950000 0.000084
747.000000 0.000083
747.050000 0.000083
747.100000 0.000083
747.150000 0.000082
747.200000 0.000082
747.250000 0.000082
747.300000 0.000081
747.350000 0.000081
747.400000 0.000081
747.450000 0.000080
747.500000 0.000080
747.550000 0.000080
747.600000 0.000079
747.650000 0.000079
747.700000 0.000079
747.750000 0.000079
747.800000 0.000078
747.850000 0.000078
747.900000 0.000078
747.950000 0.000077
748.000000 0.000077
748.050000 0.000077
748.100000 0.000077
748.150000 0.000076
748.200000 0.000076
748.250000 0.000076
748.300000 0.000075
748.350000 0.000075
748.400000 0.000075
748.450000 0.000075
748.500000 0.000074
748.550000 0.000074
748.600000 0.000074
748.650000 0.000073
748.700000 0.000073
748.750000 0.000073
748.800000 0.000073
748.850000 0.000072
748.900000 0.000072
748.950000 0.000072
749.000000 0.000072
749.050000 0.000071
749.100000 0.000071
749.150000 0.000071
749.200000 0.000071
749.250000 0.000070
749.300000 0.000070
749.350000 0.000070
749.400000 0.000070
749.450000 0.000069
749.500000 0.000069
749.550000 0.000069
749.600000 0.000069
749.650000 0.000068
749.700000 0.000068
749.750000 0.000067
749.800000 0.000065
749.850000 0.000061
749.900000 0.000052
749.950000 0.000040

#Sticks
710.250000 0.056002
710.350000 0.000000
711.100000 0.001601
711.250000 0.001890
711.450000 0.002127
711.550000 0.001054
711.800000 0.001122
712.050000 0.000014
712.250000 0.000013
712.400000 0.000282
712.450000 0.001688
712.600000 0.007364
712.700000 0.012045
712.750000 0.000705
712.950000 0.000000
713.000000 0.001290
713.050000 0.003718
713.150000 0.010831
713.250000 0.000000
713.300000 0.000359
713.500000 0.005195
713.650000 0.004742
713.750000 0.047491
713.950000 0.004852
714.000000 0.000000
714.150000 0.019250
714.250000 0.018220
714.300000 0.033159
714.350000 0.000000
714.400000 0.008654
714.500000 0.000000
714.550000 0.000797
714.700000 0.003079
714.800000 0.004323
714.900000 0.006241
714.950000 0.002810
715.050000 0.013556
715.150000 0.000635
715.250000 0.000074
715.300000 0.000255
715.350000 0.000306
715.400000 0.000019
715.450000 0.000260
715.500000 0.000193
715.550000 0.001863
715.650000 0.000003
715.750000 0.000665
715.850000 0.000095
715.900000 0.000568
716.000000 0.000069
716.050000 0.000007
716.100000 0.000171
716.150000 0.000113
716.200000 0.001545
716.300000 0.000282
716.400000 0.001745
716.550000 0.001420
716.600000 0.000199
716.700000 0.001289
716.800000 0.000062
716.850000 0.002338
716.950000 0.000217
717.050000 0.000239
717.150000 0.000581
717.250000 0.001619
717.350000 0.000440
717.400000 0.000005
717.550000 0.000105
717.600000 0.000439
717.700000 0.000021
717.750000 0.000396
717.800000 0.000300
717.950000 0.000104
718.000000 0.000111
718.100000 0.000586
718.200000 0.000065
718.250000 0.000017
718.300000 0.000029
718.400000 0.000025
718.450000 0.000159
718.550000 0.000093
718.600000 0.000009
718.650000 0.000011
718.700000 0.000113
718.750000 0.000032
718.800000 0.000013
718.900000 0.000012
718.950000 0.000012
719.000000 0.000018
719.150000 0.000065
719.200000 0.000285
719.300000 0.000509
719.400000 0.000095
719.450000 0.000022
719.600000 0.000060
719.700000 0.000159
719.850000 0.000041
719.900000 0.000002
719.950000 0.000045
720.000000 0.000023
720.100000 0.000006
720.200000 0.000082
720.300000 0.000002
720.400000 0.000069
720.500000 0.000148
720.600000 0.000008
720.700000 0.000123
720.850000 0.000006
721.000000 0.000082
721.150000 0.000054
721.200000 0.000060
721.300000 0.000019
721.350000 0.000065
721.450000 0.000027
721.650000 0.000028
721.800000 0.000002
721.900000 0.000006
722.000000 0.000016
722.150000 0.000013
722.300000 0.000008
722.400000 0.000003
722.500000 0.000002
722.650000 0.000012
722.750000 0.000001
722.900000 0.000001
722.950000 0.000011
723.150000 0.000018
723.200000 0.000002
723.400000 0.000010
723.600000 0.000034
723.900000 0.000035
724.250000 0.000085
724.350000 0.000749
724.550000 0.000013
724.700000 0.000009
724.800000 0.000030
724.900000 0.000174
725.000000 0.000026
725.250000 0.000000
725.300000 0.023811
725.450000 0.003524
725.650000 0.001071
725.800000 0.004520
725.900000 0.012777
726.050000 0.029763
726.150000 0.005906
726.300000 0.000000
726.350000 0.000000
726.450000 0.000598
726.600000 0.007832
726.900000 0.000050
727.000000 0.002317
727.100000 0.000670
727.350000 0.002872
727.550000 0.000830
727.900000 0.000181
728.050000 0.002237
728.200000 0.001286
728.350000 0.001299
728.450000 0.000210
728.600000 0.001848
728.700000 0.000462
728.800000 0.000525
728.950000 0.000382
729.000000 0.000153
729.200000 0.000374
729.250000 0.000662
729.500000 0.000499
729.600000 0.000186
729.700000 0.000087
729.900000 0.000032
730.050000 0.000103
730.400000 0.000150
730.550000 0.000063
730.650000 0.000164
730.850000 0.000038
730.900000 0.000003
731.050000 0.000024
731.250000 0.000006
731.300000 0.000005
731.450000 0.000100
731.600000 0.000124
731.700000 0.000092
731.850000 0.000059
731.950000 0.000015
732.150000 0.000083
732.300000 0.000269
732.450000 0.000079
732.650000 0.000004
732.900000 0.000017
733.250000 0.000102
733.750000 0.000004
733.950000 0.000002
734.050000 0.000005
734.550000 0.000002
734.650000 0.000007
734.900000 0.000001
735.050000 0.000007
735.300000 0.000001
735.500000 0.000004
735.650000 0.000002
735.950000 0.000003
736.100000 0.000004
736.500000 0.000003
737.000000 0.000003
737.800000 0.000002
739.150000 0.000001
