-20.000000 0.000546
-19.980000 0.000589
-19.960000 0.000632
-19.940000 0.000674
-19.920000 0.000715
-19.900000 0.000755
-19.880000 0.000793
-19.860000 0.000829
-19.840000 0.000863
-19.820000 0.000895
-19.800000 0.000924
-19.780000 0.000952
-19.760000 0.000977
-19.740000 0.001000
-19.720000 0.001021
-19.700000 0.001040
-19.680000 0.001057
-19.660000 0.001073
-19.640000 0.001088
-19.620000 0.001101
-19.600000 0.001113
-19.580000 0.001124
-19.560000 0.001134
-19.540000 0.001144
-19.520000 0.001154
-19.500000 0.001162
-19.480000 0.001171
-19.460000 0.001179
-19.440000 0.001187
-19.420000 0.001195
-19.400000 0.001203
-19.380000 0.001211
-19.360000 0.001219
-19.340000 0.001227
-19.320000 0.001235
-19.300000 0.001243
-19.280000 0.001251
-19.260000 0.001259
-19.240000 0.001267
-19.220000 0.001275
-19.200000 0.001284
-19.180000 0.001292
-19.160000 0.001300
-19.140000 0.001309
-19.120000 0.001317
-19.100000 0.001326
-19.080000 0.001335
-19.060000 0.001344
-19.040000 0.001353
-19.020000 0.001362
-19.000000 0.001371
-18.980000 0.001380
-18.960000 0.001389
-18.940000 0.001399
-18.920000 0.001408
-18.900000 0.001418
-18.880000 0.001427
-18.860000 0.001437
-18.840000 0.001447
-18.820000 0.001457
-18.800000 0.001467
-18.780000 0.001477
-18.760000 0.001488
-18.740000 0.001498
-18.720000 0.001509
-18.700000 0.001519
-18.680000 0.001530
-18.660000 0.001541
-18.640000 0.001552
-18.620000 0.001563
-18.600000 0.001574
-18.580000 0.001586
-18.560000 0.001597
-18.540000 0.001609
-18.520000 0.001621
-18.500000 0.001633
-18.480000 0.001645
-18.460000 0.001657
-18.440000 0.001669
-18.420000 0.001681
-18.400000 0.001694
-18.380000 0.001707
-18.360000 0.001720
-18.340000 0.001733
-18.320000 0.001746
-18.300000 0.001759
-18.280000 0.001772
-18.260000 0.001786
-18.240000 0.001800
-18.220000 0.001814
-18.200000 0.001828
-18.180000 0.001842
-18.160000 0.001857
-18.140000 0.001871
-18.120000 0.001886
-18.100000 0.001901
-18.080000 0.001916
-18.060000 0.001931
-18.040000 0.001947
-18.020000 0.001963
-18.000000 0.001978
-17.980000 0.001995
-17.960000 0.002011
-17.940000 0.002027
-17.920000 0.002044
-17.900000 0.002061
-17.880000 0.002078
-17.860000 0.002095
-17.840000 0.002113
-17.820000 0.002131
-17.800000 0.002149
-17.780000 0.002167
-17.760000 0.002185
-17.740000 0.002204
-17.720000 0.002223
-17.700000 0.002242
-17.680000 0.002262
-17.660000 0.002282
-17.640000 0.002302
-17.620000 0.002322
-17.600000 0.002342
-17.580000 0.002363
-17.560000 0.002384
-17.540000 0.002406
-17.520000 0.002427
-17.500000 0.002449
-17.480000 0.002472
-17.460000 0.002494
-17.440000 0.002517
-17.420000 0.002540
-17.400000 0.002564
-17.380000 0.002588
-17.360000 0.002612
-17.340000 0.002636
-17.320000 0.002661
-17.300000 0.002687
-17.280000 0.002712
-17.260000 0.002738
-17.240000 0.002765
-17.220000 0.002791
-17.200000 0.002819
-17.180000 0.002846
-17.160000 0.002874
-17.140000 0.002903
-17.120000 0.002932
-17.100000 0.002961
-17.080000 0.002991
-17.060000 0.003021
-17.040000 0.003052
-17.020000 0.003083
-17.000000 0.003114
-16.980000 0.003146
-16.960000 0.003179
-16.940000 0.003212
-16.920000 0.003246
-16.900000 0.003280
-16.880000 0.003315
-16.860000 0.003350
-16.840000 0.003386
-16.820000 0.003423
-16.800000 0.003460
-16.780000 0.003498
-16.760000 0.003536
-16.740000 0.003575
-16.720000 0.003615
-16.700000 0.003655
-16.680000 0.003696
-16.660000 0.003738
-16.640000 0.003781
-16.620000 0.003824
-16.600000 0.003868
-16.580000 0.003913
-16.560000 0.003958
-16.540000 0.004005
-16.520000 0.004052
-16.500000 0.004100
-16.480000 0.004149
-16.460000 0.004199
-16.440000 0.004249
-16.420000 0.004301
-16.400000 0.004354
-16.380000 0.004408
-16.360000 0.004462
-16.340000 0.004518
-16.320000 0.004575
-16.300000 0.004633
-16.280000 0.004692
-16.260000 0.004752
-16.240000 0.004813
-16.220000 0.004876
-16.200000 0.004940
-16.180000 0.005005
-16.160000 0.005072
-16.140000 0.005140
-16.120000 0.005209
-16.100000 0.005280
-16.080000 0.005352
-16.060000 0.005425
-16.040000 0.005501
-16.020000 0.005578
-16.000000 0.005656
-15.980000 0.005737
-15.960000 0.005819
-15.940000 0.005902
-15.920000 0.005988
-15.900000 0.006076
-15.880000 0.006165
-15.860000 0.006257
-15.840000 0.006351
-15.820000 0.006447
-15.800000 0.006545
-15.780000 0.006646
-15.760000 0.006749
-15.740000 0.006854
-15.720000 0.006962
-15.700000 0.007072
-15.680000 0.007186
-15.660000 0.007302
-15.640000 0.007421
-15.620000 0.007543
-15.600000 0.007668
-15.580000 0.007797
-15.560000 0.007928
-15.540000 0.008064
-15.520000 0.008202
-15.500000 0.008345
-15.480000 0.008491
-15.460000 0.008642
-15.440000 0.008796
-15.420000 0.008955
-15.400000 0.009118
-15.380000 0.009286
-15.360000 0.009459
-15.340000 0.009637
-15.320000 0.009820
-15.300000 0.010008
-15.280000 0.010202
-15.260000 0.010402
-15.240000 0.010608
-15.220000 0.010821
-15.200000 0.011040
-15.180000 0.011266
-15.160000 0.011499
-15.140000 0.011740
-15.120000 0.011989
-15.100000 0.012246
-15.080000 0.012512
-15.060000 0.012786
-15.040000 0.013071
-15.020000 0.013365
-15.000000 0.013669
-14.980000 0.013985
-14.960000 0.014312
-14.940000 0.014651
-14.920000 0.015003
-14.900000 0.015368
-14.880000 0.015747
-14.860000 0.016141
-14.840000 0.016550
-14.820000 0.016976
-14.800000 0.017419
-14.780000 0.017881
-14.760000 0.018361
-14.740000 0.018863
-14.720000 0.019386
-14.700000 0.019932
-14.680000 0.020503
-14.660000 0.021100
-14.640000 0.021724
-14.620000 0.022378
-14.600000 0.023063
-14.580000 0.023782
-14.560000 0.024537
-14.540000 0.025330
-14.520000 0.026164
-14.500000 0.027043
-14.480000 0.027968
-14.460000 0.028945
-14.440000 0.029977
-14.420000 0.031068
-14.400000 0.032223
-14.380000 0.033447
-14.360000 0.034747
-14.340000 0.036129
-14.320000 0.037600
-14.300000 0.039168
-14.280000 0.040842
-14.260000 0.042632
-14.240000 0.044549
-14.220000 0.046606
-14.200000 0.048816
-14.180000 0.051195
-14.160000 0.053760
-14.140000 0.056531
-14.120000 0.059528
-14.100000 0.062775
-14.080000 0.066299
-14.060000 0.070128
-14.040000 0.074295
-14.020000 0.078832
-14.000000 0.083778
-13.980000 0.089173
-13.960000 0.095060
-13.940000 0.101483
-13.920000 0.108491
-13.900000 0.116131
-13.880000 0.124454
-13.860000 0.133506
-13.840000 0.143336
-13.820000 0.153988
-13.800000 0.165499
-13.780000 0.177904
-13.760000 0.191225
-13.740000 0.205475
-13.720000 0.220654
-13.700000 0.236746
-13.680000 0.253718
-13.660000 0.271518
-13.640000 0.290072
-13.620000 0.309285
-13.600000 0.329037
-13.580000 0.349188
-13.560000 0.369573
-13.540000 0.390009
-13.520000 0.410293
-13.500000 0.430207
-13.480000 0.449520
-13.460000 0.467998
-13.440000 0.485401
-13.420000 0.501495
-13.400000 0.516054
-13.380000 0.528869
-13.360000 0.539750
-13.340000 0.548534
-13.320000 0.555089
-13.300000 0.559317
-13.280000 0.561156
-13.260000 0.560585
-13.240000 0.557621
-13.220000 0.552320
-13.200000 0.544776
-13.180000 0.535116
-13.160000 0.523500
-13.140000 0.510113
-13.120000 0.495160
-13.100000 0.478864
-13.080000 0.461456
-13.060000 0.443172
-13.040000 0.424249
-13.020000 0.404915
-13.000000 0.385390
-12.980000 0.365880
-12.960000 0.346573
-12.940000 0.327638
-12.920000 0.309225
-12.900000 0.291459
-12.880000 0.274448
-12.860000 0.258275
-12.840000 0.243005
-12.820000 0.228686
-12.800000 0.215346
-12.780000 0.203000
-12.760000 0.191653
-12.740000 0.181296
-12.720000 0.171914
-12.700000 0.163486
-12.680000 0.155986
-12.660000 0.149386
-12.640000 0.143657
-12.620000 0.138770
-12.600000 0.134699
-12.580000 0.131418
-12.560000 0.128903
-12.540000 0.127136
-12.520000 0.126099
-12.500000 0.125778
-12.480000 0.126160
-12.460000 0.127234
-12.440000 0.128991
-12.420000 0.131419
-12.400000 0.134507
-12.380000 0.138240
-12.360000 0.142600
-12.340000 0.147562
-12.320000 0.153096
-12.300000 0.159163
-12.280000 0.165717
-12.260000 0.172700
-12.240000 0.180045
-12.220000 0.187675
-12.200000 0.195501
-12.180000 0.203427
-12.160000 0.211346
-12.140000 0.219146
-12.120000 0.226707
-12.100000 0.233910
-12.080000 0.240633
-12.060000 0.246759
-12.040000 0.252174
-12.020000 0.256776
-12.000000 0.260472
-11.980000 0.263187
-11.960000 0.264858
-11.940000 0.265445
-11.920000 0.264924
-11.900000 0.263295
-11.880000 0.260574
-11.860000 0.256801
-11.840000 0.252032
-11.820000 0.246339
-11.800000 0.239810
-11.780000 0.232542
-11.760000 0.224642
-11.740000 0.216221
-11.720000 0.207395
-11.700000 0.198277
-11.680000 0.188975
-11.660000 0.179596
-11.640000 0.170235
-11.620000 0.160980
-11.600000 0.151907
-11.580000 0.143083
-11.560000 0.134562
-11.540000 0.126386
-11.520000 0.118589
-11.500000 0.111193
-11.480000 0.104212
-11.460000 0.097649
-11.440000 0.091504
-11.420000 0.085768
-11.400000 0.080430
-11.380000 0.075473
-11.360000 0.070878
-11.340000 0.066626
-11.320000 0.062694
-11.300000 0.059061
-11.280000 0.055705
-11.260000 0.052605
-11.240000 0.049741
-11.220000 0.047092
-11.200000 0.044642
-11.180000 0.042373
-11.160000 0.040270
-11.140000 0.038318
-11.120000 0.036504
-11.100000 0.034818
-11.080000 0.033247
-11.060000 0.031782
-11.040000 0.030414
-11.020000 0.029135
-11.000000 0.027939
-10.980000 0.026818
-10.960000 0.025766
-10.940000 0.024778
-10.920000 0.023849
-10.900000 0.022975
-10.880000 0.022152
-10.860000 0.021375
-10.840000 0.020642
-10.820000 0.019949
-10.800000 0.019294
-10.780000 0.018674
-10.760000 0.018086
-10.740000 0.017528
-10.720000 0.016999
-10.700000 0.016496
-10.680000 0.016017
-10.660000 0.015562
-10.640000 0.015128
-10.620000 0.014715
-10.600000 0.014320
-10.580000 0.013943
-10.560000 0.013583
-10.540000 0.013238
-10.520000 0.012908
-10.500000 0.012592
-10.480000 0.012289
-10.460000 0.011998
-10.440000 0.011719
-10.420000 0.011450
-10.400000 0.011192
-10.380000 0.010944
-10.360000 0.010705
-10.340000 0.010474
-10.320000 0.010252
-10.300000 0.010038
-10.280000 0.009831
-10.260000 0.009631
-10.240000 0.009438
-10.220000 0.009251
-10.200000 0.009070
-10.180000 0.008895
-10.160000 0.008726
-10.140000 0.008562
-10.120000 0.008402
-10.100000 0.008248
-10.080000 0.008098
-10.060000 0.007952
-10.040000 0.007811
-10.020000 0.007674
-10.000000 0.007540
-9.980000 0.007410
-9.960000 0.007284
-9.940000 0.007161
-9.920000 0.007041
-9.900000 0.006924
-9.880000 0.006811
-9.860000 0.006700
-9.840000 0.006592
-9.820000 0.006487
-9.800000 0.006385
-9.780000 0.006285
-9.760000 0.006187
-9.740000 0.006092
-9.720000 0.006000
-9.700000 0.005909
-9.680000 0.005821
-9.660000 0.005735
-9.640000 0.005650
-9.620000 0.005568
-9.600000 0.005488
-9.580000 0.005409
-9.560000 0.005333
-9.540000 0.005258
-9.520000 0.005184
-9.500000 0.005113
-9.480000 0.005043
-9.460000 0.004974
-9.440000 0.004907
-9.420000 0.004842
-9.400000 0.004777
-9.380000 0.004715
-9.360000 0.004653
-9.340000 0.004593
-9.320000 0.004534
-9.300000 0.004476
-9.280000 0.004419
-9.260000 0.004364
-9.240000 0.004309
-9.220000 0.004256
-9.200000 0.004204
-9.180000 0.004152
-9.160000 0.004102
-9.140000 0.004053
-9.120000 0.004004
-9.100000 0.003957
-9.080000 0.003910
-9.060000 0.003864
-9.040000 0.003819
-9.020000 0.003775
-9.000000 0.003732
-8.980000 0.003689
-8.960000 0.003648
-8.940000 0.003607
-8.920000 0.003566
-8.900000 0.003527
-8.880000 0.003488
-8.860000 0.003450
-8.840000 0.003412
-8.820000 0.003375
-8.800000 0.003339
-8.780000 0.003303
-8.760000 0.003268
-8.740000 0.003234
-8.720000 0.003200
-8.700000 0.003166
-8.680000 0.003133
-8.660000 0.003101
-8.640000 0.003069
-8.620000 0.003038
-8.600000 0.003007
-8.580000 0.002977
-8.560000 0.002947
-8.540000 0.002918
-8.520000 0.002889
-8.500000 0.002861
-8.480000 0.002833
-8.460000 0.002805
-8.440000 0.002778
-8.420000 0.002751
-8.400000 0.002725
-8.380000 0.002699
-8.360000 0.002673
-8.340000 0.002648
-8.320000 0.002623
-8.300000 0.002599
-8.280000 0.002575
-8.260000 0.002551
-8.240000 0.002528
-8.220000 0.002505
-8.200000 0.002482
-8.180000 0.002459
-8.160000 0.002437
-8.140000 0.002416
-8.120000 0.002394
-8.100000 0.002373
-8.080000 0.002352
-8.060000 0.002331
-8.040000 0.002311
-8.020000 0.002291
-8.000000 0.002271
-7.980000 0.002252
-7.960000 0.002233
-7.940000 0.002214
-7.920000 0.002195
-7.900000 0.002176
-7.880000 0.002158
-7.860000 0.002140
-7.840000 0.002122
-7.820000 0.002105
-7.800000 0.002088
-7.780000 0.002070
-7.760000 0.002054
-7.740000 0.002037
-7.720000 0.002021
-7.700000 0.002004
-7.680000 0.001988
-7.660000 0.001972
-7.640000 0.001957
-7.620000 0.001941
-7.600000 0.001926
-7.580000 0.001911
-7.560000 0.001896
-7.540000 0.001882
-7.520000 0.001867
-7.500000 0.001853
-7.480000 0.001839
-7.460000 0.001825
-7.440000 0.001811
-7.420000 0.001797
-7.400000 0.001784
-7.380000 0.001770
-7.360000 0.001757
-7.340000 0.001744
-7.320000 0.001731
-7.300000 0.001719
-7.280000 0.001706
-7.260000 0.001694
-7.240000 0.001681
-7.220000 0.001669
-7.200000 0.001657
-7.180000 0.001645
-7.160000 0.001634
-7.140000 0.001622
-7.120000 0.001611
-7.100000 0.001599
-7.080000 0.001588
-7.060000 0.001577
-7.040000 0.001566
-7.020000 0.001555
-7.000000 0.001545
-6.980000 0.001534
-6.960000 0.001524
-6.940000 0.001513
-6.920000 0.001503
-6.900000 0.001493
-6.880000 0.001483
-6.860000 0.001473
-6.840000 0.001463
-6.820000 0.001453
-6.800000 0.001444
-6.780000 0.001434
-6.760000 0.001425
-6.740000 0.001416
-6.720000 0.001406
-6.700000 0.001397
-6.680000 0.001388
-6.660000 0.001379
-6.640000 0.001371
-6.620000 0.001362
-6.600000 0.001353
-6.580000 0.001345
-6.560000 0.001336
-6.540000 0.001328
-6.520000 0.001320
-6.500000 0.001311
-6.480000 0.001303
-6.460000 0.001295
-6.440000 0.001287
-6.420000 0.001279
-6.400000 0.001272
-6.380000 0.001264
-6.360000 0.001256
-6.340000 0.001249
-6.320000 0.001241
-6.300000 0.001234
-6.280000 0.001226
-6.260000 0.001219
-6.240000 0.001212
-6.220000 0.001205
-6.200000 0.001198
-6.180000 0.001191
-6.160000 0.001184
-6.140000 0.001177
-6.120000 0.001170
-6.100000 0.001164
-6.080000 0.001157
-6.060000 0.001150
-6.040000 0.001144
-6.020000 0.001137
-6.000000 0.001131
-5.980000 0.001125
-5.960000 0.001118
-5.940000 0.001112
-5.920000 0.001106
-5.900000 0.001100
-5.880000 0.001094
-5.860000 0.001088
-5.840000 0.001082
-5.820000 0.001076
-5.800000 0.001070
-5.780000 0.001064
-5.760000 0.001059
-5.740000 0.001053
-5.720000 0.001047
-5.700000 0.001042
-5.680000 0.001036
-5.660000 0.001031
-5.640000 0.001025
-5.620000 0.001020
-5.600000 0.001015
-5.580000 0.001010
-5.560000 0.001004
-5.540000 0.000999
-5.520000 0.000994
-5.500000 0.000989
-5.480000 0.000984
-5.460000 0.000979
-5.440000 0.000974
-5.420000 0.000969
-5.400000 0.000964
-5.380000 0.000960
-5.360000 0.000955
-5.340000 0.000950
-5.320000 0.000945
-5.300000 0.000941
-5.280000 0.000936
-5.260000 0.000932
-5.240000 0.000927
-5.220000 0.000923
-5.200000 0.000918
-5.180000 0.000914
-5.160000 0.000910
-5.140000 0.000905
-5.120000 0.000901
-5.100000 0.000897
-5.080000 0.000893
-5.060000 0.000889
-5.040000 0.000884
-5.020000 0.000880
-5.000000 0.000876
-4.980000 0.000872
-4.960000 0.000868
-4.940000 0.000864
-4.920000 0.000860
-4.900000 0.000857
-4.880000 0.000853
-4.860000 0.000849
-4.840000 0.000845
-4.820000 0.000842
-4.800000 0.000838
-4.780000 0.000834
-4.760000 0.000831
-4.740000 0.000827
-4.720000 0.000823
-4.700000 0.000820
-4.680000 0.000816
-4.660000 0.000813
-4.640000 0.000809
-4.620000 0.000806
-4.600000 0.000803
-4.580000 0.000799
-4.560000 0.000796
-4.540000 0.000793
-4.520000 0.000789
-4.500000 0.000786
-4.480000 0.000783
-4.460000 0.000780
-4.440000 0.000777
-4.420000 0.000774
-4.400000 0.000770
-4.380000 0.000767
-4.360000 0.000764
-4.340000 0.000761
-4.320000 0.000758
-4.300000 0.000755
-4.280000 0.000753
-4.260000 0.000750
-4.240000 0.000747
-4.220000 0.000744
-4.200000 0.000741
-4.180000 0.000738
-4.160000 0.000736
-4.140000 0.000733
-4.120000 0.000730
-4.100000 0.000727
-4.080000 0.000725
-4.060000 0.000722
-4.040000 0.000720
-4.020000 0.000717
-4.000000 0.000714
-3.980000 0.000712
-3.960000 0.000709
-3.940000 0.000707
-3.920000 0.000704
-3.900000 0.000702
-3.880000 0.000699
-3.860000 0.000697
-3.840000 0.000695
-3.820000 0.000692
-3.800000 0.000690
-3.780000 0.000688
-3.760000 0.000685
-3.740000 0.000683
-3.720000 0.000681
-3.700000 0.000679
-3.680000 0.000677
-3.660000 0.000674
-3.640000 0.000672
-3.620000 0.000670
-3.600000 0.000668
-3.580000 0.000666
-3.560000 0.000664
-3.540000 0.000662
-3.520000 0.000660
-3.500000 0.000658
-3.480000 0.000656
-3.460000 0.000654
-3.440000 0.000652
-3.420000 0.000650
-3.400000 0.000648
-3.380000 0.000646
-3.360000 0.000645
-3.340000 0.000643
-3.320000 0.000641
-3.300000 0.000639
-3.280000 0.000637
-3.260000 0.000636
-3.240000 0.000634
-3.220000 0.000632
-3.200000 0.000631
-3.180000 0.000629
-3.160000 0.000627
-3.140000 0.000626
-3.120000 0.000624
-3.100000 0.000623
-3.080000 0.000621
-3.060000 0.000619
-3.040000 0.000618
-3.020000 0.000617
-3.000000 0.000615
-2.980000 0.000614
-2.960000 0.000612
-2.940000 0.000611
-2.920000 0.000609
-2.900000 0.000608
-2.880000 0.000607
-2.860000 0.000605
-2.840000 0.000604
-2.820000 0.000603
-2.800000 0.000602
-2.780000 0.000600
-2.760000 0.000599
-2.740000 0.000598
-2.720000 0.000597
-2.700000 0.000596
-2.680000 0.000594
-2.660000 0.000593
-2.640000 0.000592
-2.620000 0.000591
-2.600000 0.000590
-2.580000 0.000589
-2.560000 0.000588
-2.540000 0.000587
-2.520000 0.000586
-2.500000 0.000585
-2.480000 0.000584
-2.460000 0.000583
-2.440000 0.000583
-2.420000 0.000582
-2.400000 0.000581
-2.380000 0.000580
-2.360000 0.000579
-2.340000 0.000579
-2.320000 0.000578
-2.300000 0.000577
-2.280000 0.000576
-2.260000 0.000576
-2.240000 0.000575
-2.220000 0.000574
-2.200000 0.000574
-2.180000 0.000573
-2.160000 0.000573
-2.140000 0.000572
-2.120000 0.000572
-2.100000 0.000571
-2.080000 0.000571
-2.060000 0.000570
-2.040000 0.000570
-2.020000 0.000570
-2.000000 0.000569
-1.980000 0.000569
-1.960000 0.000569
-1.940000 0.000568
-1.920000 0.000568
-1.900000 0.000568
-1.880000 0.000568
-1.860000 0.000567
-1.840000 0.000567
-1.820000 0.000567
-1.800000 0.000567
-1.780000 0.000567
-1.760000 0.000567
-1.740000 0.000567
-1.720000 0.000567
-1.700000 0.000567
-1.680000 0.000567
-1.660000 0.000567
-1.640000 0.000567
-1.620000 0.000568
-1.600000 0.000568
-1.580000 0.000568
-1.560000 0.000568
-1.540000 0.000569
-1.520000 0.000569
-1.500000 0.000569
-1.480000 0.000570
-1.460000 0.000570
-1.440000 0.000571
-1.420000 0.000571
-1.400000 0.000572
-1.380000 0.000572
-1.360000 0.000573
-1.340000 0.000573
-1.320000 0.000574
-1.300000 0.000575
-1.280000 0.000576
-1.260000 0.000576
-1.240000 0.000577
-1.220000 0.000578
-1.200000 0.000579
-1.180000 0.000580
-1.160000 0.000581
-1.140000 0.000582
-1.120000 0.000583
-1.100000 0.000585
-1.080000 0.000586
-1.060000 0.000587
-1.040000 0.000588
-1.020000 0.000590
-1.000000 0.000591
-0.980000 0.000592
-0.960000 0.000594
-0.940000 0.000596
-0.920000 0.000597
-0.900000 0.000599
-0.880000 0.000601
-0.860000 0.000602
-0.840000 0.000604
-0.820000 0.000606
-0.800000 0.000608
-0.780000 0.000610
-0.760000 0.000612
-0.740000 0.000614
-0.720000 0.000617
-0.700000 0.000619
-0.680000 0.000621
-0.660000 0.000624
-0.640000 0.000626
-0.620000 0.000629
-0.600000 0.000632
-0.580000 0.000634
-0.560000 0.000637
-0.540000 0.000640
-0.520000 0.000643
-0.500000 0.000646
-0.480000 0.000649
-0.460000 0.000653
-0.440000 0.000656
-0.420000 0.000660
-0.400000 0.000663
-0.380000 0.000667
-0.360000 0.000671
-0.340000 0.000674
-0.320000 0.000679
-0.300000 0.000683
-0.280000 0.000687
-0.260000 0.000691
-0.240000 0.000696
-0.220000 0.000700
-0.200000 0.000705
-0.180000 0.000710
-0.160000 0.000715
-0.140000 0.000720
-0.120000 0.000725
-0.100000 0.000731
-0.080000 0.000737
-0.060000 0.000742
-0.040000 0.000748
-0.020000 0.000754
-0.000000 0.000761
0.020000 0.000767
0.040000 0.000774
0.060000 0.000781
0.080000 0.000788
0.100000 0.000795
0.120000 0.000803
0.140000 0.000811
0.160000 0.000819
0.180000 0.000827
0.200000 0.000835
0.220000 0.000844
0.240000 0.000853
0.260000 0.000862
0.280000 0.000872
0.300000 0.000882
0.320000 0.000892
0.340000 0.000903
0.360000 0.000913
0.380000 0.000925
0.400000 0.000936
0.420000 0.000948
0.440000 0.000961
0.460000 0.000974
0.480000 0.000987
0.500000 0.001001
0.520000 0.001015
0.540000 0.001029
0.560000 0.001045
0.580000 0.001060
0.600000 0.001077
0.620000 0.001094
0.640000 0.001111
0.660000 0.001129
0.680000 0.001148
0.700000 0.001168
0.720000 0.001188
0.740000 0.001210
0.760000 0.001232
0.780000 0.001255
0.800000 0.001278
0.820000 0.001303
0.840000 0.001329
0.860000 0.001356
0.880000 0.001385
0.900000 0.001414
0.920000 0.001445
0.940000 0.001478
0.960000 0.001511
0.980000 0.001547
1.000000 0.001584
1.020000 0.001623
1.040000 0.001665
1.060000 0.001708
1.080000 0.001754
1.100000 0.001802
1.120000 0.001853
1.140000 0.001906
1.160000 0.001963
1.180000 0.002024
1.200000 0.002088
1.220000 0.002156
1.240000 0.002229
1.260000 0.002306
1.280000 0.002389
1.300000 0.002477
1.320000 0.002571
1.340000 0.002672
1.360000 0.002780
1.380000 0.002896
1.400000 0.003020
1.420000 0.003153
1.440000 0.003295
1.460000 0.003448
1.480000 0.003611
1.500000 0.003786
1.520000 0.003972
1.540000 0.004171
1.560000 0.004384
1.580000 0.004609
1.600000 0.004848
1.620000 0.005101
1.640000 0.005369
1.660000 0.005651
1.680000 0.005947
1.700000 0.006258
1.720000 0.006584
1.740000 0.006924
1.760000 0.007279
1.780000 0.007649
1.800000 0.008034
1.820000 0.008435
1.840000 0.008852
1.860000 0.009286
1.880000 0.009739
1.900000 0.010212
1.920000 0.010707
1.940000 0.011227
1.960000 0.011774
1.980000 0.012352
2.000000 0.012963
2.020000 0.013612
2.040000 0.014302
2.060000 0.015038
2.080000 0.015822
2.100000 0.016659
2.120000 0.017551
2.140000 0.018501
2.160000 0.019510
2.180000 0.020579
2.200000 0.021707
2.220000 0.022892
2.240000 0.024129
2.260000 0.025414
2.280000 0.026739
2.300000 0.028094
2.320000 0.029469
2.340000 0.030851
2.360000 0.032226
2.380000 0.033578
2.400000 0.034889
2.420000 0.036143
2.440000 0.037321
2.460000 0.038406
2.480000 0.039381
2.500000 0.040228
2.520000 0.040934
2.540000 0.041485
2.560000 0.041871
2.580000 0.042084
2.600000 0.042119
2.620000 0.041974
2.640000 0.041651
2.660000 0.041154
2.680000 0.040490
2.700000 0.039670
2.720000 0.038706
2.740000 0.037613
2.760000 0.036408
2.780000 0.035108
2.800000 0.033731
2.820000 0.032298
2.840000 0.030825
2.860000 0.029332
2.880000 0.027835
2.900000 0.026349
2.920000 0.024890
2.940000 0.023469
2.960000 0.022097
2.980000 0.020784
3.000000 0.019535
3.020000 0.018357
3.040000 0.017253
3.060000 0.016224
3.080000 0.015272
3.100000 0.014395
3.120000 0.013591
3.140000 0.012859
3.160000 0.012193
3.180000 0.011591
3.200000 0.011048
3.220000 0.010559
3.240000 0.010118
3.260000 0.009721
3.280000 0.009363
3.300000 0.009039
3.320000 0.008744
3.340000 0.008473
3.360000 0.008223
3.380000 0.007989
3.400000 0.007768
3.420000 0.007556
3.440000 0.007352
3.460000 0.007152
3.480000 0.006955
3.500000 0.006759
3.520000 0.006563
3.540000 0.006367
3.560000 0.006170
3.580000 0.005973
3.600000 0.005774
3.620000 0.005575
3.640000 0.005376
3.660000 0.005178
3.680000 0.004981
3.700000 0.004787
3.720000 0.004596
3.740000 0.004408
3.760000 0.004226
3.780000 0.004049
3.800000 0.003878
3.820000 0.003713
3.840000 0.003554
3.860000 0.003403
3.880000 0.003259
3.900000 0.003122
3.920000 0.002992
3.940000 0.002869
3.960000 0.002753
3.980000 0.002644
4.000000 0.002541
4.020000 0.002444
4.040000 0.002353
4.060000 0.002267
4.080000 0.002187
4.100000 0.002112
4.120000 0.002041
4.140000 0.001975
4.160000 0.001913
4.180000 0.001854
4.200000 0.001799
4.220000 0.001747
4.240000 0.001698
4.260000 0.001652
4.280000 0.001609
4.300000 0.001568
4.320000 0.001529
4.340000 0.001492
4.360000 0.001457
4.380000 0.001424
4.400000 0.001392
4.420000 0.001362
4.440000 0.001333
4.460000 0.001305
4.480000 0.001279
4.500000 0.001253
4.520000 0.001229
4.540000 0.001205
4.560000 0.001182
4.580000 0.001160
4.600000 0.001139
4.620000 0.001118
4.640000 0.001099
4.660000 0.001079
4.680000 0.001061
4.700000 0.001043
4.720000 0.001026
4.740000 0.001009
4.760000 0.000993
4.780000 0.000977
4.800000 0.000962
4.820000 0.000947
4.840000 0.000933
4.860000 0.000919
4.880000 0.000906
4.900000 0.000893
4.920000 0.000881
4.940000 0.000869
4.960000 0.000857
4.980000 0.000846
5.000000 0.000834
5.020000 0.000824
5.040000 0.000813
5.060000 0.000802
5.080000 0.000792
5.100000 0.000782
5.120000 0.000772
5.140000 0.000762
5.160000 0.000753
5.180000 0.000743
5.200000 0.000734
5.220000 0.000725
5.240000 0.000716
5.260000 0.000708
5.280000 0.000700
5.300000 0.000692
5.320000 0.000684
5.340000 0.000677
5.360000 0.000670
5.380000 0.000664
5.400000 0.000657
5.420000 0.000652
5.440000 0.000647
5.460000 0.000642
5.480000 0.000638
5.500000 0.000634
5.520000 0.000631
5.540000 0.000628
5.560000 0.000626
5.580000 0.000624
5.600000 0.000622
5.620000 0.000621
5.640000 0.000621
5.660000 0.000620
5.680000 0.000620
5.700000 0.000620
5.720000 0.000620
5.740000 0.000620
5.760000 0.000621
5.780000 0.000621
5.800000 0.000621
5.820000 0.000621
5.840000 0.000621
5.860000 0.000620
5.880000 0.000620
5.900000 0.000619
5.920000 0.000618
5.940000 0.000616
5.960000 0.000614
5.980000 0.000612
6.000000 0.000610
6.020000 0.000608
6.040000 0.000605
6.060000 0.000602
6.080000 0.000599
6.100000 0.000596
6.120000 0.000593
6.140000 0.000591
6.160000 0.000588
6.180000 0.000585
6.200000 0.000583
6.220000 0.000581
6.240000 0.000580
6.260000 0.000578
6.280000 0.000577
6.300000 0.000577
6.320000 0.000576
6.340000 0.000576
6.360000 0.000576
6.380000 0.000576
6.400000 0.000577
6.420000 0.000577
6.440000 0.000577
6.460000 0.000578
6.480000 0.000577
6.500000 0.000577
6.520000 0.000576
6.540000 0.000575
6.560000 0.000573
6.580000 0.000570
6.600000 0.000567
6.620000 0.000563
6.640000 0.000558
6.660000 0.000552
6.680000 0.000546
6.700000 0.000539
6.720000 0.000532
6.740000 0.000524
6.760000 0.000516
6.780000 0.000507
6.800000 0.000498
6.820000 0.000489
6.840000 0.000480
6.860000 0.000471
6.880000 0.000462
6.900000 0.000453
6.920000 0.000444
6.940000 0.000435
6.960000 0.000427
6.980000 0.000419
7.000000 0.000412
7.020000 0.000405
7.040000 0.000398
7.060000 0.000392
7.080000 0.000387
7.100000 0.000382
7.120000 0.000377
7.140000 0.000373
7.160000 0.000369
7.180000 0.000365
7.200000 0.000362
7.220000 0.000360
7.240000 0.000357
7.260000 0.000355
7.280000 0.000354
7.300000 0.000352
7.320000 0.000351
7.340000 0.000349
7.360000 0.000348
7.380000 0.000347
7.400000 0.000346
7.420000 0.000345
7.440000 0.000344
7.460000 0.000342
7.480000 0.000341
7.500000 0.000339
7.520000 0.000338
7.540000 0.000336
7.560000 0.000334
7.580000 0.000331
7.600000 0.000329
7.620000 0.000326
7.640000 0.000323
7.660000 0.000320
7.680000 0.000317
7.700000 0.000313
7.720000 0.000310
7.740000 0.000306
7.760000 0.000303
7.780000 0.000299
7.800000 0.000296
7.820000 0.000292
7.840000 0.000289
7.860000 0.000286
7.880000 0.000282
7.900000 0.000279
7.920000 0.000277
7.940000 0.000274
7.960000 0.000272
7.980000 0.000269
8.000000 0.000267
8.020000 0.000266
8.040000 0.000264
8.060000 0.000263
8.080000 0.000262
8.100000 0.000261
8.120000 0.000260
8.140000 0.000259
8.160000 0.000259
8.180000 0.000259
8.200000 0.000259
8.220000 0.000259
8.240000 0.000259
8.260000 0.000259
8.280000 0.000259
8.300000 0.000259
8.320000 0.000259
8.340000 0.000259
8.360000 0.000259
8.380000 0.000259
8.400000 0.000258
8.420000 0.000258
8.440000 0.000257
8.460000 0.000256
8.480000 0.000255
8.500000 0.000254
8.520000 0.000252
8.540000 0.000251
8.560000 0.000249
8.580000 0.000247
8.600000 0.000245
8.620000 0.000242
8.640000 0.000240
8.660000 0.000237
8.680000 0.000235
8.700000 0.000232
8.720000 0.000229
8.740000 0.000227
8.760000 0.000224
8.780000 0.000221
8.800000 0.000219
8.820000 0.000216
8.840000 0.000214
8.860000 0.000211
8.880000 0.000209
8.900000 0.000207
8.920000 0.000204
8.940000 0.000202
8.960000 0.000200
8.980000 0.000198
9.000000 0.000197
9.020000 0.000195
9.040000 0.000193
9.060000 0.000192
9.080000 0.000190
9.100000 0.000189
9.120000 0.000188
9.140000 0.000186
9.160000 0.000185
9.180000 0.000184
9.200000 0.000183
9.220000 0.000182
9.240000 0.000181
9.260000 0.000180
9.280000 0.000179
9.300000 0.000178
9.320000 0.000177
9.340000 0.000176
9.360000 0.000175
9.380000 0.000174
9.400000 0.000173
9.420000 0.000172
9.440000 0.000172
9.460000 0.000171
9.480000 0.000170
9.500000 0.000169
9.520000 0.000169
9.540000 0.000168
9.560000 0.000167
9.580000 0.000167
9.600000 0.000166
9.620000 0.000165
9.640000 0.000165
9.660000 0.000164
9.680000 0.000163
9.700000 0.000163
9.720000 0.000162
9.740000 0.000161
9.760000 0.000161
9.780000 0.000160
9.800000 0.000160
9.820000 0.000159
9.840000 0.000158
9.860000 0.000158
9.880000 0.000157
9.900000 0.000157
9.920000 0.000156
9.940000 0.000156
9.960000 0.000155
9.980000 0.000155
10.000000 0.000154
10.020000 0.000154
10.040000 0.000153
10.060000 0.000152
10.080000 0.000152
10.100000 0.000151
10.120000 0.000151
10.140000 0.000150
10.160000 0.000150
10.180000 0.000149
10.200000 0.000149
10.220000 0.000148
10.240000 0.000148
10.260000 0.000147
10.280000 0.000147
10.300000 0.000147
10.320000 0.000146
10.340000 0.000146
10.360000 0.000145
10.380000 0.000145
10.400000 0.000144
10.420000 0.000144
10.440000 0.000143
10.460000 0.000143
10.480000 0.000142
10.500000 0.000142
10.520000 0.000142
10.540000 0.000141
10.560000 0.000141
10.580000 0.000140
10.600000 0.000140
10.620000 0.000139
10.640000 0.000139
10.660000 0.000139
10.680000 0.000138
10.700000 0.000138
10.720000 0.000137
10.740000 0.000137
10.760000 0.000137
10.780000 0.000136
10.800000 0.000136
10.820000 0.000135
10.840000 0.000135
10.860000 0.000135
10.880000 0.000134
10.900000 0.000134
10.920000 0.000133
10.940000 0.000133
10.960000 0.000133
10.980000 0.000132
11.000000 0.000132
11.020000 0.000132
11.040000 0.000131
11.060000 0.000131
11.080000 0.000131
11.100000 0.000130
11.120000 0.000130
11.140000 0.000129
11.160000 0.000129
11.180000 0.000129
11.200000 0.000128
11.220000 0.000128
11.240000 0.000128
11.260000 0.000127
11.280000 0.000127
11.300000 0.000127
11.320000 0.000126
11.340000 0.000126
11.360000 0.000126
11.380000 0.000125
11.400000 0.000125
11.420000 0.000125
11.440000 0.000124
11.460000 0.000124
11.480000 0.000124
11.500000 0.000123
11.520000 0.000123
11.540000 0.000123
11.560000 0.000122
11.580000 0.000122
11.600000 0.000122
11.620000 0.000121
11.640000 0.000121
11.660000 0.000121
11.680000 0.000120
11.700000 0.000120
11.720000 0.000120
11.740000 0.000120
11.760000 0.000119
11.780000 0.000119
11.800000 0.000119
11.820000 0.000118
11.840000 0.000118
11.860000 0.000118
11.880000 0.000117
11.900000 0.000117
11.920000 0.000117
11.940000 0.000117
11.960000 0.000116
11.980000 0.000116
12.000000 0.000116
12.020000 0.000115
12.040000 0.000115
12.060000 0.000115
12.080000 0.000115
12.100000 0.000114
12.120000 0.000114
12.140000 0.000114
12.160000 0.000114
12.180000 0.000113
12.200000 0.000113
12.220000 0.000113
12.240000 0.000112
12.260000 0.000112
12.280000 0.000112
12.300000 0.000112
12.320000 0.000111
12.340000 0.000111
12.360000 0.000111
12.380000 0.000111
12.400000 0.000110
12.420000 0.000110
12.440000 0.000110
12.460000 0.000110
12.480000 0.000109
12.500000 0.000109
12.520000 0.000109
12.540000 0.000109
12.560000 0.000108
12.580000 0.000108
12.600000 0.000108
12.620000 0.000108
12.640000 0.000107
12.660000 0.000107
12.680000 0.000107
12.700000 0.000107
12.720000 0.000106
12.740000 0.000106
12.760000 0.000106
12.780000 0.000106
12.800000 0.000105
12.820000 0.000105
12.840000 0.000105
12.860000 0.000105
12.880000 0.000104
12.900000 0.000104
12.920000 0.000104
12.940000 0.000104
12.960000 0.000103
12.980000 0.000103
13.000000 0.000103
13.020000 0.000103
13.040000 0.000103
13.060000 0.000102
13.080000 0.000102
13.100000 0.000102
13.120000 0.000102
13.140000 0.000101
13.160000 0.000101
13.180000 0.000101
13.200000 0.000101
13.220000 0.000101
13.240000 0.000100
13.260000 0.000100
13.280000 0.000100
13.300000 0.000100
13.320000 0.000099
13.340000 0.000099
13.360000 0.000099
13.380000 0.000099
13.400000 0.000099
13.420000 0.000098
13.440000 0.000098
13.460000 0.000098
13.480000 0.000098
13.500000 0.000098
13.520000 0.000097
13.540000 0.000097
13.560000 0.000097
13.580000 0.000097
13.600000 0.000097
13.620000 0.000096
13.640000 0.000096
13.660000 0.000096
13.680000 0.000096
13.700000 0.000096
13.720000 0.000095
13.740000 0.000095
13.760000 0.000095
13.780000 0.000095
13.800000 0.000095
13.820000 0.000094
13.840000 0.000094
13.860000 0.000094
13.880000 0.000094
13.900000 0.000094
13.920000 0.000093
13.940000 0.000093
13.960000 0.000093
13.980000 0.000093
14.000000 0.000093
14.020000 0.000093
14.040000 0.000092
14.060000 0.000092
14.080000 0.000092
14.100000 0.000092
14.120000 0.000092
14.140000 0.000091
14.160000 0.000091
14.180000 0.000091
14.200000 0.000091
14.220000 0.000091
14.240000 0.000091
14.260000 0.000090
14.280000 0.000090
14.300000 0.000090
14.320000 0.000090
14.340000 0.000090
14.360000 0.000089
14.380000 0.000089
14.400000 0.000089
14.420000 0.000089
14.440000 0.000089
14.460000 0.000089
14.480000 0.000088
14.500000 0.000088
14.520000 0.000088
14.540000 0.000088
14.560000 0.000088
14.580000 0.000088
14.600000 0.000087
14.620000 0.000087
14.640000 0.000087
14.660000 0.000087
14.680000 0.000087
14.700000 0.000087
14.720000 0.000086
14.740000 0.000086
14.760000 0.000086
14.780000 0.000086
14.800000 0.000086
14.820000 0.000086
14.840000 0.000085
14.860000 0.000085
14.880000 0.000085
14.900000 0.000085
14.920000 0.000085
14.940000 0.000085
14.960000 0.000084
14.980000 0.000084
15.000000 0.000084
15.020000 0.000084
15.040000 0.000084
15.060000 0.000084
15.080000 0.000083
15.100000 0.000083
15.120000 0.000083
15.140000 0.000083
15.160000 0.000083
15.180000 0.000083
15.200000 0.000083
15.220000 0.000082
15.240000 0.000082
15.260000 0.000082
15.280000 0.000082
15.300000 0.000082
15.320000 0.000082
15.340000 0.000082
15.360000 0.000081
15.380000 0.000081
15.400000 0.000081
15.420000 0.000081
15.440000 0.000081
15.460000 0.000081
15.480000 0.000080
15.500000 0.000080
15.520000 0.000080
15.540000 0.000080
15.560000 0.000080
15.580000 0.000080
15.600000 0.000080
15.620000 0.000079
15.640000 0.000079
15.660000 0.000079
15.680000 0.000079
15.700000 0.000079
15.720000 0.000079
15.740000 0.000079
15.760000 0.000078
15.780000 0.000078
15.800000 0.000078
15.820000 0.000078
15.840000 0.000078
15.860000 0.000078
15.880000 0.000078
15.900000 0.000078
15.920000 0.000077
15.940000 0.000077
15.960000 0.000077
15.980000 0.000077
16.000000 0.000077
16.020000 0.000077
16.040000 0.000077
16.060000 0.000076
16.080000 0.000076
16.100000 0.000076
16.120000 0.000076
16.140000 0.000076
16.160000 0.000076
16.180000 0.000076
16.200000 0.000076
16.220000 0.000075
16.240000 0.000075
16.260000 0.000075
16.280000 0.000075
16.300000 0.000075
16.320000 0.000075
16.340000 0.000075
16.360000 0.000074
16.380000 0.000074
16.400000 0.000074
16.420000 0.000074
16.440000 0.000074
16.460000 0.000074
16.480000 0.000074
16.500000 0.000074
16.520000 0.000073
16.540000 0.000073
16.560000 0.000073
16.580000 0.000073
16.600000 0.000073
16.620000 0.000073
16.640000 0.000073
16.660000 0.000073
16.680000 0.000073
16.700000 0.000072
16.720000 0.000072
16.740000 0.000072
16.760000 0.000072
16.780000 0.000072
16.800000 0.000072
16.820000 0.000072
16.840000 0.000072
16.860000 0.000071
16.880000 0.000071
16.900000 0.000071
16.920000 0.000071
16.940000 0.000071
16.960000 0.000071
16.980000 0.000071
17.000000 0.000071
17.020000 0.000070
17.040000 0.000070
17.060000 0.000070
17.080000 0.000070
17.100000 0.000070
17.120000 0.000070
17.140000 0.000070
17.160000 0.000070
17.180000 0.000070
17.200000 0.000069
17.220000 0.000069
17.240000 0.000069
17.260000 0.000069
17.280000 0.000069
17.300000 0.000069
17.320000 0.000069
17.340000 0.000069
17.360000 0.000069
17.380000 0.000068
17.400000 0.000068
17.420000 0.000068
17.440000 0.000068
17.460000 0.000068
17.480000 0.000068
17.500000 0.000068
17.520000 0.000068
17.540000 0.000068
17.560000 0.000067
17.580000 0.000067
17.600000 0.000067
17.620000 0.000067
17.640000 0.000067
17.660000 0.000067
17.680000 0.000067
17.700000 0.000067
17.720000 0.000067
17.740000 0.000067
17.760000 0.000066
17.780000 0.000066
17.800000 0.000066
17.820000 0.000066
17.840000 0.000066
17.860000 0.000066
17.880000 0.000066
17.900000 0.000066
17.920000 0.000066
17.940000 0.000065
17.960000 0.000065
17.980000 0.000065
18.000000 0.000065
18.020000 0.000065
18.040000 0.000065
18.060000 0.000065
18.080000 0.000065
18.100000 0.000065
18.120000 0.000065
18.140000 0.000064
18.160000 0.000064
18.180000 0.000064
18.200000 0.000064
18.220000 0.000064
18.240000 0.000064
18.260000 0.000064
18.280000 0.000064
18.300000 0.000064
18.320000 0.000064
18.340000 0.000063
18.360000 0.000063
18.380000 0.000063
18.400000 0.000063
18.420000 0.000063
18.440000 0.000063
18.460000 0.000063
18.480000 0.000063
18.500000 0.000063
18.520000 0.000063
18.540000 0.000063
18.560000 0.000062
18.580000 0.000062
18.600000 0.000062
18.620000 0.000062
18.640000 0.000062
18.660000 0.000062
18.680000 0.000062
18.700000 0.000062
18.720000 0.000062
18.740000 0.000062
18.760000 0.000061
18.780000 0.000061
18.800000 0.000061
18.820000 0.000061
18.840000 0.000061
18.860000 0.000061
18.880000 0.000061
18.900000 0.000061
18.920000 0.000061
18.940000 0.000061
18.960000 0.000061
18.980000 0.000060
19.000000 0.000060
19.020000 0.000060
19.040000 0.000060
19.060000 0.000060
19.080000 0.000060
19.100000 0.000060
19.120000 0.000060
19.140000 0.000060
19.160000 0.000060
19.180000 0.000060
19.200000 0.000060
19.220000 0.000059
19.240000 0.000059
19.260000 0.000059
19.280000 0.000059
19.300000 0.000059
19.320000 0.000059
19.340000 0.000059
19.360000 0.000059
19.380000 0.000059
19.400000 0.000059
19.420000 0.000058
19.440000 0.000058
19.460000 0.000058
19.480000 0.000058
19.500000 0.000058
19.520000 0.000058
19.540000 0.000057
19.560000 0.000057
19.580000 0.000057
19.600000 0.000056
19.620000 0.000056
19.640000 0.000055
19.660000 0.000055
19.680000 0.000054
19.700000 0.000053
19.720000 0.000052
19.740000 0.000051
19.760000 0.000050
19.780000 0.000049
19.800000 0.000047
19.820000 0.000046
19.840000 0.000044
19.860000 0.000042
19.880000 0.000040
19.900000 0.000038
19.920000 0.000036
19.940000 0.000034
19.960000 0.000032
19.980000 0.000030

Sticks
-13.360000 0.078792
-13.340000 0.005035
-13.320000 0.189232
-13.300000 0.030209
-13.280000 0.036050
-13.220000 0.120143
-13.200000 0.026909
-13.160000 0.018324
-13.140000 0.034491
-13.100000 0.002049
-13.080000 0.000156
-13.060000 0.003174
-11.960000 0.000126
-11.940000 0.127281
-11.920000 0.079779
-11.900000 0.022794
-11.860000 0.002680
-11.840000 0.000452
-11.820000 0.000387
-11.760000 0.000010
-11.520000 0.002818
-11.480000 0.000006
-11.460000 0.000193
-11.440000 0.000007
-11.420000 0.000001
-11.400000 0.000468
-11.380000 0.000155
-11.360000 0.000805
-11.340000 0.000018
-11.320000 0.000001
-11.280000 0.000012
-11.240000 0.000026
-11.220000 0.000157
-11.060000 0.000281
-10.100000 0.000001
-10.080000 0.000002
-10.060000 0.000008
-10.040000 0.000006
1.940000 0.000010
1.960000 0.001528
1.980000 0.001791
2.360000 0.001575
2.400000 0.000040
2.420000 0.000017
2.460000 0.000080
2.480000 0.002882
2.500000 0.000009
2.520000 0.000296
2.580000 0.000001
2.600000 0.014680
2.620000 0.018908
2.640000 0.001149
2.660000 0.000003
2.680000 0.000164
2.700000 0.000261
2.740000 0.000003
3.200000 0.000001
3.240000 0.000000
3.260000 0.000001
3.280000 0.000013
3.300000 0.000002
3.320000 0.000000
3.460000 0.002737
3.480000 0.000008
3.540000 0.000009
3.600000 0.000009
3.660000 0.000002
3.740000 0.000014
3.780000 0.000004
3.800000 0.000020
3.820000 0.000038
3.840000 0.000029
3.880000 0.000003
3.920000 0.000001
3.960000 0.000039
4.000000 0.000008
4.020000 0.000001
4.080000 0.000001
4.120000 0.000000
4.180000 0.000004
4.200000 0.000013
4.240000 0.000005
4.280000 0.000001
4.400000 0.000008
4.440000 0.000034
4.460000 0.000002
4.540000 0.000009
4.560000 0.000001
4.600000 0.000001
4.640000 0.000010
4.660000 0.000017
4.680000 0.000000
4.700000 0.000003
4.720000 0.000000
4.880000 0.000002
4.900000 0.000003
4.960000 0.000004
5.000000 0.000004
5.040000 0.000008
5.080000 0.000020
5.100000 0.000005
5.140000 0.000012
5.200000 0.000001
5.220000 0.000004
5.280000 0.000005
5.340000 0.000002
5.360000 0.000000
5.400000 0.000001
5.460000 0.000000
5.580000 0.000001
5.780000 0.000002
5.820000 0.000009
5.840000 0.000040
5.860000 0.000005
5.880000 0.000013
5.960000 0.000007
5.980000 0.000003
6.040000 0.000058
6.060000 0.000013
6.100000 0.000002
6.120000 0.000002
6.220000 0.000000
6.360000 0.000001
6.420000 0.000002
6.440000 0.000001
6.600000 0.000099
6.620000 0.000078
6.660000 0.000012
6.800000 0.000001
6.880000 0.000001
6.900000 0.000001
7.020000 0.000005
7.080000 0.000001
7.260000 0.000001
7.300000 0.000001
7.360000 0.000001
7.440000 0.000002
7.480000 0.000006
7.500000 0.000001
7.540000 0.000001
7.560000 0.000045
7.580000 0.000007
7.720000 0.000000
8.460000 0.000031
8.480000 0.000003
8.500000 0.000006
8.520000 0.000006
