-20.000000 0.002486
-19.980000 0.002501
-19.960000 0.002515
-19.940000 0.002529
-19.920000 0.002544
-19.900000 0.002558
-19.880000 0.002573
-19.860000 0.002588
-19.840000 0.002603
-19.820000 0.002618
-19.800000 0.002633
-19.780000 0.002649
-19.760000 0.002664
-19.740000 0.002680
-19.720000 0.002696
-19.700000 0.002711
-19.680000 0.002728
-19.660000 0.002744
-19.640000 0.002760
-19.620000 0.002777
-19.600000 0.002793
-19.580000 0.002810
-19.560000 0.002827
-19.540000 0.002844
-19.520000 0.002862
-19.500000 0.002879
-19.480000 0.002897
-19.460000 0.002914
-19.440000 0.002932
-19.420000 0.002950
-19.400000 0.002969
-19.380000 0.002987
-19.360000 0.003006
-19.340000 0.003025
-19.320000 0.003043
-19.300000 0.003063
-19.280000 0.003082
-19.260000 0.003101
-19.240000 0.003121
-19.220000 0.003141
-19.200000 0.003161
-19.180000 0.003181
-19.160000 0.003202
-19.140000 0.003223
-19.120000 0.003243
-19.100000 0.003265
-19.080000 0.003286
-19.060000 0.003307
-19.040000 0.003329
-19.020000 0.003351
-19.000000 0.003373
-18.980000 0.003396
-18.960000 0.003418
-18.940000 0.003441
-18.920000 0.003464
-18.900000 0.003487
-18.880000 0.003511
-18.860000 0.003535
-18.840000 0.003559
-18.820000 0.003583
-18.800000 0.003607
-18.780000 0.003632
-18.760000 0.003657
-18.740000 0.003683
-18.720000 0.003708
-18.700000 0.003734
-18.680000 0.003760
-18.660000 0.003786
-18.640000 0.003813
-18.620000 0.003840
-18.600000 0.003867
-18.580000 0.003895
-18.560000 0.003922
-18.540000 0.003951
-18.520000 0.003979
-18.500000 0.004008
-18.480000 0.004037
-18.460000 0.004066
-18.440000 0.004096
-18.420000 0.004126
-18.400000 0.004156
-18.380000 0.004187
-18.360000 0.004218
-18.340000 0.004249
-18.320000 0.004281
-18.300000 0.004313
-18.280000 0.004346
-18.260000 0.004378
-18.240000 0.004412
-18.220000 0.004445
-18.200000 0.004479
-18.180000 0.004514
-18.160000 0.004548
-18.140000 0.004584
-18.120000 0.004619
-18.100000 0.004655
-18.080000 0.004692
-18.060000 0.004728
-18.040000 0.004766
-18.020000 0.004804
-18.000000 0.004842
-17.980000 0.004880
-17.960000 0.004920
-17.940000 0.004959
-17.920000 0.004999
-17.900000 0.005040
-17.880000 0.005081
-17.860000 0.005123
-17.840000 0.005165
-17.820000 0.005207
-17.800000 0.005250
-17.780000 0.005294
-17.760000 0.005338
-17.740000 0.005383
-17.720000 0.005429
-17.700000 0.005475
-17.680000 0.005521
-17.660000 0.005568
-17.640000 0.005616
-17.620000 0.005665
-17.600000 0.005714
-17.580000 0.005763
-17.560000 0.005814
-17.540000 0.005865
-17.520000 0.005917
-17.500000 0.005969
-17.480000 0.006022
-17.460000 0.006076
-17.440000 0.006130
-17.420000 0.006186
-17.400000 0.006242
-17.380000 0.006299
-17.360000 0.006356
-17.340000 0.006415
-17.320000 0.006474
-17.300000 0.006534
-17.280000 0.006595
-17.260000 0.006656
-17.240000 0.006719
-17.220000 0.006783
-17.200000 0.006847
-17.180000 0.006912
-17.160000 0.006979
-17.140000 0.007046
-17.120000 0.007114
-17.100000 0.007184
-17.080000 0.007254
-17.060000 0.007325
-17.040000 0.007398
-17.020000 0.007471
-17.000000 0.007546
-16.980000 0.007622
-16.960000 0.007698
-16.940000 0.007777
-16.920000 0.007856
-16.900000 0.007936
-16.880000 0.008018
-16.860000 0.008101
-16.840000 0.008186
-16.820000 0.008271
-16.800000 0.008358
-16.780000 0.008447
-16.760000 0.008537
-16.740000 0.008628
-16.720000 0.008721
-16.700000 0.008815
-16.680000 0.008911
-16.660000 0.009008
-16.640000 0.009108
-16.620000 0.009208
-16.600000 0.009311
-16.580000 0.009415
-16.560000 0.009521
-16.540000 0.009629
-16.520000 0.009738
-16.500000 0.009850
-16.480000 0.009963
-16.460000 0.010079
-16.440000 0.010196
-16.420000 0.010316
-16.400000 0.010437
-16.380000 0.010561
-16.360000 0.010687
-16.340000 0.010816
-16.320000 0.010947
-16.300000 0.011080
-16.280000 0.011215
-16.260000 0.011353
-16.240000 0.011494
-16.220000 0.011637
-16.200000 0.011784
-16.180000 0.011932
-16.160000 0.012084
-16.140000 0.012239
-16.120000 0.012397
-16.100000 0.012557
-16.080000 0.012721
-16.060000 0.012889
-16.040000 0.013059
-16.020000 0.013233
-16.000000 0.013411
-15.980000 0.013592
-15.960000 0.013776
-15.940000 0.013965
-15.920000 0.014158
-15.900000 0.014354
-15.880000 0.014555
-15.860000 0.014760
-15.840000 0.014970
-15.820000 0.015184
-15.800000 0.015402
-15.780000 0.015626
-15.760000 0.015854
-15.740000 0.016087
-15.720000 0.016326
-15.700000 0.016570
-15.680000 0.016819
-15.660000 0.017075
-15.640000 0.017336
-15.620000 0.017603
-15.600000 0.017876
-15.580000 0.018156
-15.560000 0.018443
-15.540000 0.018736
-15.520000 0.019037
-15.500000 0.019344
-15.480000 0.019660
-15.460000 0.019983
-15.440000 0.020314
-15.420000 0.020654
-15.400000 0.021002
-15.380000 0.021359
-15.360000 0.021725
-15.340000 0.022101
-15.320000 0.022487
-15.300000 0.022882
-15.280000 0.023289
-15.260000 0.023706
-15.240000 0.024135
-15.220000 0.024575
-15.200000 0.025028
-15.180000 0.025493
-15.160000 0.025971
-15.140000 0.026463
-15.120000 0.026969
-15.100000 0.027489
-15.080000 0.028025
-15.060000 0.028576
-15.040000 0.029144
-15.020000 0.029729
-15.000000 0.030331
-14.980000 0.030952
-14.960000 0.031592
-14.940000 0.032252
-14.920000 0.032933
-14.900000 0.033635
-14.880000 0.034360
-14.860000 0.035108
-14.840000 0.035881
-14.820000 0.036679
-14.800000 0.037504
-14.780000 0.038357
-14.760000 0.039239
-14.740000 0.040151
-14.720000 0.041094
-14.700000 0.042071
-14.680000 0.043082
-14.660000 0.044130
-14.640000 0.045215
-14.620000 0.046340
-14.600000 0.047507
-14.580000 0.048717
-14.560000 0.049973
-14.540000 0.051276
-14.520000 0.052630
-14.500000 0.054036
-14.480000 0.055498
-14.460000 0.057017
-14.440000 0.058598
-14.420000 0.060242
-14.400000 0.061954
-14.380000 0.063737
-14.360000 0.065593
-14.340000 0.067529
-14.320000 0.069546
-14.300000 0.071650
-14.280000 0.073845
-14.260000 0.076137
-14.240000 0.078529
-14.220000 0.081028
-14.200000 0.083640
-14.180000 0.086369
-14.160000 0.089223
-14.140000 0.092207
-14.120000 0.095330
-14.100000 0.098598
-14.080000 0.102018
-14.060000 0.105599
-14.040000 0.109348
-14.020000 0.113274
-14.000000 0.117386
-13.980000 0.121692
-13.960000 0.126202
-13.940000 0.130924
-13.920000 0.135867
-13.900000 0.141040
-13.880000 0.146452
-13.860000 0.152110
-13.840000 0.158022
-13.820000 0.164194
-13.800000 0.170631
-13.780000 0.177337
-13.760000 0.184313
-13.740000 0.191559
-13.720000 0.199069
-13.700000 0.206838
-13.680000 0.214853
-13.660000 0.223097
-13.640000 0.231551
-13.620000 0.240185
-13.600000 0.248966
-13.580000 0.257853
-13.560000 0.266796
-13.540000 0.275741
-13.520000 0.284623
-13.500000 0.293372
-13.480000 0.301909
-13.460000 0.310154
-13.440000 0.318018
-13.420000 0.325414
-13.400000 0.332252
-13.380000 0.338447
-13.360000 0.343918
-13.340000 0.348590
-13.320000 0.352402
-13.300000 0.355301
-13.280000 0.357252
-13.260000 0.358232
-13.240000 0.358236
-13.220000 0.357276
-13.200000 0.355377
-13.180000 0.352580
-13.160000 0.348941
-13.140000 0.344523
-13.120000 0.339402
-13.100000 0.333658
-13.080000 0.327377
-13.060000 0.320646
-13.040000 0.313551
-13.020000 0.306178
-13.000000 0.298608
-12.980000 0.290918
-12.960000 0.283179
-12.940000 0.275456
-12.920000 0.267806
-12.900000 0.260280
-12.880000 0.252921
-12.860000 0.245768
-12.840000 0.238851
-12.820000 0.232196
-12.800000 0.225824
-12.780000 0.219750
-12.760000 0.213987
-12.740000 0.208543
-12.720000 0.203423
-12.700000 0.198631
-12.680000 0.194168
-12.660000 0.190033
-12.640000 0.186226
-12.620000 0.182743
-12.600000 0.179580
-12.580000 0.176735
-12.560000 0.174203
-12.540000 0.171979
-12.520000 0.170059
-12.500000 0.168437
-12.480000 0.167109
-12.460000 0.166069
-12.440000 0.165311
-12.420000 0.164830
-12.400000 0.164620
-12.380000 0.164672
-12.360000 0.164979
-12.340000 0.165531
-12.320000 0.166318
-12.300000 0.167327
-12.280000 0.168544
-12.260000 0.169951
-12.240000 0.171530
-12.220000 0.173257
-12.200000 0.175108
-12.180000 0.177051
-12.160000 0.179055
-12.140000 0.181084
-12.120000 0.183097
-12.100000 0.185052
-12.080000 0.186905
-12.060000 0.188608
-12.040000 0.190115
-12.020000 0.191379
-12.000000 0.192358
-11.980000 0.193010
-11.960000 0.193300
-11.940000 0.193200
-11.920000 0.192687
-11.900000 0.191750
-11.880000 0.190384
-11.860000 0.188594
-11.840000 0.186393
-11.820000 0.183804
-11.800000 0.180854
-11.780000 0.177578
-11.760000 0.174013
-11.740000 0.170201
-11.720000 0.166183
-11.700000 0.162002
-11.680000 0.157697
-11.660000 0.153308
-11.640000 0.148870
-11.620000 0.144415
-11.600000 0.139972
-11.580000 0.135565
-11.560000 0.131217
-11.540000 0.126945
-11.520000 0.122763
-11.500000 0.118682
-11.480000 0.114712
-11.460000 0.110859
-11.440000 0.107126
-11.420000 0.103518
-11.400000 0.100034
-11.380000 0.096674
-11.360000 0.093439
-11.340000 0.090326
-11.320000 0.087332
-11.300000 0.084455
-11.280000 0.081692
-11.260000 0.079039
-11.240000 0.076493
-11.220000 0.074050
-11.200000 0.071706
-11.180000 0.069458
-11.160000 0.067302
-11.140000 0.065233
-11.120000 0.063249
-11.100000 0.061346
-11.080000 0.059520
-11.060000 0.057768
-11.040000 0.056088
-11.020000 0.054474
-11.000000 0.052926
-10.980000 0.051439
-10.960000 0.050010
-10.940000 0.048639
-10.920000 0.047320
-10.900000 0.046053
-10.880000 0.044835
-10.860000 0.043664
-10.840000 0.042537
-10.820000 0.041452
-10.800000 0.040409
-10.780000 0.039404
-10.760000 0.038435
-10.740000 0.037503
-10.720000 0.036604
-10.700000 0.035737
-10.680000 0.034901
-10.660000 0.034094
-10.640000 0.033316
-10.620000 0.032564
-10.600000 0.031838
-10.580000 0.031137
-10.560000 0.030459
-10.540000 0.029804
-10.520000 0.029170
-10.500000 0.028557
-10.480000 0.027964
-10.460000 0.027389
-10.440000 0.026833
-10.420000 0.026294
-10.400000 0.025772
-10.380000 0.025265
-10.360000 0.024774
-10.340000 0.024298
-10.320000 0.023836
-10.300000 0.023387
-10.280000 0.022952
-10.260000 0.022529
-10.240000 0.022118
-10.220000 0.021719
-10.200000 0.021331
-10.180000 0.020953
-10.160000 0.020586
-10.140000 0.020229
-10.120000 0.019881
-10.100000 0.019543
-10.080000 0.019214
-10.060000 0.018893
-10.040000 0.018580
-10.020000 0.018276
-10.000000 0.017979
-9.980000 0.017690
-9.960000 0.017407
-9.940000 0.017132
-9.920000 0.016863
-9.900000 0.016601
-9.880000 0.016346
-9.860000 0.016096
-9.840000 0.015852
-9.820000 0.015614
-9.800000 0.015381
-9.780000 0.015154
-9.760000 0.014932
-9.740000 0.014715
-9.720000 0.014503
-9.700000 0.014296
-9.680000 0.014093
-9.660000 0.013894
-9.640000 0.013700
-9.620000 0.013510
-9.600000 0.013325
-9.580000 0.013143
-9.560000 0.012965
-9.540000 0.012791
-9.520000 0.012620
-9.500000 0.012453
-9.480000 0.012289
-9.460000 0.012129
-9.440000 0.011972
-9.420000 0.011818
-9.400000 0.011667
-9.380000 0.011519
-9.360000 0.011374
-9.340000 0.011232
-9.320000 0.011092
-9.300000 0.010956
-9.280000 0.010821
-9.260000 0.010690
-9.240000 0.010561
-9.220000 0.010434
-9.200000 0.010310
-9.180000 0.010188
-9.160000 0.010068
-9.140000 0.009950
-9.120000 0.009835
-9.100000 0.009721
-9.080000 0.009610
-9.060000 0.009500
-9.040000 0.009393
-9.020000 0.009287
-9.000000 0.009184
-8.980000 0.009082
-8.960000 0.008981
-8.940000 0.008883
-8.920000 0.008786
-8.900000 0.008691
-8.880000 0.008597
-8.860000 0.008505
-8.840000 0.008415
-8.820000 0.008326
-8.800000 0.008238
-8.780000 0.008152
-8.760000 0.008067
-8.740000 0.007984
-8.720000 0.007902
-8.700000 0.007821
-8.680000 0.007742
-8.660000 0.007663
-8.640000 0.007586
-8.620000 0.007511
-8.600000 0.007436
-8.580000 0.007363
-8.560000 0.007290
-8.540000 0.007219
-8.520000 0.007149
-8.500000 0.007080
-8.480000 0.007012
-8.460000 0.006945
-8.440000 0.006879
-8.420000 0.006814
-8.400000 0.006749
-8.380000 0.006686
-8.360000 0.006624
-8.340000 0.006563
-8.320000 0.006502
-8.300000 0.006443
-8.280000 0.006384
-8.260000 0.006326
-8.240000 0.006269
-8.220000 0.006212
-8.200000 0.006157
-8.180000 0.006102
-8.160000 0.006048
-8.140000 0.005995
-8.120000 0.005942
-8.100000 0.005890
-8.080000 0.005839
-8.060000 0.005789
-8.040000 0.005739
-8.020000 0.005690
-8.000000 0.005642
-7.980000 0.005594
-7.960000 0.005547
-7.940000 0.005500
-7.920000 0.005454
-7.900000 0.005409
-7.880000 0.005364
-7.860000 0.005320
-7.840000 0.005276
-7.820000 0.005233
-7.800000 0.005191
-7.780000 0.005149
-7.760000 0.005108
-7.740000 0.005067
-7.720000 0.005026
-7.700000 0.004986
-7.680000 0.004947
-7.660000 0.004908
-7.640000 0.004870
-7.620000 0.004832
-7.600000 0.004794
-7.580000 0.004757
-7.560000 0.004721
-7.540000 0.004685
-7.520000 0.004649
-7.500000 0.004614
-7.480000 0.004579
-7.460000 0.004544
-7.440000 0.004510
-7.420000 0.004477
-7.400000 0.004444
-7.380000 0.004411
-7.360000 0.004378
-7.340000 0.004346
-7.320000 0.004315
-7.300000 0.004283
-7.280000 0.004252
-7.260000 0.004222
-7.240000 0.004191
-7.220000 0.004161
-7.200000 0.004132
-7.180000 0.004103
-7.160000 0.004074
-7.140000 0.004045
-7.120000 0.004017
-7.100000 0.003989
-7.080000 0.003961
-7.060000 0.003934
-7.040000 0.003907
-7.020000 0.003880
-7.000000 0.003854
-6.980000 0.003827
-6.960000 0.003802
-6.940000 0.003776
-6.920000 0.003751
-6.900000 0.003726
-6.880000 0.003701
-6.860000 0.003676
-6.840000 0.003652
-6.820000 0.003628
-6.800000 0.003604
-6.780000 0.003581
-6.760000 0.003558
-6.740000 0.003535
-6.720000 0.003512
-6.700000 0.003489
-6.680000 0.003467
-6.660000 0.003445
-6.640000 0.003423
-6.620000 0.003402
-6.600000 0.003380
-6.580000 0.003359
-6.560000 0.003338
-6.540000 0.003318
-6.520000 0.003297
-6.500000 0.003277
-6.480000 0.003257
-6.460000 0.003237
-6.440000 0.003217
-6.420000 0.003198
-6.400000 0.003178
-6.380000 0.003159
-6.360000 0.003140
-6.340000 0.003122
-6.320000 0.003103
-6.300000 0.003085
-6.280000 0.003067
-6.260000 0.003049
-6.240000 0.003031
-6.220000 0.003013
-6.200000 0.002996
-6.180000 0.002978
-6.160000 0.002961
-6.140000 0.002944
-6.120000 0.002927
-6.100000 0.002911
-6.080000 0.002894
-6.060000 0.002878
-6.040000 0.002862
-6.020000 0.002846
-6.000000 0.002830
-5.980000 0.002814
-5.960000 0.002799
-5.940000 0.002783
-5.920000 0.002768
-5.900000 0.002753
-5.880000 0.002738
-5.860000 0.002723
-5.840000 0.002708
-5.820000 0.002694
-5.800000 0.002679
-5.780000 0.002665
-5.760000 0.002651
-5.740000 0.002637
-5.720000 0.002623
-5.700000 0.002609
-5.680000 0.002596
-5.660000 0.002582
-5.640000 0.002569
-5.620000 0.002555
-5.600000 0.002542
-5.580000 0.002529
-5.560000 0.002516
-5.540000 0.002504
-5.520000 0.002491
-5.500000 0.002478
-5.480000 0.002466
-5.460000 0.002454
-5.440000 0.002442
-5.420000 0.002429
-5.400000 0.002417
-5.380000 0.002406
-5.360000 0.002394
-5.340000 0.002382
-5.320000 0.002371
-5.300000 0.002359
-5.280000 0.002348
-5.260000 0.002337
-5.240000 0.002325
-5.220000 0.002314
-5.200000 0.002303
-5.180000 0.002293
-5.160000 0.002282
-5.140000 0.002271
-5.120000 0.002261
-5.100000 0.002250
-5.080000 0.002240
-5.060000 0.002230
-5.040000 0.002219
-5.020000 0.002209
-5.000000 0.002199
-4.980000 0.002189
-4.960000 0.002180
-4.940000 0.002170
-4.920000 0.002160
-4.900000 0.002151
-4.880000 0.002141
-4.860000 0.002132
-4.840000 0.002123
-4.820000 0.002113
-4.800000 0.002104
-4.780000 0.002095
-4.760000 0.002086
-4.740000 0.002077
-4.720000 0.002069
-4.700000 0.002060
-4.680000 0.002051
-4.660000 0.002043
-4.640000 0.002034
-4.620000 0.002026
-4.600000 0.002017
-4.580000 0.002009
-4.560000 0.002001
-4.540000 0.001993
-4.520000 0.001985
-4.500000 0.001977
-4.480000 0.001969
-4.460000 0.001961
-4.440000 0.001953
-4.420000 0.001946
-4.400000 0.001938
-4.380000 0.001931
-4.360000 0.001923
-4.340000 0.001916
-4.320000 0.001908
-4.300000 0.001901
-4.280000 0.001894
-4.260000 0.001887
-4.240000 0.001880
-4.220000 0.001873
-4.200000 0.001866
-4.180000 0.001859
-4.160000 0.001852
-4.140000 0.001846
-4.120000 0.001839
-4.100000 0.001832
-4.080000 0.001826
-4.060000 0.001819
-4.040000 0.001813
-4.020000 0.001807
-4.000000 0.001800
-3.980000 0.001794
-3.960000 0.001788
-3.940000 0.001782
-3.920000 0.001776
-3.900000 0.001770
-3.880000 0.001764
-3.860000 0.001758
-3.840000 0.001752
-3.820000 0.001747
-3.800000 0.001741
-3.780000 0.001735
-3.760000 0.001730
-3.740000 0.001724
-3.720000 0.001719
-3.700000 0.001713
-3.680000 0.001708
-3.660000 0.001703
-3.640000 0.001698
-3.620000 0.001693
-3.600000 0.001687
-3.580000 0.001682
-3.560000 0.001677
-3.540000 0.001672
-3.520000 0.001668
-3.500000 0.001663
-3.480000 0.001658
-3.460000 0.001653
-3.440000 0.001649
-3.420000 0.001644
-3.400000 0.001640
-3.380000 0.001635
-3.360000 0.001631
-3.340000 0.001626
-3.320000 0.001622
-3.300000 0.001618
-3.280000 0.001614
-3.260000 0.001609
-3.240000 0.001605
-3.220000 0.001601
-3.200000 0.001597
-3.180000 0.001593
-3.160000 0.001589
-3.140000 0.001586
-3.120000 0.001582
-3.100000 0.001578
-3.080000 0.001575
-3.060000 0.001571
-3.040000 0.001567
-3.020000 0.001564
-3.000000 0.001560
-2.980000 0.001557
-2.960000 0.001554
-2.940000 0.001550
-2.920000 0.001547
-2.900000 0.001544
-2.880000 0.001541
-2.860000 0.001538
-2.840000 0.001535
-2.820000 0.001532
-2.800000 0.001529
-2.780000 0.001526
-2.760000 0.001523
-2.740000 0.001521
-2.720000 0.001518
-2.700000 0.001515
-2.680000 0.001513
-2.660000 0.001510
-2.640000 0.001508
-2.620000 0.001505
-2.600000 0.001503
-2.580000 0.001501
-2.560000 0.001499
-2.540000 0.001496
-2.520000 0.001494
-2.500000 0.001492
-2.480000 0.001490
-2.460000 0.001488
-2.440000 0.001486
-2.420000 0.001485
-2.400000 0.001483
-2.380000 0.001481
-2.360000 0.001480
-2.340000 0.001478
-2.320000 0.001477
-2.300000 0.001475
-2.280000 0.001474
-2.260000 0.001472
-2.240000 0.001471
-2.220000 0.001470
-2.200000 0.001469
-2.180000 0.001468
-2.160000 0.001467
-2.140000 0.001466
-2.120000 0.001465
-2.100000 0.001464
-2.080000 0.001463
-2.060000 0.001463
-2.040000 0.001462
-2.020000 0.001461
-2.000000 0.001461
-1.980000 0.001461
-1.960000 0.001460
-1.940000 0.001460
-1.920000 0.001460
-1.900000 0.001460
-1.880000 0.001460
-1.860000 0.001460
-1.840000 0.001460
-1.820000 0.001460
-1.800000 0.001460
-1.780000 0.001461
-1.760000 0.001461
-1.740000 0.001462
-1.720000 0.001462
-1.700000 0.001463
-1.680000 0.001464
-1.660000 0.001465
-1.640000 0.001465
-1.620000 0.001466
-1.600000 0.001468
-1.580000 0.001469
-1.560000 0.001470
-1.540000 0.001471
-1.520000 0.001473
-1.500000 0.001474
-1.480000 0.001476
-1.460000 0.001478
-1.440000 0.001480
-1.420000 0.001482
-1.400000 0.001484
-1.380000 0.001486
-1.360000 0.001488
-1.340000 0.001491
-1.320000 0.001493
-1.300000 0.001496
-1.280000 0.001498
-1.260000 0.001501
-1.240000 0.001504
-1.220000 0.001507
-1.200000 0.001510
-1.180000 0.001514
-1.160000 0.001517
-1.140000 0.001521
-1.120000 0.001524
-1.100000 0.001528
-1.080000 0.001532
-1.060000 0.001536
-1.040000 0.001540
-1.020000 0.001545
-1.000000 0.001549
-0.980000 0.001554
-0.960000 0.001559
-0.940000 0.001564
-0.920000 0.001569
-0.900000 0.001574
-0.880000 0.001580
-0.860000 0.001585
-0.840000 0.001591
-0.820000 0.001597
-0.800000 0.001603
-0.780000 0.001610
-0.760000 0.001616
-0.740000 0.001623
-0.720000 0.001630
-0.700000 0.001637
-0.680000 0.001644
-0.660000 0.001652
-0.640000 0.001660
-0.620000 0.001668
-0.600000 0.001676
-0.580000 0.001684
-0.560000 0.001693
-0.540000 0.001702
-0.520000 0.001711
-0.500000 0.001721
-0.480000 0.001730
-0.460000 0.001740
-0.440000 0.001750
-0.420000 0.001761
-0.400000 0.001772
-0.380000 0.001783
-0.360000 0.001794
-0.340000 0.001806
-0.320000 0.001818
-0.300000 0.001831
-0.280000 0.001843
-0.260000 0.001857
-0.240000 0.001870
-0.220000 0.001884
-0.200000 0.001898
-0.180000 0.001913
-0.160000 0.001928
-0.140000 0.001943
-0.120000 0.001959
-0.100000 0.001975
-0.080000 0.001992
-0.060000 0.002009
-0.040000 0.002027
-0.020000 0.002045
-0.000000 0.002064
0.020000 0.002084
0.040000 0.002103
0.060000 0.002124
0.080000 0.002145
0.100000 0.002167
0.120000 0.002189
0.140000 0.002212
0.160000 0.002235
0.180000 0.002260
0.200000 0.002285
0.220000 0.002310
0.240000 0.002337
0.260000 0.002364
0.280000 0.002392
0.300000 0.002421
0.320000 0.002451
0.340000 0.002482
0.360000 0.002514
0.380000 0.002547
0.400000 0.002581
0.420000 0.002615
0.440000 0.002651
0.460000 0.002689
0.480000 0.002727
0.500000 0.002767
0.520000 0.002807
0.540000 0.002850
0.560000 0.002893
0.580000 0.002938
0.600000 0.002985
0.620000 0.003033
0.640000 0.003083
0.660000 0.003135
0.680000 0.003188
0.700000 0.003244
0.720000 0.003301
0.740000 0.003360
0.760000 0.003422
0.780000 0.003485
0.800000 0.003551
0.820000 0.003620
0.840000 0.003691
0.860000 0.003764
0.880000 0.003841
0.900000 0.003920
0.920000 0.004003
0.940000 0.004089
0.960000 0.004178
0.980000 0.004270
1.000000 0.004366
1.020000 0.004466
1.040000 0.004571
1.060000 0.004679
1.080000 0.004792
1.100000 0.004909
1.120000 0.005032
1.140000 0.005159
1.160000 0.005292
1.180000 0.005431
1.200000 0.005575
1.220000 0.005726
1.240000 0.005883
1.260000 0.006046
1.280000 0.006217
1.300000 0.006395
1.320000 0.006580
1.340000 0.006774
1.360000 0.006975
1.380000 0.007185
1.400000 0.007403
1.420000 0.007631
1.440000 0.007868
1.460000 0.008114
1.480000 0.008370
1.500000 0.008636
1.520000 0.008911
1.540000 0.009198
1.560000 0.009494
1.580000 0.009801
1.600000 0.010119
1.620000 0.010448
1.640000 0.010788
1.660000 0.011140
1.680000 0.011503
1.700000 0.011878
1.720000 0.012265
1.740000 0.012665
1.760000 0.013079
1.780000 0.013506
1.800000 0.013948
1.820000 0.014405
1.840000 0.014878
1.860000 0.015367
1.880000 0.015873
1.900000 0.016396
1.920000 0.016936
1.940000 0.017493
1.960000 0.018067
1.980000 0.018657
2.000000 0.019262
2.020000 0.019880
2.040000 0.020508
2.060000 0.021145
2.080000 0.021786
2.100000 0.022427
2.120000 0.023065
2.140000 0.023694
2.160000 0.024308
2.180000 0.024900
2.200000 0.025465
2.220000 0.025994
2.240000 0.026482
2.260000 0.026920
2.280000 0.027303
2.300000 0.027623
2.320000 0.027875
2.340000 0.028055
2.360000 0.028158
2.380000 0.028183
2.400000 0.028129
2.420000 0.027996
2.440000 0.027786
2.460000 0.027503
2.480000 0.027150
2.500000 0.026735
2.520000 0.026263
2.540000 0.025741
2.560000 0.025176
2.580000 0.024577
2.600000 0.023950
2.620000 0.023302
2.640000 0.022641
2.660000 0.021972
2.680000 0.021302
2.700000 0.020635
2.720000 0.019975
2.740000 0.019326
2.760000 0.018692
2.780000 0.018074
2.800000 0.017475
2.820000 0.016897
2.840000 0.016340
2.860000 0.015805
2.880000 0.015293
2.900000 0.014803
2.920000 0.014336
2.940000 0.013891
2.960000 0.013468
2.980000 0.013066
3.000000 0.012684
3.020000 0.012321
3.040000 0.011977
3.060000 0.011650
3.080000 0.011340
3.100000 0.011044
3.120000 0.010763
3.140000 0.010494
3.160000 0.010236
3.180000 0.009989
3.200000 0.009750
3.220000 0.009520
3.240000 0.009296
3.260000 0.009078
3.280000 0.008865
3.300000 0.008656
3.320000 0.008451
3.340000 0.008249
3.360000 0.008051
3.380000 0.007854
3.400000 0.007661
3.420000 0.007470
3.440000 0.007282
3.460000 0.007096
3.480000 0.006914
3.500000 0.006735
3.520000 0.006560
3.540000 0.006388
3.560000 0.006220
3.580000 0.006057
3.600000 0.005898
3.620000 0.005743
3.640000 0.005593
3.660000 0.005447
3.680000 0.005306
3.700000 0.005169
3.720000 0.005037
3.740000 0.004909
3.760000 0.004786
3.780000 0.004667
3.800000 0.004552
3.820000 0.004441
3.840000 0.004335
3.860000 0.004231
3.880000 0.004132
3.900000 0.004036
3.920000 0.003944
3.940000 0.003854
3.960000 0.003768
3.980000 0.003685
4.000000 0.003605
4.020000 0.003528
4.040000 0.003453
4.060000 0.003381
4.080000 0.003312
4.100000 0.003245
4.120000 0.003180
4.140000 0.003118
4.160000 0.003057
4.180000 0.002999
4.200000 0.002943
4.220000 0.002888
4.240000 0.002836
4.260000 0.002785
4.280000 0.002735
4.300000 0.002687
4.320000 0.002641
4.340000 0.002596
4.360000 0.002553
4.380000 0.002511
4.400000 0.002470
4.420000 0.002430
4.440000 0.002391
4.460000 0.002354
4.480000 0.002317
4.500000 0.002282
4.520000 0.002247
4.540000 0.002214
4.560000 0.002181
4.580000 0.002149
4.600000 0.002118
4.620000 0.002088
4.640000 0.002058
4.660000 0.002029
4.680000 0.002001
4.700000 0.001974
4.720000 0.001947
4.740000 0.001922
4.760000 0.001896
4.780000 0.001872
4.800000 0.001848
4.820000 0.001824
4.840000 0.001801
4.860000 0.001779
4.880000 0.001758
4.900000 0.001736
4.920000 0.001716
4.940000 0.001696
4.960000 0.001676
4.980000 0.001657
5.000000 0.001638
5.020000 0.001620
5.040000 0.001602
5.060000 0.001584
5.080000 0.001567
5.100000 0.001550
5.120000 0.001534
5.140000 0.001517
5.160000 0.001502
5.180000 0.001486
5.200000 0.001471
5.220000 0.001456
5.240000 0.001442
5.260000 0.001427
5.280000 0.001414
5.300000 0.001400
5.320000 0.001387
5.340000 0.001374
5.360000 0.001361
5.380000 0.001349
5.400000 0.001337
5.420000 0.001326
5.440000 0.001315
5.460000 0.001304
5.480000 0.001293
5.500000 0.001283
5.520000 0.001273
5.540000 0.001263
5.560000 0.001254
5.580000 0.001245
5.600000 0.001237
5.620000 0.001228
5.640000 0.001220
5.660000 0.001212
5.680000 0.001205
5.700000 0.001197
5.720000 0.001190
5.740000 0.001183
5.760000 0.001177
5.780000 0.001170
5.800000 0.001163
5.820000 0.001157
5.840000 0.001151
5.860000 0.001144
5.880000 0.001138
5.900000 0.001132
5.920000 0.001125
5.940000 0.001119
5.960000 0.001113
5.980000 0.001106
6.000000 0.001100
6.020000 0.001093
6.040000 0.001087
6.060000 0.001080
6.080000 0.001074
6.100000 0.001067
6.120000 0.001061
6.140000 0.001054
6.160000 0.001048
6.180000 0.001042
6.200000 0.001035
6.220000 0.001029
6.240000 0.001023
6.260000 0.001017
6.280000 0.001012
6.300000 0.001006
6.320000 0.001001
6.340000 0.000995
6.360000 0.000990
6.380000 0.000985
6.400000 0.000980
6.420000 0.000975
6.440000 0.000970
6.460000 0.000965
6.480000 0.000961
6.500000 0.000956
6.520000 0.000950
6.540000 0.000945
6.560000 0.000940
6.580000 0.000934
6.600000 0.000929
6.620000 0.000923
6.640000 0.000917
6.660000 0.000910
6.680000 0.000904
6.700000 0.000897
6.720000 0.000890
6.740000 0.000883
6.760000 0.000876
6.780000 0.000869
6.800000 0.000862
6.820000 0.000855
6.840000 0.000847
6.860000 0.000840
6.880000 0.000833
6.900000 0.000826
6.920000 0.000819
6.940000 0.000812
6.960000 0.000805
6.980000 0.000798
7.000000 0.000791
7.020000 0.000785
7.040000 0.000779
7.060000 0.000773
7.080000 0.000767
7.100000 0.000761
7.120000 0.000755
7.140000 0.000750
7.160000 0.000744
7.180000 0.000739
7.200000 0.000734
7.220000 0.000729
7.240000 0.000725
7.260000 0.000720
7.280000 0.000716
7.300000 0.000712
7.320000 0.000707
7.340000 0.000703
7.360000 0.000699
7.380000 0.000696
7.400000 0.000692
7.420000 0.000688
7.440000 0.000685
7.460000 0.000682
7.480000 0.000678
7.500000 0.000675
7.520000 0.000672
7.540000 0.000669
7.560000 0.000666
7.580000 0.000663
7.600000 0.000660
7.620000 0.000657
7.640000 0.000654
7.660000 0.000651
7.680000 0.000648
7.700000 0.000644
7.720000 0.000641
7.740000 0.000638
7.760000 0.000635
7.780000 0.000632
7.800000 0.000628
7.820000 0.000625
7.840000 0.000622
7.860000 0.000618
7.880000 0.000615
7.900000 0.000612
7.920000 0.000608
7.940000 0.000605
7.960000 0.000601
7.980000 0.000598
8.000000 0.000595
8.020000 0.000592
8.040000 0.000589
8.060000 0.000586
8.080000 0.000582
8.100000 0.000580
8.120000 0.000577
8.140000 0.000574
8.160000 0.000571
8.180000 0.000569
8.200000 0.000566
8.220000 0.000564
8.240000 0.000561
8.260000 0.000559
8.280000 0.000557
8.300000 0.000555
8.320000 0.000553
8.340000 0.000551
8.360000 0.000549
8.380000 0.000547
8.400000 0.000545
8.420000 0.000543
8.440000 0.000542
8.460000 0.000540
8.480000 0.000538
8.500000 0.000536
8.520000 0.000534
8.540000 0.000533
8.560000 0.000531
8.580000 0.000529
8.600000 0.000527
8.620000 0.000524
8.640000 0.000522
8.660000 0.000520
8.680000 0.000518
8.700000 0.000515
8.720000 0.000513
8.740000 0.000510
8.760000 0.000507
8.780000 0.000505
8.800000 0.000502
8.820000 0.000499
8.840000 0.000496
8.860000 0.000493
8.880000 0.000491
8.900000 0.000488
8.920000 0.000485
8.940000 0.000482
8.960000 0.000479
8.980000 0.000477
9.000000 0.000474
9.020000 0.000471
9.040000 0.000469
9.060000 0.000466
9.080000 0.000463
9.100000 0.000461
9.120000 0.000458
9.140000 0.000456
9.160000 0.000454
9.180000 0.000451
9.200000 0.000449
9.220000 0.000447
9.240000 0.000445
9.260000 0.000442
9.280000 0.000440
9.300000 0.000438
9.320000 0.000436
9.340000 0.000434
9.360000 0.000432
9.380000 0.000430
9.400000 0.000428
9.420000 0.000426
9.440000 0.000425
9.460000 0.000423
9.480000 0.000421
9.500000 0.000419
9.520000 0.000418
9.540000 0.000416
9.560000 0.000414
9.580000 0.000412
9.600000 0.000411
9.620000 0.000409
9.640000 0.000408
9.660000 0.000406
9.680000 0.000404
9.700000 0.000403
9.720000 0.000401
9.740000 0.000400
9.760000 0.000398
9.780000 0.000397
9.800000 0.000396
9.820000 0.000394
9.840000 0.000393
9.860000 0.000391
9.880000 0.000390
9.900000 0.000388
9.920000 0.000387
9.940000 0.000386
9.960000 0.000384
9.980000 0.000383
10.000000 0.000382
10.020000 0.000381
10.040000 0.000379
10.060000 0.000378
10.080000 0.000377
10.100000 0.000375
10.120000 0.000374
10.140000 0.000373
10.160000 0.000372
10.180000 0.000371
10.200000 0.000369
10.220000 0.000368
10.240000 0.000367
10.260000 0.000366
10.280000 0.000365
10.300000 0.000363
10.320000 0.000362
10.340000 0.000361
10.360000 0.000360
10.380000 0.000359
10.400000 0.000358
10.420000 0.000357
10.440000 0.000356
10.460000 0.000355
10.480000 0.000353
10.500000 0.000352
10.520000 0.000351
10.540000 0.000350
10.560000 0.000349
10.580000 0.000348
10.600000 0.000347
10.620000 0.000346
10.640000 0.000345
10.660000 0.000344
10.680000 0.000343
10.700000 0.000342
10.720000 0.000341
10.740000 0.000340
10.760000 0.000339
10.780000 0.000338
10.800000 0.000337
10.820000 0.000336
10.840000 0.000335
10.860000 0.000334
10.880000 0.000333
10.900000 0.000332
10.920000 0.000332
10.940000 0.000331
10.960000 0.000330
10.980000 0.000329
11.000000 0.000328
11.020000 0.000327
11.040000 0.000326
11.060000 0.000325
11.080000 0.000324
11.100000 0.000323
11.120000 0.000322
11.140000 0.000322
11.160000 0.000321
11.180000 0.000320
11.200000 0.000319
11.220000 0.000318
11.240000 0.000317
11.260000 0.000316
11.280000 0.000316
11.300000 0.000315
11.320000 0.000314
11.340000 0.000313
11.360000 0.000312
11.380000 0.000311
11.400000 0.000311
11.420000 0.000310
11.440000 0.000309
11.460000 0.000308
11.480000 0.000307
11.500000 0.000307
11.520000 0.000306
11.540000 0.000305
11.560000 0.000304
11.580000 0.000304
11.600000 0.000303
11.620000 0.000302
11.640000 0.000301
11.660000 0.000300
11.680000 0.000300
11.700000 0.000299
11.720000 0.000298
11.740000 0.000297
11.760000 0.000297
11.780000 0.000296
11.800000 0.000295
11.820000 0.000295
11.840000 0.000294
11.860000 0.000293
11.880000 0.000292
11.900000 0.000292
11.920000 0.000291
11.940000 0.000290
11.960000 0.000290
11.980000 0.000289
12.000000 0.000288
12.020000 0.000287
12.040000 0.000287
12.060000 0.000286
12.080000 0.000285
12.100000 0.000285
12.120000 0.000284
12.140000 0.000283
12.160000 0.000283
12.180000 0.000282
12.200000 0.000281
12.220000 0.000281
12.240000 0.000280
12.260000 0.000279
12.280000 0.000279
12.300000 0.000278
12.320000 0.000277
12.340000 0.000277
12.360000 0.000276
12.380000 0.000275
12.400000 0.000275
12.420000 0.000274
12.440000 0.000273
12.460000 0.000273
12.480000 0.000272
12.500000 0.000272
12.520000 0.000271
12.540000 0.000270
12.560000 0.000270
12.580000 0.000269
12.600000 0.000269
12.620000 0.000268
12.640000 0.000267
12.660000 0.000267
12.680000 0.000266
12.700000 0.000266
12.720000 0.000265
12.740000 0.000264
12.760000 0.000264
12.780000 0.000263
12.800000 0.000263
12.820000 0.000262
12.840000 0.000261
12.860000 0.000261
12.880000 0.000260
12.900000 0.000260
12.920000 0.000259
12.940000 0.000259
12.960000 0.000258
12.980000 0.000257
13.000000 0.000257
13.020000 0.000256
13.040000 0.000256
13.060000 0.000255
13.080000 0.000255
13.100000 0.000254
13.120000 0.000254
13.140000 0.000253
13.160000 0.000252
13.180000 0.000252
13.200000 0.000251
13.220000 0.000251
13.240000 0.000250
13.260000 0.000250
13.280000 0.000249
13.300000 0.000249
13.320000 0.000248
13.340000 0.000248
13.360000 0.000247
13.380000 0.000247
13.400000 0.000246
13.420000 0.000246
13.440000 0.000245
13.460000 0.000245
13.480000 0.000244
13.500000 0.000243
13.520000 0.000243
13.540000 0.000242
13.560000 0.000242
13.580000 0.000241
13.600000 0.000241
13.620000 0.000240
13.640000 0.000240
13.660000 0.000239
13.680000 0.000239
13.700000 0.000239
13.720000 0.000238
13.740000 0.000238
13.760000 0.000237
13.780000 0.000237
13.800000 0.000236
13.820000 0.000236
13.840000 0.000235
13.860000 0.000235
13.880000 0.000234
13.900000 0.000234
13.920000 0.000233
13.940000 0.000233
13.960000 0.000232
13.980000 0.000232
14.000000 0.000231
14.020000 0.000231
14.040000 0.000230
14.060000 0.000230
14.080000 0.000230
14.100000 0.000229
14.120000 0.000229
14.140000 0.000228
14.160000 0.000228
14.180000 0.000227
14.200000 0.000227
14.220000 0.000226
14.240000 0.000226
14.260000 0.000225
14.280000 0.000225
14.300000 0.000225
14.320000 0.000224
14.340000 0.000224
14.360000 0.000223
14.380000 0.000223
14.400000 0.000222
14.420000 0.000222
14.440000 0.000222
14.460000 0.000221
14.480000 0.000221
14.500000 0.000220
14.520000 0.000220
14.540000 0.000219
14.560000 0.000219
14.580000 0.000219
14.600000 0.000218
14.620000 0.000218
14.640000 0.000217
14.660000 0.000217
14.680000 0.000217
14.700000 0.000216
14.720000 0.000216
14.740000 0.000215
14.760000 0.000215
14.780000 0.000214
14.800000 0.000214
14.820000 0.000214
14.840000 0.000213
14.860000 0.000213
14.880000 0.000212
14.900000 0.000212
14.920000 0.000212
14.940000 0.000211
14.960000 0.000211
14.980000 0.000211
15.000000 0.000210
15.020000 0.000210
15.040000 0.000209
15.060000 0.000209
15.080000 0.000209
15.100000 0.000208
15.120000 0.000208
15.140000 0.000207
15.160000 0.000207
15.180000 0.000207
15.200000 0.000206
15.220000 0.000206
15.240000 0.000206
15.260000 0.000205
15.280000 0.000205
15.300000 0.000204
15.320000 0.000204
15.340000 0.000204
15.360000 0.000203
15.380000 0.000203
15.400000 0.000203
15.420000 0.000202
15.440000 0.000202
15.460000 0.000201
15.480000 0.000201
15.500000 0.000201
15.520000 0.000200
15.540000 0.000200
15.560000 0.000200
15.580000 0.000199
15.600000 0.000199
15.620000 0.000199
15.640000 0.000198
15.660000 0.000198
15.680000 0.000198
15.700000 0.000197
15.720000 0.000197
15.740000 0.000197
15.760000 0.000196
15.780000 0.000196
15.800000 0.000195
15.820000 0.000195
15.840000 0.000195
15.860000 0.000194
15.880000 0.000194
15.900000 0.000194
15.920000 0.000193
15.940000 0.000193
15.960000 0.000193
15.980000 0.000192
16.000000 0.000192
16.020000 0.000192
16.040000 0.000191
16.060000 0.000191
16.080000 0.000191
16.100000 0.000190
16.120000 0.000190
16.140000 0.000190
16.160000 0.000189
16.180000 0.000189
16.200000 0.000189
16.220000 0.000188
16.240000 0.000188
16.260000 0.000188
16.280000 0.000188
16.300000 0.000187
16.320000 0.000187
16.340000 0.000187
16.360000 0.000186
16.380000 0.000186
16.400000 0.000186
16.420000 0.000185
16.440000 0.000185
16.460000 0.000185
16.480000 0.000184
16.500000 0.000184
16.520000 0.000184
16.540000 0.000183
16.560000 0.000183
16.580000 0.000183
16.600000 0.000182
16.620000 0.000182
16.640000 0.000182
16.660000 0.000182
16.680000 0.000181
16.700000 0.000181
16.720000 0.000181
16.740000 0.000180
16.760000 0.000180
16.780000 0.000180
16.800000 0.000179
16.820000 0.000179
16.840000 0.000179
16.860000 0.000179
16.880000 0.000178
16.900000 0.000178
16.920000 0.000178
16.940000 0.000177
16.960000 0.000177
16.980000 0.000177
17.000000 0.000177
17.020000 0.000176
17.040000 0.000176
17.060000 0.000176
17.080000 0.000175
17.100000 0.000175
17.120000 0.000175
17.140000 0.000175
17.160000 0.000174
17.180000 0.000174
17.200000 0.000174
17.220000 0.000173
17.240000 0.000173
17.260000 0.000173
17.280000 0.000173
17.300000 0.000172
17.320000 0.000172
17.340000 0.000172
17.360000 0.000171
17.380000 0.000171
17.400000 0.000171
17.420000 0.000171
17.440000 0.000170
17.460000 0.000170
17.480000 0.000170
17.500000 0.000170
17.520000 0.000169
17.540000 0.000169
17.560000 0.000169
17.580000 0.000168
17.600000 0.000168
17.620000 0.000168
17.640000 0.000168
17.660000 0.000167
17.680000 0.000167
17.700000 0.000167
17.720000 0.000167
17.740000 0.000166
17.760000 0.000166
17.780000 0.000166
17.800000 0.000166
17.820000 0.000165
17.840000 0.000165
17.860000 0.000165
17.880000 0.000165
17.900000 0.000164
17.920000 0.000164
17.940000 0.000164
17.960000 0.000164
17.980000 0.000163
18.000000 0.000163
18.020000 0.000163
18.040000 0.000163
18.060000 0.000162
18.080000 0.000162
18.100000 0.000162
18.120000 0.000162
18.140000 0.000161
18.160000 0.000161
18.180000 0.000161
18.200000 0.000161
18.220000 0.000160
18.240000 0.000160
18.260000 0.000160
18.280000 0.000160
18.300000 0.000159
18.320000 0.000159
18.340000 0.000159
18.360000 0.000159
18.380000 0.000158
18.400000 0.000158
18.420000 0.000158
18.440000 0.000158
18.460000 0.000157
18.480000 0.000157
18.500000 0.000157
18.520000 0.000157
18.540000 0.000156
18.560000 0.000156
18.580000 0.000156
18.600000 0.000156
18.620000 0.000156
18.640000 0.000155
18.660000 0.000155
18.680000 0.000155
18.700000 0.000155
18.720000 0.000154
18.740000 0.000154
18.760000 0.000154
18.780000 0.000154
18.800000 0.000153
18.820000 0.000153
18.840000 0.000153
18.860000 0.000153
18.880000 0.000153
18.900000 0.000152
18.920000 0.000152
18.940000 0.000152
18.960000 0.000152
18.980000 0.000151
19.000000 0.000151
19.020000 0.000151
19.040000 0.000151
19.060000 0.000150
19.080000 0.000150
19.100000 0.000150
19.120000 0.000150
19.140000 0.000150
19.160000 0.000149
19.180000 0.000149
19.200000 0.000149
19.220000 0.000149
19.240000 0.000149
19.260000 0.000148
19.280000 0.000148
19.300000 0.000148
19.320000 0.000148
19.340000 0.000147
19.360000 0.000147
19.380000 0.000147
19.400000 0.000147
19.420000 0.000147
19.440000 0.000146
19.460000 0.000146
19.480000 0.000146
19.500000 0.000146
19.520000 0.000146
19.540000 0.000145
19.560000 0.000145
19.580000 0.000145
19.600000 0.000145
19.620000 0.000144
19.640000 0.000144
19.660000 0.000144
19.680000 0.000144
19.700000 0.000144
19.720000 0.000143
19.740000 0.000143
19.760000 0.000143
19.780000 0.000143
19.800000 0.000143
19.820000 0.000142
19.840000 0.000142
19.860000 0.000142
19.880000 0.000142
19.900000 0.000142
19.920000 0.000141
19.940000 0.000141
19.960000 0.000141
19.980000 0.000141

#Sticks
-13.340000 0.074292
-13.320000 0.011642
-13.300000 0.190864
-13.280000 0.064435
-13.200000 0.114508
-13.180000 0.032910
-13.140000 0.016737
-13.120000 0.033284
-13.100000 0.001796
-13.060000 0.002988
-13.040000 0.000813
-11.940000 0.000169
-11.920000 0.114555
-11.900000 0.091297
-11.880000 0.022812
-11.840000 0.000875
-11.820000 0.003593
-11.800000 0.000000
-11.780000 0.000277
-11.740000 0.000009
-11.480000 0.002693
-11.440000 0.000032
-11.420000 0.000175
-11.400000 0.000010
-11.360000 0.000588
-11.320000 0.000789
-11.300000 0.000016
-11.240000 0.000020
-11.200000 0.000026
-11.180000 0.000155
-11.040000 0.000006
-11.020000 0.000265
-10.060000 0.000001
-10.020000 0.000002
-10.000000 0.000012
-9.980000 0.000001
-8.280000 0.000001
1.720000 0.000008
1.740000 0.000052
1.760000 0.002409
2.160000 0.000132
2.180000 0.001387
2.200000 0.000070
2.240000 0.000051
2.280000 0.002085
2.300000 0.001468
2.320000 0.000720
2.360000 0.000002
2.380000 0.012650
2.400000 0.019522
2.420000 0.003555
2.440000 0.000004
2.460000 0.000337
2.480000 0.000080
2.500000 0.000161
3.220000 0.000001
3.240000 0.000095
3.260000 0.000000
3.300000 0.001525
3.320000 0.001229
3.340000 0.000043
3.500000 0.000002
3.540000 0.000001
3.640000 0.000006
3.720000 0.000001
3.740000 0.000041
3.780000 0.000020
3.800000 0.000001
3.860000 0.000002
3.880000 0.000010
3.900000 0.000027
3.920000 0.000001
3.940000 0.000009
4.020000 0.000001
4.060000 0.000000
4.080000 0.000003
4.160000 0.000010
4.180000 0.000004
4.320000 0.000005
4.340000 0.000001
4.360000 0.000001
4.400000 0.000011
4.420000 0.000020
4.460000 0.000003
4.480000 0.000013
4.500000 0.000002
4.560000 0.000001
4.580000 0.000015
4.600000 0.000010
4.640000 0.000004
4.720000 0.000006
4.760000 0.000003
4.900000 0.000002
4.960000 0.000000
4.980000 0.000006
5.000000 0.000006
5.020000 0.000011
5.040000 0.000007
5.060000 0.000001
5.160000 0.000020
5.180000 0.000001
5.200000 0.000008
5.360000 0.000001
5.380000 0.000006
5.420000 0.000001
5.640000 0.000000
5.800000 0.000003
5.860000 0.000024
5.900000 0.000025
5.940000 0.000014
6.020000 0.000067
6.060000 0.000005
6.080000 0.000007
6.120000 0.000001
6.160000 0.000001
6.280000 0.000001
6.320000 0.000001
6.480000 0.000002
6.540000 0.000006
6.560000 0.000009
6.600000 0.000038
6.640000 0.000112
6.680000 0.000004
6.700000 0.000001
6.840000 0.000000
6.880000 0.000000
6.920000 0.000001
7.180000 0.000000
7.200000 0.000001
7.220000 0.000004
7.240000 0.000001
7.280000 0.000000
7.300000 0.000000
7.320000 0.000001
7.420000 0.000001
7.520000 0.000001
7.580000 0.000001
7.600000 0.000002
7.680000 0.000004
7.720000 0.000000
7.740000 0.000025
7.760000 0.000024
8.640000 0.000048
8.660000 0.000000
8.680000 0.000007
8.740000 0.000001
