-20.000000 0.007459
-19.980000 0.007502
-19.960000 0.007544
-19.940000 0.007587
-19.920000 0.007631
-19.900000 0.007675
-19.880000 0.007719
-19.860000 0.007763
-19.840000 0.007808
-19.820000 0.007854
-19.800000 0.007899
-19.780000 0.007946
-19.760000 0.007992
-19.740000 0.008039
-19.720000 0.008087
-19.700000 0.008134
-19.680000 0.008183
-19.660000 0.008231
-19.640000 0.008280
-19.620000 0.008330
-19.600000 0.008380
-19.580000 0.008430
-19.560000 0.008481
-19.540000 0.008533
-19.520000 0.008585
-19.500000 0.008637
-19.480000 0.008690
-19.460000 0.008743
-19.440000 0.008797
-19.420000 0.008851
-19.400000 0.008906
-19.380000 0.008961
-19.360000 0.009017
-19.340000 0.009074
-19.320000 0.009130
-19.300000 0.009188
-19.280000 0.009246
-19.260000 0.009304
-19.240000 0.009364
-19.220000 0.009423
-19.200000 0.009484
-19.180000 0.009544
-19.160000 0.009606
-19.140000 0.009668
-19.120000 0.009730
-19.100000 0.009794
-19.080000 0.009858
-19.060000 0.009922
-19.040000 0.009987
-19.020000 0.010053
-19.000000 0.010120
-18.980000 0.010187
-18.960000 0.010254
-18.940000 0.010323
-18.920000 0.010392
-18.900000 0.010462
-18.880000 0.010533
-18.860000 0.010604
-18.840000 0.010676
-18.820000 0.010749
-18.800000 0.010822
-18.780000 0.010897
-18.760000 0.010972
-18.740000 0.011048
-18.720000 0.011124
-18.700000 0.011202
-18.680000 0.011280
-18.660000 0.011359
-18.640000 0.011439
-18.620000 0.011520
-18.600000 0.011601
-18.580000 0.011684
-18.560000 0.011767
-18.540000 0.011852
-18.520000 0.011937
-18.500000 0.012023
-18.480000 0.012110
-18.460000 0.012198
-18.440000 0.012288
-18.420000 0.012378
-18.400000 0.012469
-18.380000 0.012561
-18.360000 0.012654
-18.340000 0.012748
-18.320000 0.012843
-18.300000 0.012939
-18.280000 0.013037
-18.260000 0.013135
-18.240000 0.013235
-18.220000 0.013336
-18.200000 0.013438
-18.180000 0.013541
-18.160000 0.013645
-18.140000 0.013751
-18.120000 0.013857
-18.100000 0.013965
-18.080000 0.014075
-18.060000 0.014185
-18.040000 0.014297
-18.020000 0.014411
-18.000000 0.014525
-17.980000 0.014641
-17.960000 0.014759
-17.940000 0.014877
-17.920000 0.014998
-17.900000 0.015120
-17.880000 0.015243
-17.860000 0.015368
-17.840000 0.015494
-17.820000 0.015622
-17.800000 0.015751
-17.780000 0.015883
-17.760000 0.016015
-17.740000 0.016150
-17.720000 0.016286
-17.700000 0.016424
-17.680000 0.016564
-17.660000 0.016705
-17.640000 0.016849
-17.620000 0.016994
-17.600000 0.017141
-17.580000 0.017290
-17.560000 0.017441
-17.540000 0.017594
-17.520000 0.017750
-17.500000 0.017907
-17.480000 0.018066
-17.460000 0.018227
-17.440000 0.018391
-17.420000 0.018557
-17.400000 0.018725
-17.380000 0.018896
-17.360000 0.019068
-17.340000 0.019244
-17.320000 0.019421
-17.300000 0.019601
-17.280000 0.019784
-17.260000 0.019969
-17.240000 0.020157
-17.220000 0.020348
-17.200000 0.020541
-17.180000 0.020737
-17.160000 0.020936
-17.140000 0.021138
-17.120000 0.021343
-17.100000 0.021551
-17.080000 0.021762
-17.060000 0.021976
-17.040000 0.022193
-17.020000 0.022414
-17.000000 0.022637
-16.980000 0.022865
-16.960000 0.023095
-16.940000 0.023330
-16.920000 0.023568
-16.900000 0.023809
-16.880000 0.024054
-16.860000 0.024304
-16.840000 0.024557
-16.820000 0.024814
-16.800000 0.025075
-16.780000 0.025340
-16.760000 0.025610
-16.740000 0.025884
-16.720000 0.026162
-16.700000 0.026445
-16.680000 0.026733
-16.660000 0.027025
-16.640000 0.027323
-16.620000 0.027625
-16.600000 0.027932
-16.580000 0.028245
-16.560000 0.028563
-16.540000 0.028886
-16.520000 0.029215
-16.500000 0.029549
-16.480000 0.029890
-16.460000 0.030236
-16.440000 0.030588
-16.420000 0.030947
-16.400000 0.031312
-16.380000 0.031684
-16.360000 0.032062
-16.340000 0.032447
-16.320000 0.032840
-16.300000 0.033239
-16.280000 0.033646
-16.260000 0.034060
-16.240000 0.034482
-16.220000 0.034912
-16.200000 0.035351
-16.180000 0.035797
-16.160000 0.036253
-16.140000 0.036717
-16.120000 0.037190
-16.100000 0.037672
-16.080000 0.038164
-16.060000 0.038666
-16.040000 0.039177
-16.020000 0.039699
-16.000000 0.040232
-15.980000 0.040775
-15.960000 0.041329
-15.940000 0.041895
-15.920000 0.042473
-15.900000 0.043063
-15.880000 0.043665
-15.860000 0.044281
-15.840000 0.044909
-15.820000 0.045551
-15.800000 0.046207
-15.780000 0.046877
-15.760000 0.047562
-15.740000 0.048262
-15.720000 0.048978
-15.700000 0.049710
-15.680000 0.050458
-15.660000 0.051224
-15.640000 0.052007
-15.620000 0.052809
-15.600000 0.053629
-15.580000 0.054469
-15.560000 0.055328
-15.540000 0.056208
-15.520000 0.057110
-15.500000 0.058033
-15.480000 0.058979
-15.460000 0.059949
-15.440000 0.060943
-15.420000 0.061961
-15.400000 0.063006
-15.380000 0.064077
-15.360000 0.065176
-15.340000 0.066303
-15.320000 0.067460
-15.300000 0.068647
-15.280000 0.069867
-15.260000 0.071118
-15.240000 0.072404
-15.220000 0.073726
-15.200000 0.075083
-15.180000 0.076479
-15.160000 0.077913
-15.140000 0.079389
-15.120000 0.080906
-15.100000 0.082468
-15.080000 0.084075
-15.060000 0.085729
-15.040000 0.087432
-15.020000 0.089186
-15.000000 0.090994
-14.980000 0.092857
-14.960000 0.094777
-14.940000 0.096757
-14.920000 0.098799
-14.900000 0.100906
-14.880000 0.103080
-14.860000 0.105325
-14.840000 0.107643
-14.820000 0.110038
-14.800000 0.112513
-14.780000 0.115071
-14.760000 0.117716
-14.740000 0.120452
-14.720000 0.123282
-14.700000 0.126213
-14.680000 0.129247
-14.660000 0.132389
-14.640000 0.135645
-14.620000 0.139021
-14.600000 0.142520
-14.580000 0.146151
-14.560000 0.149918
-14.540000 0.153829
-14.520000 0.157890
-14.500000 0.162109
-14.480000 0.166493
-14.460000 0.171052
-14.440000 0.175793
-14.420000 0.180727
-14.400000 0.185862
-14.380000 0.191210
-14.360000 0.196780
-14.340000 0.202586
-14.320000 0.208638
-14.300000 0.214950
-14.280000 0.221536
-14.260000 0.228410
-14.240000 0.235588
-14.220000 0.243085
-14.200000 0.250919
-14.180000 0.259107
-14.160000 0.267668
-14.140000 0.276622
-14.120000 0.285990
-14.100000 0.295793
-14.080000 0.306053
-14.060000 0.316796
-14.040000 0.328043
-14.020000 0.339822
-14.000000 0.352158
-13.980000 0.365076
-13.960000 0.378605
-13.940000 0.392771
-13.920000 0.407600
-13.900000 0.423120
-13.880000 0.439355
-13.860000 0.456329
-13.840000 0.474065
-13.820000 0.492582
-13.800000 0.511894
-13.780000 0.532012
-13.760000 0.552940
-13.740000 0.574676
-13.720000 0.597208
-13.700000 0.620513
-13.680000 0.644558
-13.660000 0.669292
-13.640000 0.694652
-13.620000 0.720555
-13.600000 0.746898
-13.580000 0.773558
-13.560000 0.800389
-13.540000 0.827223
-13.520000 0.853869
-13.500000 0.880115
-13.480000 0.905728
-13.460000 0.930461
-13.440000 0.954054
-13.420000 0.976241
-13.400000 0.996756
-13.380000 1.015341
-13.360000 1.031753
-13.340000 1.045771
-13.320000 1.057206
-13.300000 1.065904
-13.280000 1.071756
-13.260000 1.074696
-13.240000 1.074709
-13.220000 1.071827
-13.200000 1.066130
-13.180000 1.057740
-13.160000 1.046822
-13.140000 1.033569
-13.120000 1.018206
-13.100000 1.000975
-13.080000 0.982131
-13.060000 0.961937
-13.040000 0.940652
-13.020000 0.918533
-13.000000 0.895824
-12.980000 0.872754
-12.960000 0.849538
-12.940000 0.826368
-12.920000 0.803418
-12.900000 0.780839
-12.880000 0.758763
-12.860000 0.737304
-12.840000 0.716553
-12.820000 0.696589
-12.800000 0.677472
-12.780000 0.659251
-12.760000 0.641961
-12.740000 0.625628
-12.720000 0.610269
-12.700000 0.595893
-12.680000 0.582503
-12.660000 0.570100
-12.640000 0.558677
-12.620000 0.548228
-12.600000 0.538741
-12.580000 0.530206
-12.560000 0.522609
-12.540000 0.515938
-12.520000 0.510176
-12.500000 0.505311
-12.480000 0.501326
-12.460000 0.498206
-12.440000 0.495934
-12.420000 0.494491
-12.400000 0.493859
-12.380000 0.494015
-12.360000 0.494936
-12.340000 0.496593
-12.320000 0.498954
-12.300000 0.501981
-12.280000 0.505631
-12.260000 0.509854
-12.240000 0.514590
-12.220000 0.519772
-12.200000 0.525323
-12.180000 0.531154
-12.160000 0.537166
-12.140000 0.543252
-12.120000 0.549291
-12.100000 0.555157
-12.080000 0.560714
-12.060000 0.565823
-12.040000 0.570344
-12.020000 0.574138
-12.000000 0.577074
-11.980000 0.579030
-11.960000 0.579901
-11.940000 0.579599
-11.920000 0.578062
-11.900000 0.575250
-11.880000 0.571151
-11.860000 0.565781
-11.840000 0.559179
-11.820000 0.551412
-11.800000 0.542562
-11.780000 0.532734
-11.760000 0.522040
-11.740000 0.510604
-11.720000 0.498550
-11.700000 0.486006
-11.680000 0.473092
-11.660000 0.459924
-11.640000 0.446609
-11.620000 0.433244
-11.600000 0.419915
-11.580000 0.406696
-11.560000 0.393652
-11.540000 0.380835
-11.520000 0.368288
-11.500000 0.356047
-11.480000 0.344136
-11.460000 0.332576
-11.440000 0.321379
-11.420000 0.310553
-11.400000 0.300101
-11.380000 0.290023
-11.360000 0.280317
-11.340000 0.270977
-11.320000 0.261996
-11.300000 0.253366
-11.280000 0.245077
-11.260000 0.237118
-11.240000 0.229480
-11.220000 0.222151
-11.200000 0.215119
-11.180000 0.208374
-11.160000 0.201905
-11.140000 0.195699
-11.120000 0.189747
-11.100000 0.184038
-11.080000 0.178560
-11.060000 0.173305
-11.040000 0.168263
-11.020000 0.163423
-11.000000 0.158777
-10.980000 0.154316
-10.960000 0.150031
-10.940000 0.145916
-10.920000 0.141961
-10.900000 0.138160
-10.880000 0.134506
-10.860000 0.130991
-10.840000 0.127611
-10.820000 0.124357
-10.800000 0.121226
-10.780000 0.118211
-10.760000 0.115306
-10.740000 0.112508
-10.720000 0.109811
-10.700000 0.107210
-10.680000 0.104702
-10.660000 0.102283
-10.640000 0.099947
-10.620000 0.097692
-10.600000 0.095515
-10.580000 0.093411
-10.560000 0.091377
-10.540000 0.089412
-10.520000 0.087510
-10.500000 0.085671
-10.480000 0.083891
-10.460000 0.082167
-10.440000 0.080498
-10.420000 0.078881
-10.400000 0.077315
-10.380000 0.075796
-10.360000 0.074323
-10.340000 0.072894
-10.320000 0.071508
-10.300000 0.070162
-10.280000 0.068856
-10.260000 0.067587
-10.240000 0.066354
-10.220000 0.065156
-10.200000 0.063992
-10.180000 0.062860
-10.160000 0.061758
-10.140000 0.060687
-10.120000 0.059644
-10.100000 0.058629
-10.080000 0.057641
-10.060000 0.056679
-10.040000 0.055741
-10.020000 0.054827
-10.000000 0.053937
-9.980000 0.053069
-9.960000 0.052222
-9.940000 0.051396
-9.920000 0.050590
-9.900000 0.049804
-9.880000 0.049037
-9.860000 0.048288
-9.840000 0.047556
-9.820000 0.046842
-9.800000 0.046144
-9.780000 0.045463
-9.760000 0.044796
-9.740000 0.044145
-9.720000 0.043509
-9.700000 0.042887
-9.680000 0.042278
-9.660000 0.041683
-9.640000 0.041101
-9.620000 0.040531
-9.600000 0.039974
-9.580000 0.039428
-9.560000 0.038894
-9.540000 0.038372
-9.520000 0.037860
-9.500000 0.037358
-9.480000 0.036867
-9.460000 0.036386
-9.440000 0.035915
-9.420000 0.035453
-9.400000 0.035000
-9.380000 0.034557
-9.360000 0.034122
-9.340000 0.033695
-9.320000 0.033277
-9.300000 0.032867
-9.280000 0.032464
-9.260000 0.032069
-9.240000 0.031682
-9.220000 0.031302
-9.200000 0.030929
-9.180000 0.030563
-9.160000 0.030203
-9.140000 0.029851
-9.120000 0.029504
-9.100000 0.029164
-9.080000 0.028830
-9.060000 0.028501
-9.040000 0.028179
-9.020000 0.027862
-9.000000 0.027551
-8.980000 0.027245
-8.960000 0.026944
-8.940000 0.026649
-8.920000 0.026358
-8.900000 0.026073
-8.880000 0.025792
-8.860000 0.025516
-8.840000 0.025244
-8.820000 0.024977
-8.800000 0.024714
-8.780000 0.024456
-8.760000 0.024202
-8.740000 0.023952
-8.720000 0.023705
-8.700000 0.023463
-8.680000 0.023225
-8.660000 0.022990
-8.640000 0.022759
-8.620000 0.022532
-8.600000 0.022308
-8.580000 0.022088
-8.560000 0.021871
-8.540000 0.021657
-8.520000 0.021447
-8.500000 0.021239
-8.480000 0.021035
-8.460000 0.020834
-8.440000 0.020636
-8.420000 0.020441
-8.400000 0.020248
-8.380000 0.020059
-8.360000 0.019872
-8.340000 0.019688
-8.320000 0.019506
-8.300000 0.019328
-8.280000 0.019151
-8.260000 0.018977
-8.240000 0.018806
-8.220000 0.018637
-8.200000 0.018470
-8.180000 0.018306
-8.160000 0.018144
-8.140000 0.017984
-8.120000 0.017827
-8.100000 0.017671
-8.080000 0.017518
-8.060000 0.017367
-8.040000 0.017217
-8.020000 0.017070
-8.000000 0.016925
-7.980000 0.016782
-7.960000 0.016640
-7.940000 0.016500
-7.920000 0.016363
-7.900000 0.016227
-7.880000 0.016092
-7.860000 0.015960
-7.840000 0.015829
-7.820000 0.015700
-7.800000 0.015573
-7.780000 0.015447
-7.760000 0.015323
-7.740000 0.015200
-7.720000 0.015079
-7.700000 0.014959
-7.680000 0.014841
-7.660000 0.014724
-7.640000 0.014609
-7.620000 0.014495
-7.600000 0.014383
-7.580000 0.014272
-7.560000 0.014162
-7.540000 0.014054
-7.520000 0.013947
-7.500000 0.013841
-7.480000 0.013736
-7.460000 0.013633
-7.440000 0.013531
-7.420000 0.013430
-7.400000 0.013331
-7.380000 0.013232
-7.360000 0.013135
-7.340000 0.013039
-7.320000 0.012944
-7.300000 0.012850
-7.280000 0.012757
-7.260000 0.012665
-7.240000 0.012574
-7.220000 0.012484
-7.200000 0.012396
-7.180000 0.012308
-7.160000 0.012221
-7.140000 0.012135
-7.120000 0.012050
-7.100000 0.011967
-7.080000 0.011884
-7.060000 0.011802
-7.040000 0.011721
-7.020000 0.011640
-7.000000 0.011561
-6.980000 0.011482
-6.960000 0.011405
-6.940000 0.011328
-6.920000 0.011252
-6.900000 0.011177
-6.880000 0.011103
-6.860000 0.011029
-6.840000 0.010956
-6.820000 0.010885
-6.800000 0.010813
-6.780000 0.010743
-6.760000 0.010673
-6.740000 0.010604
-6.720000 0.010536
-6.700000 0.010468
-6.680000 0.010402
-6.660000 0.010335
-6.640000 0.010270
-6.620000 0.010205
-6.600000 0.010141
-6.580000 0.010078
-6.560000 0.010015
-6.540000 0.009953
-6.520000 0.009891
-6.500000 0.009830
-6.480000 0.009770
-6.460000 0.009710
-6.440000 0.009651
-6.420000 0.009593
-6.400000 0.009535
-6.380000 0.009478
-6.360000 0.009421
-6.340000 0.009365
-6.320000 0.009309
-6.300000 0.009254
-6.280000 0.009200
-6.260000 0.009146
-6.240000 0.009092
-6.220000 0.009039
-6.200000 0.008987
-6.180000 0.008935
-6.160000 0.008883
-6.140000 0.008833
-6.120000 0.008782
-6.100000 0.008732
-6.080000 0.008683
-6.060000 0.008634
-6.040000 0.008585
-6.020000 0.008537
-6.000000 0.008490
-5.980000 0.008443
-5.960000 0.008396
-5.940000 0.008350
-5.920000 0.008304
-5.900000 0.008259
-5.880000 0.008214
-5.860000 0.008169
-5.840000 0.008125
-5.820000 0.008081
-5.800000 0.008038
-5.780000 0.007995
-5.760000 0.007953
-5.740000 0.007911
-5.720000 0.007869
-5.700000 0.007828
-5.680000 0.007787
-5.660000 0.007746
-5.640000 0.007706
-5.620000 0.007666
-5.600000 0.007627
-5.580000 0.007588
-5.560000 0.007549
-5.540000 0.007511
-5.520000 0.007473
-5.500000 0.007435
-5.480000 0.007398
-5.460000 0.007361
-5.440000 0.007325
-5.420000 0.007288
-5.400000 0.007252
-5.380000 0.007217
-5.360000 0.007181
-5.340000 0.007146
-5.320000 0.007112
-5.300000 0.007078
-5.280000 0.007043
-5.260000 0.007010
-5.240000 0.006976
-5.220000 0.006943
-5.200000 0.006910
-5.180000 0.006878
-5.160000 0.006846
-5.140000 0.006814
-5.120000 0.006782
-5.100000 0.006751
-5.080000 0.006720
-5.060000 0.006689
-5.040000 0.006658
-5.020000 0.006628
-5.000000 0.006598
-4.980000 0.006568
-4.960000 0.006539
-4.940000 0.006510
-4.920000 0.006481
-4.900000 0.006452
-4.880000 0.006424
-4.860000 0.006396
-4.840000 0.006368
-4.820000 0.006340
-4.800000 0.006313
-4.780000 0.006286
-4.760000 0.006259
-4.740000 0.006232
-4.720000 0.006206
-4.700000 0.006180
-4.680000 0.006154
-4.660000 0.006128
-4.640000 0.006103
-4.620000 0.006077
-4.600000 0.006052
-4.580000 0.006028
-4.560000 0.006003
-4.540000 0.005979
-4.520000 0.005955
-4.500000 0.005931
-4.480000 0.005907
-4.460000 0.005884
-4.440000 0.005860
-4.420000 0.005837
-4.400000 0.005815
-4.380000 0.005792
-4.360000 0.005770
-4.340000 0.005747
-4.320000 0.005725
-4.300000 0.005704
-4.280000 0.005682
-4.260000 0.005661
-4.240000 0.005640
-4.220000 0.005619
-4.200000 0.005598
-4.180000 0.005577
-4.160000 0.005557
-4.140000 0.005537
-4.120000 0.005517
-4.100000 0.005497
-4.080000 0.005477
-4.060000 0.005458
-4.040000 0.005439
-4.020000 0.005420
-4.000000 0.005401
-3.980000 0.005382
-3.960000 0.005364
-3.940000 0.005346
-3.920000 0.005328
-3.900000 0.005310
-3.880000 0.005292
-3.860000 0.005274
-3.840000 0.005257
-3.820000 0.005240
-3.800000 0.005223
-3.780000 0.005206
-3.760000 0.005189
-3.740000 0.005173
-3.720000 0.005157
-3.700000 0.005140
-3.680000 0.005124
-3.660000 0.005109
-3.640000 0.005093
-3.620000 0.005078
-3.600000 0.005062
-3.580000 0.005047
-3.560000 0.005032
-3.540000 0.005017
-3.520000 0.005003
-3.500000 0.004988
-3.480000 0.004974
-3.460000 0.004960
-3.440000 0.004946
-3.420000 0.004932
-3.400000 0.004919
-3.380000 0.004905
-3.360000 0.004892
-3.340000 0.004879
-3.320000 0.004866
-3.300000 0.004853
-3.280000 0.004841
-3.260000 0.004828
-3.240000 0.004816
-3.220000 0.004804
-3.200000 0.004792
-3.180000 0.004780
-3.160000 0.004768
-3.140000 0.004757
-3.120000 0.004746
-3.100000 0.004735
-3.080000 0.004724
-3.060000 0.004713
-3.040000 0.004702
-3.020000 0.004692
-3.000000 0.004681
-2.980000 0.004671
-2.960000 0.004661
-2.940000 0.004651
-2.920000 0.004642
-2.900000 0.004632
-2.880000 0.004623
-2.860000 0.004614
-2.840000 0.004605
-2.820000 0.004596
-2.800000 0.004587
-2.780000 0.004578
-2.760000 0.004570
-2.740000 0.004562
-2.720000 0.004554
-2.700000 0.004546
-2.680000 0.004538
-2.660000 0.004531
-2.640000 0.004523
-2.620000 0.004516
-2.600000 0.004509
-2.580000 0.004502
-2.560000 0.004496
-2.540000 0.004489
-2.520000 0.004483
-2.500000 0.004477
-2.480000 0.004471
-2.460000 0.004465
-2.440000 0.004459
-2.420000 0.004454
-2.400000 0.004449
-2.380000 0.004444
-2.360000 0.004439
-2.340000 0.004434
-2.320000 0.004430
-2.300000 0.004425
-2.280000 0.004421
-2.260000 0.004417
-2.240000 0.004413
-2.220000 0.004410
-2.200000 0.004406
-2.180000 0.004403
-2.160000 0.004400
-2.140000 0.004397
-2.120000 0.004395
-2.100000 0.004392
-2.080000 0.004390
-2.060000 0.004388
-2.040000 0.004386
-2.020000 0.004384
-2.000000 0.004383
-1.980000 0.004382
-1.960000 0.004381
-1.940000 0.004380
-1.920000 0.004380
-1.900000 0.004379
-1.880000 0.004379
-1.860000 0.004379
-1.840000 0.004380
-1.820000 0.004380
-1.800000 0.004381
-1.780000 0.004382
-1.760000 0.004383
-1.740000 0.004385
-1.720000 0.004387
-1.700000 0.004389
-1.680000 0.004391
-1.660000 0.004394
-1.640000 0.004396
-1.620000 0.004399
-1.600000 0.004403
-1.580000 0.004406
-1.560000 0.004410
-1.540000 0.004414
-1.520000 0.004419
-1.500000 0.004423
-1.480000 0.004428
-1.460000 0.004434
-1.440000 0.004439
-1.420000 0.004445
-1.400000 0.004451
-1.380000 0.004458
-1.360000 0.004464
-1.340000 0.004472
-1.320000 0.004479
-1.300000 0.004487
-1.280000 0.004495
-1.260000 0.004503
-1.240000 0.004512
-1.220000 0.004521
-1.200000 0.004531
-1.180000 0.004541
-1.160000 0.004551
-1.140000 0.004562
-1.120000 0.004573
-1.100000 0.004584
-1.080000 0.004596
-1.060000 0.004609
-1.040000 0.004621
-1.020000 0.004634
-1.000000 0.004648
-0.980000 0.004662
-0.960000 0.004677
-0.940000 0.004691
-0.920000 0.004707
-0.900000 0.004723
-0.880000 0.004739
-0.860000 0.004756
-0.840000 0.004774
-0.820000 0.004792
-0.800000 0.004810
-0.780000 0.004829
-0.760000 0.004849
-0.740000 0.004869
-0.720000 0.004890
-0.700000 0.004911
-0.680000 0.004933
-0.660000 0.004956
-0.640000 0.004979
-0.620000 0.005003
-0.600000 0.005028
-0.580000 0.005053
-0.560000 0.005079
-0.540000 0.005106
-0.520000 0.005133
-0.500000 0.005162
-0.480000 0.005191
-0.460000 0.005221
-0.440000 0.005251
-0.420000 0.005283
-0.400000 0.005316
-0.380000 0.005349
-0.360000 0.005383
-0.340000 0.005419
-0.320000 0.005455
-0.300000 0.005492
-0.280000 0.005530
-0.260000 0.005570
-0.240000 0.005610
-0.220000 0.005652
-0.200000 0.005694
-0.180000 0.005738
-0.160000 0.005783
-0.140000 0.005830
-0.120000 0.005877
-0.100000 0.005926
-0.080000 0.005977
-0.060000 0.006028
-0.040000 0.006082
-0.020000 0.006136
-0.000000 0.006193
0.020000 0.006251
0.040000 0.006310
0.060000 0.006372
0.080000 0.006435
0.100000 0.006500
0.120000 0.006566
0.140000 0.006635
0.160000 0.006706
0.180000 0.006779
0.200000 0.006854
0.220000 0.006931
0.240000 0.007011
0.260000 0.007093
0.280000 0.007177
0.300000 0.007264
0.320000 0.007354
0.340000 0.007446
0.360000 0.007542
0.380000 0.007640
0.400000 0.007742
0.420000 0.007846
0.440000 0.007954
0.460000 0.008066
0.480000 0.008181
0.500000 0.008300
0.520000 0.008422
0.540000 0.008549
0.560000 0.008680
0.580000 0.008815
0.600000 0.008955
0.620000 0.009100
0.640000 0.009250
0.660000 0.009405
0.680000 0.009565
0.700000 0.009731
0.720000 0.009903
0.740000 0.010081
0.760000 0.010265
0.780000 0.010456
0.800000 0.010654
0.820000 0.010859
0.840000 0.011072
0.860000 0.011293
0.880000 0.011523
0.900000 0.011761
0.920000 0.012009
0.940000 0.012266
0.960000 0.012533
0.980000 0.012810
1.000000 0.013099
1.020000 0.013399
1.040000 0.013712
1.060000 0.014037
1.080000 0.014376
1.100000 0.014728
1.120000 0.015096
1.140000 0.015478
1.160000 0.015877
1.180000 0.016293
1.200000 0.016726
1.220000 0.017177
1.240000 0.017648
1.260000 0.018139
1.280000 0.018651
1.300000 0.019184
1.320000 0.019741
1.340000 0.020321
1.360000 0.020925
1.380000 0.021554
1.400000 0.022210
1.420000 0.022893
1.440000 0.023603
1.460000 0.024342
1.480000 0.025109
1.500000 0.025907
1.520000 0.026734
1.540000 0.027593
1.560000 0.028482
1.580000 0.029404
1.600000 0.030358
1.620000 0.031344
1.640000 0.032364
1.660000 0.033419
1.680000 0.034508
1.700000 0.035633
1.720000 0.036795
1.740000 0.037995
1.760000 0.039236
1.780000 0.040518
1.800000 0.041843
1.820000 0.043215
1.840000 0.044633
1.860000 0.046100
1.880000 0.047618
1.900000 0.049187
1.920000 0.050808
1.940000 0.052480
1.960000 0.054202
1.980000 0.055972
2.000000 0.057786
2.020000 0.059639
2.040000 0.061524
2.060000 0.063434
2.080000 0.065357
2.100000 0.067282
2.120000 0.069196
2.140000 0.071082
2.160000 0.072923
2.180000 0.074701
2.200000 0.076395
2.220000 0.077983
2.240000 0.079446
2.260000 0.080761
2.280000 0.081909
2.300000 0.082869
2.320000 0.083626
2.340000 0.084165
2.360000 0.084475
2.380000 0.084550
2.400000 0.084387
2.420000 0.083988
2.440000 0.083358
2.460000 0.082508
2.480000 0.081451
2.500000 0.080205
2.520000 0.078788
2.540000 0.077222
2.560000 0.075528
2.580000 0.073730
2.600000 0.071849
2.620000 0.069906
2.640000 0.067923
2.660000 0.065917
2.680000 0.063906
2.700000 0.061904
2.720000 0.059925
2.740000 0.057979
2.760000 0.056076
2.780000 0.054223
2.800000 0.052426
2.820000 0.050691
2.840000 0.049020
2.860000 0.047415
2.880000 0.045878
2.900000 0.044409
2.920000 0.043007
2.940000 0.041673
2.960000 0.040403
2.980000 0.039197
3.000000 0.038051
3.020000 0.036964
3.040000 0.035931
3.060000 0.034951
3.080000 0.034020
3.100000 0.033133
3.120000 0.032289
3.140000 0.031482
3.160000 0.030709
3.180000 0.029966
3.200000 0.029251
3.220000 0.028559
3.240000 0.027887
3.260000 0.027234
3.280000 0.026595
3.300000 0.025969
3.320000 0.025354
3.340000 0.024748
3.360000 0.024152
3.380000 0.023563
3.400000 0.022983
3.420000 0.022410
3.440000 0.021845
3.460000 0.021289
3.480000 0.020742
3.500000 0.020206
3.520000 0.019679
3.540000 0.019164
3.560000 0.018661
3.580000 0.018171
3.600000 0.017693
3.620000 0.017229
3.640000 0.016778
3.660000 0.016341
3.680000 0.015917
3.700000 0.015508
3.720000 0.015111
3.740000 0.014728
3.760000 0.014359
3.780000 0.014002
3.800000 0.013657
3.820000 0.013324
3.840000 0.013004
3.860000 0.012694
3.880000 0.012396
3.900000 0.012108
3.920000 0.011831
3.940000 0.011563
3.960000 0.011305
3.980000 0.011056
4.000000 0.010815
4.020000 0.010584
4.040000 0.010360
4.060000 0.010144
4.080000 0.009936
4.100000 0.009735
4.120000 0.009541
4.140000 0.009353
4.160000 0.009172
4.180000 0.008997
4.200000 0.008828
4.220000 0.008665
4.240000 0.008507
4.260000 0.008354
4.280000 0.008206
4.300000 0.008062
4.320000 0.007924
4.340000 0.007789
4.360000 0.007659
4.380000 0.007532
4.400000 0.007410
4.420000 0.007290
4.440000 0.007174
4.460000 0.007062
4.480000 0.006952
4.500000 0.006846
4.520000 0.006742
4.540000 0.006641
4.560000 0.006543
4.580000 0.006447
4.600000 0.006354
4.620000 0.006263
4.640000 0.006175
4.660000 0.006088
4.680000 0.006004
4.700000 0.005922
4.720000 0.005842
4.740000 0.005765
4.760000 0.005689
4.780000 0.005615
4.800000 0.005543
4.820000 0.005473
4.840000 0.005404
4.860000 0.005338
4.880000 0.005273
4.900000 0.005209
4.920000 0.005147
4.940000 0.005087
4.960000 0.005028
4.980000 0.004970
5.000000 0.004914
5.020000 0.004859
5.040000 0.004805
5.060000 0.004752
5.080000 0.004701
5.100000 0.004650
5.120000 0.004601
5.140000 0.004552
5.160000 0.004505
5.180000 0.004458
5.200000 0.004413
5.220000 0.004369
5.240000 0.004325
5.260000 0.004282
5.280000 0.004241
5.300000 0.004200
5.320000 0.004161
5.340000 0.004122
5.360000 0.004084
5.380000 0.004048
5.400000 0.004012
5.420000 0.003977
5.440000 0.003944
5.460000 0.003911
5.480000 0.003879
5.500000 0.003849
5.520000 0.003819
5.540000 0.003790
5.560000 0.003762
5.580000 0.003736
5.600000 0.003710
5.620000 0.003685
5.640000 0.003660
5.660000 0.003637
5.680000 0.003614
5.700000 0.003592
5.720000 0.003571
5.740000 0.003550
5.760000 0.003530
5.780000 0.003510
5.800000 0.003490
5.820000 0.003471
5.840000 0.003452
5.860000 0.003433
5.880000 0.003414
5.900000 0.003395
5.920000 0.003376
5.940000 0.003357
5.960000 0.003338
5.980000 0.003319
6.000000 0.003300
6.020000 0.003280
6.040000 0.003261
6.060000 0.003241
6.080000 0.003222
6.100000 0.003202
6.120000 0.003182
6.140000 0.003163
6.160000 0.003144
6.180000 0.003125
6.200000 0.003106
6.220000 0.003088
6.240000 0.003070
6.260000 0.003052
6.280000 0.003035
6.300000 0.003019
6.320000 0.003002
6.340000 0.002986
6.360000 0.002971
6.380000 0.002956
6.400000 0.002941
6.420000 0.002926
6.440000 0.002911
6.460000 0.002896
6.480000 0.002882
6.500000 0.002867
6.520000 0.002851
6.540000 0.002836
6.560000 0.002820
6.580000 0.002803
6.600000 0.002786
6.620000 0.002769
6.640000 0.002750
6.660000 0.002731
6.680000 0.002712
6.700000 0.002692
6.720000 0.002671
6.740000 0.002650
6.760000 0.002629
6.780000 0.002608
6.800000 0.002586
6.820000 0.002564
6.840000 0.002542
6.860000 0.002520
6.880000 0.002498
6.900000 0.002477
6.920000 0.002456
6.940000 0.002435
6.960000 0.002414
6.980000 0.002394
7.000000 0.002374
7.020000 0.002355
7.040000 0.002336
7.060000 0.002318
7.080000 0.002300
7.100000 0.002282
7.120000 0.002265
7.140000 0.002249
7.160000 0.002233
7.180000 0.002218
7.200000 0.002203
7.220000 0.002188
7.240000 0.002174
7.260000 0.002161
7.280000 0.002147
7.300000 0.002135
7.320000 0.002122
7.340000 0.002110
7.360000 0.002098
7.380000 0.002087
7.400000 0.002076
7.420000 0.002065
7.440000 0.002055
7.460000 0.002045
7.480000 0.002035
7.500000 0.002025
7.520000 0.002016
7.540000 0.002007
7.560000 0.001997
7.580000 0.001988
7.600000 0.001979
7.620000 0.001970
7.640000 0.001961
7.660000 0.001952
7.680000 0.001943
7.700000 0.001933
7.720000 0.001924
7.740000 0.001915
7.760000 0.001905
7.780000 0.001895
7.800000 0.001885
7.820000 0.001875
7.840000 0.001865
7.860000 0.001855
7.880000 0.001845
7.900000 0.001835
7.920000 0.001825
7.940000 0.001814
7.960000 0.001804
7.980000 0.001795
8.000000 0.001785
8.020000 0.001775
8.040000 0.001766
8.060000 0.001757
8.080000 0.001747
8.100000 0.001739
8.120000 0.001730
8.140000 0.001722
8.160000 0.001714
8.180000 0.001706
8.200000 0.001699
8.220000 0.001691
8.240000 0.001684
8.260000 0.001677
8.280000 0.001671
8.300000 0.001665
8.320000 0.001658
8.340000 0.001653
8.360000 0.001647
8.380000 0.001641
8.400000 0.001636
8.420000 0.001630
8.440000 0.001625
8.460000 0.001619
8.480000 0.001614
8.500000 0.001609
8.520000 0.001603
8.540000 0.001598
8.560000 0.001592
8.580000 0.001586
8.600000 0.001580
8.620000 0.001573
8.640000 0.001567
8.660000 0.001560
8.680000 0.001553
8.700000 0.001545
8.720000 0.001538
8.740000 0.001530
8.760000 0.001522
8.780000 0.001514
8.800000 0.001506
8.820000 0.001497
8.840000 0.001489
8.860000 0.001480
8.880000 0.001472
8.900000 0.001463
8.920000 0.001455
8.940000 0.001446
8.960000 0.001438
8.980000 0.001430
9.000000 0.001422
9.020000 0.001414
9.040000 0.001406
9.060000 0.001398
9.080000 0.001390
9.100000 0.001383
9.120000 0.001375
9.140000 0.001368
9.160000 0.001361
9.180000 0.001354
9.200000 0.001347
9.220000 0.001340
9.240000 0.001334
9.260000 0.001327
9.280000 0.001321
9.300000 0.001315
9.320000 0.001309
9.340000 0.001303
9.360000 0.001297
9.380000 0.001291
9.400000 0.001285
9.420000 0.001279
9.440000 0.001274
9.460000 0.001268
9.480000 0.001263
9.500000 0.001258
9.520000 0.001253
9.540000 0.001247
9.560000 0.001242
9.580000 0.001237
9.600000 0.001232
9.620000 0.001228
9.640000 0.001223
9.660000 0.001218
9.680000 0.001213
9.700000 0.001209
9.720000 0.001204
9.740000 0.001200
9.760000 0.001195
9.780000 0.001191
9.800000 0.001187
9.820000 0.001182
9.840000 0.001178
9.860000 0.001174
9.880000 0.001170
9.900000 0.001165
9.920000 0.001161
9.940000 0.001157
9.960000 0.001153
9.980000 0.001149
10.000000 0.001145
10.020000 0.001142
10.040000 0.001138
10.060000 0.001134
10.080000 0.001130
10.100000 0.001126
10.120000 0.001123
10.140000 0.001119
10.160000 0.001115
10.180000 0.001112
10.200000 0.001108
10.220000 0.001104
10.240000 0.001101
10.260000 0.001097
10.280000 0.001094
10.300000 0.001090
10.320000 0.001087
10.340000 0.001084
10.360000 0.001080
10.380000 0.001077
10.400000 0.001074
10.420000 0.001070
10.440000 0.001067
10.460000 0.001064
10.480000 0.001060
10.500000 0.001057
10.520000 0.001054
10.540000 0.001051
10.560000 0.001048
10.580000 0.001045
10.600000 0.001042
10.620000 0.001038
10.640000 0.001035
10.660000 0.001032
10.680000 0.001029
10.700000 0.001026
10.720000 0.001023
10.740000 0.001020
10.760000 0.001017
10.780000 0.001015
10.800000 0.001012
10.820000 0.001009
10.840000 0.001006
10.860000 0.001003
10.880000 0.001000
10.900000 0.000997
10.920000 0.000995
10.940000 0.000992
10.960000 0.000989
10.980000 0.000986
11.000000 0.000984
11.020000 0.000981
11.040000 0.000978
11.060000 0.000975
11.080000 0.000973
11.100000 0.000970
11.120000 0.000967
11.140000 0.000965
11.160000 0.000962
11.180000 0.000960
11.200000 0.000957
11.220000 0.000954
11.240000 0.000952
11.260000 0.000949
11.280000 0.000947
11.300000 0.000944
11.320000 0.000942
11.340000 0.000939
11.360000 0.000937
11.380000 0.000934
11.400000 0.000932
11.420000 0.000930
11.440000 0.000927
11.460000 0.000925
11.480000 0.000922
11.500000 0.000920
11.520000 0.000918
11.540000 0.000915
11.560000 0.000913
11.580000 0.000911
11.600000 0.000908
11.620000 0.000906
11.640000 0.000904
11.660000 0.000901
11.680000 0.000899
11.700000 0.000897
11.720000 0.000895
11.740000 0.000892
11.760000 0.000890
11.780000 0.000888
11.800000 0.000886
11.820000 0.000884
11.840000 0.000881
11.860000 0.000879
11.880000 0.000877
11.900000 0.000875
11.920000 0.000873
11.940000 0.000871
11.960000 0.000869
11.980000 0.000866
12.000000 0.000864
12.020000 0.000862
12.040000 0.000860
12.060000 0.000858
12.080000 0.000856
12.100000 0.000854
12.120000 0.000852
12.140000 0.000850
12.160000 0.000848
12.180000 0.000846
12.200000 0.000844
12.220000 0.000842
12.240000 0.000840
12.260000 0.000838
12.280000 0.000836
12.300000 0.000834
12.320000 0.000832
12.340000 0.000830
12.360000 0.000828
12.380000 0.000826
12.400000 0.000824
12.420000 0.000822
12.440000 0.000820
12.460000 0.000819
12.480000 0.000817
12.500000 0.000815
12.520000 0.000813
12.540000 0.000811
12.560000 0.000809
12.580000 0.000807
12.600000 0.000806
12.620000 0.000804
12.640000 0.000802
12.660000 0.000800
12.680000 0.000798
12.700000 0.000797
12.720000 0.000795
12.740000 0.000793
12.760000 0.000791
12.780000 0.000789
12.800000 0.000788
12.820000 0.000786
12.840000 0.000784
12.860000 0.000782
12.880000 0.000781
12.900000 0.000779
12.920000 0.000777
12.940000 0.000776
12.960000 0.000774
12.980000 0.000772
13.000000 0.000771
13.020000 0.000769
13.040000 0.000767
13.060000 0.000765
13.080000 0.000764
13.100000 0.000762
13.120000 0.000761
13.140000 0.000759
13.160000 0.000757
13.180000 0.000756
13.200000 0.000754
13.220000 0.000752
13.240000 0.000751
13.260000 0.000749
13.280000 0.000748
13.300000 0.000746
13.320000 0.000744
13.340000 0.000743
13.360000 0.000741
13.380000 0.000740
13.400000 0.000738
13.420000 0.000737
13.440000 0.000735
13.460000 0.000734
13.480000 0.000732
13.500000 0.000730
13.520000 0.000729
13.540000 0.000727
13.560000 0.000726
13.580000 0.000724
13.600000 0.000723
13.620000 0.000721
13.640000 0.000720
13.660000 0.000718
13.680000 0.000717
13.700000 0.000716
13.720000 0.000714
13.740000 0.000713
13.760000 0.000711
13.780000 0.000710
13.800000 0.000708
13.820000 0.000707
13.840000 0.000705
13.860000 0.000704
13.880000 0.000703
13.900000 0.000701
13.920000 0.000700
13.940000 0.000698
13.960000 0.000697
13.980000 0.000695
14.000000 0.000694
14.020000 0.000693
14.040000 0.000691
14.060000 0.000690
14.080000 0.000689
14.100000 0.000687
14.120000 0.000686
14.140000 0.000684
14.160000 0.000683
14.180000 0.000682
14.200000 0.000680
14.220000 0.000679
14.240000 0.000678
14.260000 0.000676
14.280000 0.000675
14.300000 0.000674
14.320000 0.000672
14.340000 0.000671
14.360000 0.000670
14.380000 0.000669
14.400000 0.000667
14.420000 0.000666
14.440000 0.000665
14.460000 0.000663
14.480000 0.000662
14.500000 0.000661
14.520000 0.000660
14.540000 0.000658
14.560000 0.000657
14.580000 0.000656
14.600000 0.000655
14.620000 0.000653
14.640000 0.000652
14.660000 0.000651
14.680000 0.000650
14.700000 0.000648
14.720000 0.000647
14.740000 0.000646
14.760000 0.000645
14.780000 0.000643
14.800000 0.000642
14.820000 0.000641
14.840000 0.000640
14.860000 0.000639
14.880000 0.000637
14.900000 0.000636
14.920000 0.000635
14.940000 0.000634
14.960000 0.000633
14.980000 0.000632
15.000000 0.000630
15.020000 0.000629
15.040000 0.000628
15.060000 0.000627
15.080000 0.000626
15.100000 0.000625
15.120000 0.000623
15.140000 0.000622
15.160000 0.000621
15.180000 0.000620
15.200000 0.000619
15.220000 0.000618
15.240000 0.000617
15.260000 0.000615
15.280000 0.000614
15.300000 0.000613
15.320000 0.000612
15.340000 0.000611
15.360000 0.000610
15.380000 0.000609
15.400000 0.000608
15.420000 0.000607
15.440000 0.000606
15.460000 0.000604
15.480000 0.000603
15.500000 0.000602
15.520000 0.000601
15.540000 0.000600
15.560000 0.000599
15.580000 0.000598
15.600000 0.000597
15.620000 0.000596
15.640000 0.000595
15.660000 0.000594
15.680000 0.000593
15.700000 0.000592
15.720000 0.000591
15.740000 0.000590
15.760000 0.000588
15.780000 0.000587
15.800000 0.000586
15.820000 0.000585
15.840000 0.000584
15.860000 0.000583
15.880000 0.000582
15.900000 0.000581
15.920000 0.000580
15.940000 0.000579
15.960000 0.000578
15.980000 0.000577
16.000000 0.000576
16.020000 0.000575
16.040000 0.000574
16.060000 0.000573
16.080000 0.000572
16.100000 0.000571
16.120000 0.000570
16.140000 0.000569
16.160000 0.000568
16.180000 0.000567
16.200000 0.000566
16.220000 0.000565
16.240000 0.000564
16.260000 0.000563
16.280000 0.000563
16.300000 0.000562
16.320000 0.000561
16.340000 0.000560
16.360000 0.000559
16.380000 0.000558
16.400000 0.000557
16.420000 0.000556
16.440000 0.000555
16.460000 0.000554
16.480000 0.000553
16.500000 0.000552
16.520000 0.000551
16.540000 0.000550
16.560000 0.000549
16.580000 0.000548
16.600000 0.000547
16.620000 0.000547
16.640000 0.000546
16.660000 0.000545
16.680000 0.000544
16.700000 0.000543
16.720000 0.000542
16.740000 0.000541
16.760000 0.000540
16.780000 0.000539
16.800000 0.000538
16.820000 0.000538
16.840000 0.000537
16.860000 0.000536
16.880000 0.000535
16.900000 0.000534
16.920000 0.000533
16.940000 0.000532
16.960000 0.000531
16.980000 0.000531
17.000000 0.000530
17.020000 0.000529
17.040000 0.000528
17.060000 0.000527
17.080000 0.000526
17.100000 0.000525
17.120000 0.000525
17.140000 0.000524
17.160000 0.000523
17.180000 0.000522
17.200000 0.000521
17.220000 0.000520
17.240000 0.000519
17.260000 0.000519
17.280000 0.000518
17.300000 0.000517
17.320000 0.000516
17.340000 0.000515
17.360000 0.000514
17.380000 0.000514
17.400000 0.000513
17.420000 0.000512
17.440000 0.000511
17.460000 0.000510
17.480000 0.000510
17.500000 0.000509
17.520000 0.000508
17.540000 0.000507
17.560000 0.000506
17.580000 0.000505
17.600000 0.000505
17.620000 0.000504
17.640000 0.000503
17.660000 0.000502
17.680000 0.000502
17.700000 0.000501
17.720000 0.000500
17.740000 0.000499
17.760000 0.000498
17.780000 0.000498
17.800000 0.000497
17.820000 0.000496
17.840000 0.000495
17.860000 0.000494
17.880000 0.000494
17.900000 0.000493
17.920000 0.000492
17.940000 0.000491
17.960000 0.000491
17.980000 0.000490
18.000000 0.000489
18.020000 0.000488
18.040000 0.000488
18.060000 0.000487
18.080000 0.000486
18.100000 0.000485
18.120000 0.000485
18.140000 0.000484
18.160000 0.000483
18.180000 0.000482
18.200000 0.000482
18.220000 0.000481
18.240000 0.000480
18.260000 0.000479
18.280000 0.000479
18.300000 0.000478
18.320000 0.000477
18.340000 0.000476
18.360000 0.000476
18.380000 0.000475
18.400000 0.000474
18.420000 0.000474
18.440000 0.000473
18.460000 0.000472
18.480000 0.000471
18.500000 0.000471
18.520000 0.000470
18.540000 0.000469
18.560000 0.000469
18.580000 0.000468
18.600000 0.000467
18.620000 0.000467
18.640000 0.000466
18.660000 0.000465
18.680000 0.000464
18.700000 0.000464
18.720000 0.000463
18.740000 0.000462
18.760000 0.000462
18.780000 0.000461
18.800000 0.000460
18.820000 0.000460
18.840000 0.000459
18.860000 0.000458
18.880000 0.000458
18.900000 0.000457
18.920000 0.000456
18.940000 0.000456
18.960000 0.000455
18.980000 0.000454
19.000000 0.000453
19.020000 0.000453
19.040000 0.000452
19.060000 0.000451
19.080000 0.000451
19.100000 0.000450
19.120000 0.000450
19.140000 0.000449
19.160000 0.000448
19.180000 0.000448
19.200000 0.000447
19.220000 0.000446
19.240000 0.000446
19.260000 0.000445
19.280000 0.000444
19.300000 0.000444
19.320000 0.000443
19.340000 0.000442
19.360000 0.000442
19.380000 0.000441
19.400000 0.000440
19.420000 0.000440
19.440000 0.000439
19.460000 0.000439
19.480000 0.000438
19.500000 0.000437
19.520000 0.000437
19.540000 0.000436
19.560000 0.000435
19.580000 0.000435
19.600000 0.000434
19.620000 0.000433
19.640000 0.000433
19.660000 0.000432
19.680000 0.000432
19.700000 0.000431
19.720000 0.000430
19.740000 0.000430
19.760000 0.000429
19.780000 0.000429
19.800000 0.000428
19.820000 0.000427
19.840000 0.000427
19.860000 0.000426
19.880000 0.000426
19.900000 0.000425
19.920000 0.000424
19.940000 0.000424
19.960000 0.000423
19.980000 0.000423

#Sticks
-13.340000 0.222877
-13.320000 0.034925
-13.300000 0.572591
-13.280000 0.193305
-13.200000 0.343524
-13.180000 0.098730
-13.140000 0.050210
-13.120000 0.099852
-13.100000 0.005389
-13.060000 0.008963
-13.040000 0.002438
-11.940000 0.000507
-11.920000 0.343665
-11.900000 0.273892
-11.880000 0.068437
-11.840000 0.002626
-11.820000 0.010779
-11.800000 0.000000
-11.780000 0.000832
-11.740000 0.000028
-11.480000 0.008079
-11.440000 0.000096
-11.420000 0.000526
-11.400000 0.000030
-11.360000 0.001765
-11.320000 0.002367
-11.300000 0.000049
-11.240000 0.000061
-11.200000 0.000079
-11.180000 0.000466
-11.040000 0.000019
-11.020000 0.000796
-10.060000 0.000002
-10.020000 0.000005
-10.000000 0.000035
-9.980000 0.000004
-8.280000 0.000002
1.720000 0.000023
1.740000 0.000155
1.760000 0.007228
2.160000 0.000395
2.180000 0.004162
2.200000 0.000211
2.240000 0.000152
2.280000 0.006256
2.300000 0.004404
2.320000 0.002161
2.360000 0.000006
2.380000 0.037950
2.400000 0.058565
2.420000 0.010664
2.440000 0.000012
2.460000 0.001012
2.480000 0.000241
2.500000 0.000484
3.220000 0.000003
3.240000 0.000285
3.260000 0.000000
3.300000 0.004576
3.320000 0.003687
3.340000 0.000130
3.500000 0.000007
3.540000 0.000002
3.620000 0.000000
3.640000 0.000018
3.720000 0.000002
3.740000 0.000123
3.780000 0.000061
3.800000 0.000004
3.860000 0.000005
3.880000 0.000031
3.900000 0.000082
3.920000 0.000004
3.940000 0.000026
4.020000 0.000004
4.060000 0.000001
4.080000 0.000009
4.160000 0.000030
4.180000 0.000013
4.320000 0.000014
4.340000 0.000003
4.360000 0.000002
4.400000 0.000032
4.420000 0.000060
4.460000 0.000008
4.480000 0.000038
4.500000 0.000006
4.560000 0.000004
4.580000 0.000045
4.600000 0.000029
4.640000 0.000012
4.720000 0.000018
4.760000 0.000008
4.900000 0.000005
4.960000 0.000000
4.980000 0.000017
5.000000 0.000017
5.020000 0.000033
5.040000 0.000020
5.060000 0.000004
5.160000 0.000061
5.180000 0.000003
5.200000 0.000025
5.360000 0.000004
5.380000 0.000018
5.420000 0.000004
5.640000 0.000001
5.800000 0.000009
5.860000 0.000073
5.900000 0.000074
5.940000 0.000042
6.020000 0.000200
6.060000 0.000015
6.080000 0.000020
6.120000 0.000003
6.160000 0.000002
6.280000 0.000002
6.320000 0.000004
6.480000 0.000007
6.540000 0.000019
6.560000 0.000028
6.600000 0.000113
6.640000 0.000335
6.680000 0.000013
6.700000 0.000004
6.840000 0.000001
6.880000 0.000001
6.920000 0.000003
7.180000 0.000000
7.200000 0.000004
7.220000 0.000013
7.240000 0.000002
7.280000 0.000001
7.300000 0.000001
7.320000 0.000004
7.420000 0.000002
7.520000 0.000002
7.580000 0.000003
7.600000 0.000006
7.640000 0.000000
7.680000 0.000013
7.720000 0.000001
7.740000 0.000074
7.760000 0.000073
8.640000 0.000145
8.660000 0.000001
8.680000 0.000020
8.740000 0.000002
