-20.000000 0.001639
-19.980000 0.001768
-19.960000 0.001896
-19.940000 0.002023
-19.920000 0.002145
-19.900000 0.002264
-19.880000 0.002378
-19.860000 0.002486
-19.840000 0.002588
-19.820000 0.002683
-19.800000 0.002772
-19.780000 0.002854
-19.760000 0.002930
-19.740000 0.002999
-19.720000 0.003062
-19.700000 0.003120
-19.680000 0.003172
-19.660000 0.003219
-19.640000 0.003262
-19.620000 0.003302
-19.600000 0.003338
-19.580000 0.003372
-19.560000 0.003403
-19.540000 0.003433
-19.520000 0.003461
-19.500000 0.003487
-19.480000 0.003513
-19.460000 0.003538
-19.440000 0.003562
-19.420000 0.003586
-19.400000 0.003610
-19.380000 0.003634
-19.360000 0.003657
-19.340000 0.003681
-19.320000 0.003705
-19.300000 0.003729
-19.280000 0.003753
-19.260000 0.003777
-19.240000 0.003801
-19.220000 0.003826
-19.200000 0.003850
-19.180000 0.003876
-19.160000 0.003901
-19.140000 0.003926
-19.120000 0.003952
-19.100000 0.003978
-19.080000 0.004004
-19.060000 0.004031
-19.040000 0.004058
-19.020000 0.004085
-19.000000 0.004112
-18.980000 0.004140
-18.960000 0.004168
-18.940000 0.004196
-18.920000 0.004224
-18.900000 0.004253
-18.880000 0.004282
-18.860000 0.004312
-18.840000 0.004341
-18.820000 0.004371
-18.800000 0.004402
-18.780000 0.004432
-18.760000 0.004463
-18.740000 0.004495
-18.720000 0.004526
-18.700000 0.004558
-18.680000 0.004590
-18.660000 0.004623
-18.640000 0.004656
-18.620000 0.004689
-18.600000 0.004723
-18.580000 0.004757
-18.560000 0.004792
-18.540000 0.004827
-18.520000 0.004862
-18.500000 0.004898
-18.480000 0.004934
-18.460000 0.004970
-18.440000 0.005007
-18.420000 0.005044
-18.400000 0.005082
-18.380000 0.005120
-18.360000 0.005158
-18.340000 0.005197
-18.320000 0.005237
-18.300000 0.005277
-18.280000 0.005317
-18.260000 0.005358
-18.240000 0.005399
-18.220000 0.005441
-18.200000 0.005483
-18.180000 0.005526
-18.160000 0.005569
-18.140000 0.005613
-18.120000 0.005658
-18.100000 0.005702
-18.080000 0.005748
-18.060000 0.005794
-18.040000 0.005840
-18.020000 0.005887
-18.000000 0.005935
-17.980000 0.005983
-17.960000 0.006032
-17.940000 0.006082
-17.920000 0.006132
-17.900000 0.006183
-17.880000 0.006234
-17.860000 0.006286
-17.840000 0.006339
-17.820000 0.006392
-17.800000 0.006446
-17.780000 0.006501
-17.760000 0.006556
-17.740000 0.006612
-17.720000 0.006669
-17.700000 0.006727
-17.680000 0.006785
-17.660000 0.006844
-17.640000 0.006904
-17.620000 0.006965
-17.600000 0.007027
-17.580000 0.007089
-17.560000 0.007153
-17.540000 0.007217
-17.520000 0.007282
-17.500000 0.007348
-17.480000 0.007414
-17.460000 0.007482
-17.440000 0.007551
-17.420000 0.007620
-17.400000 0.007691
-17.380000 0.007763
-17.360000 0.007835
-17.340000 0.007909
-17.320000 0.007984
-17.300000 0.008060
-17.280000 0.008137
-17.260000 0.008215
-17.240000 0.008294
-17.220000 0.008374
-17.200000 0.008456
-17.180000 0.008539
-17.160000 0.008623
-17.140000 0.008708
-17.120000 0.008795
-17.100000 0.008883
-17.080000 0.008972
-17.060000 0.009062
-17.040000 0.009154
-17.020000 0.009248
-17.000000 0.009343
-16.980000 0.009439
-16.960000 0.009537
-16.940000 0.009637
-16.920000 0.009738
-16.900000 0.009840
-16.880000 0.009945
-16.860000 0.010051
-16.840000 0.010159
-16.820000 0.010268
-16.800000 0.010380
-16.780000 0.010493
-16.760000 0.010608
-16.740000 0.010725
-16.720000 0.010844
-16.700000 0.010965
-16.680000 0.011089
-16.660000 0.011214
-16.640000 0.011341
-16.620000 0.011471
-16.600000 0.011603
-16.580000 0.011738
-16.560000 0.011874
-16.540000 0.012013
-16.520000 0.012155
-16.500000 0.012299
-16.480000 0.012446
-16.460000 0.012596
-16.440000 0.012748
-16.420000 0.012903
-16.400000 0.013061
-16.380000 0.013222
-16.360000 0.013387
-16.340000 0.013554
-16.320000 0.013724
-16.300000 0.013898
-16.280000 0.014075
-16.260000 0.014256
-16.240000 0.014440
-16.220000 0.014628
-16.200000 0.014820
-16.180000 0.015015
-16.160000 0.015215
-16.140000 0.015418
-16.120000 0.015626
-16.100000 0.015838
-16.080000 0.016055
-16.060000 0.016276
-16.040000 0.016502
-16.020000 0.016733
-16.000000 0.016968
-15.980000 0.017209
-15.960000 0.017455
-15.940000 0.017707
-15.920000 0.017964
-15.900000 0.018227
-15.880000 0.018496
-15.860000 0.018771
-15.840000 0.019052
-15.820000 0.019340
-15.800000 0.019635
-15.780000 0.019936
-15.760000 0.020245
-15.740000 0.020561
-15.720000 0.020885
-15.700000 0.021217
-15.680000 0.021557
-15.660000 0.021905
-15.640000 0.022262
-15.620000 0.022629
-15.600000 0.023004
-15.580000 0.023389
-15.560000 0.023785
-15.540000 0.024190
-15.520000 0.024607
-15.500000 0.025034
-15.480000 0.025473
-15.460000 0.025924
-15.440000 0.026388
-15.420000 0.026864
-15.400000 0.027354
-15.380000 0.027858
-15.360000 0.028376
-15.340000 0.028909
-15.320000 0.029458
-15.300000 0.030024
-15.280000 0.030606
-15.260000 0.031206
-15.240000 0.031824
-15.220000 0.032461
-15.200000 0.033119
-15.180000 0.033797
-15.160000 0.034497
-15.140000 0.035219
-15.120000 0.035966
-15.100000 0.036737
-15.080000 0.037534
-15.060000 0.038358
-15.040000 0.039211
-15.020000 0.040094
-15.000000 0.041008
-14.980000 0.041954
-14.960000 0.042935
-14.940000 0.043952
-14.920000 0.045008
-14.900000 0.046103
-14.880000 0.047240
-14.860000 0.048421
-14.840000 0.049650
-14.820000 0.050927
-14.800000 0.052257
-14.780000 0.053641
-14.760000 0.055084
-14.740000 0.056588
-14.720000 0.058158
-14.700000 0.059796
-14.680000 0.061508
-14.660000 0.063299
-14.640000 0.065172
-14.620000 0.067133
-14.600000 0.069189
-14.580000 0.071346
-14.560000 0.073610
-14.540000 0.075989
-14.520000 0.078492
-14.500000 0.081127
-14.480000 0.083904
-14.460000 0.086834
-14.440000 0.089930
-14.420000 0.093203
-14.400000 0.096668
-14.380000 0.100342
-14.360000 0.104242
-14.340000 0.108387
-14.320000 0.112799
-14.300000 0.117503
-14.280000 0.122525
-14.260000 0.127895
-14.240000 0.133647
-14.220000 0.139817
-14.200000 0.146448
-14.180000 0.153586
-14.160000 0.161282
-14.140000 0.169594
-14.120000 0.178585
-14.100000 0.188328
-14.080000 0.198900
-14.060000 0.210388
-14.040000 0.222887
-14.020000 0.236500
-14.000000 0.251338
-13.980000 0.267524
-13.960000 0.285185
-13.940000 0.304456
-13.920000 0.325480
-13.900000 0.348403
-13.880000 0.373370
-13.860000 0.400529
-13.840000 0.430021
-13.820000 0.461976
-13.800000 0.496512
-13.780000 0.533726
-13.760000 0.573690
-13.740000 0.616441
-13.720000 0.661979
-13.700000 0.710256
-13.680000 0.761174
-13.660000 0.814574
-13.640000 0.870236
-13.620000 0.927873
-13.600000 0.987129
-13.580000 1.047580
-13.560000 1.108734
-13.540000 1.170040
-13.520000 1.230888
-13.500000 1.290625
-13.480000 1.348563
-13.460000 1.403990
-13.440000 1.456194
-13.420000 1.504469
-13.400000 1.548140
-13.380000 1.586577
-13.360000 1.619213
-13.340000 1.645559
-13.320000 1.665217
-13.300000 1.677892
-13.280000 1.683402
-13.260000 1.681681
-13.240000 1.672781
-13.220000 1.656871
-13.200000 1.634233
-13.180000 1.605249
-13.160000 1.570397
-13.140000 1.530231
-13.120000 1.485370
-13.100000 1.436479
-13.080000 1.384254
-13.060000 1.329403
-13.040000 1.272633
-13.020000 1.214632
-13.000000 1.156060
-12.980000 1.097532
-12.960000 1.039615
-12.940000 0.982815
-12.920000 0.927578
-12.900000 0.874287
-12.880000 0.823257
-12.860000 0.774744
-12.840000 0.728940
-12.820000 0.685986
-12.800000 0.645971
-12.780000 0.608940
-12.760000 0.574903
-12.740000 0.543837
-12.720000 0.515696
-12.700000 0.490416
-12.680000 0.467919
-12.660000 0.448123
-12.640000 0.430940
-12.620000 0.416283
-12.600000 0.404073
-12.580000 0.394231
-12.560000 0.386691
-12.540000 0.381393
-12.520000 0.378285
-12.500000 0.377324
-12.480000 0.378473
-12.460000 0.381698
-12.440000 0.386970
-12.420000 0.394258
-12.400000 0.403524
-12.380000 0.414726
-12.360000 0.427806
-12.340000 0.442695
-12.320000 0.459298
-12.300000 0.477502
-12.280000 0.497165
-12.260000 0.518116
-12.240000 0.540153
-12.220000 0.563044
-12.200000 0.586524
-12.180000 0.610303
-12.160000 0.634061
-12.140000 0.657459
-12.120000 0.680144
-12.100000 0.701752
-12.080000 0.721921
-12.060000 0.740297
-12.040000 0.756542
-12.020000 0.770346
-12.000000 0.781435
-11.980000 0.789576
-11.960000 0.794589
-11.940000 0.796346
-11.920000 0.794782
-11.900000 0.789891
-11.880000 0.781727
-11.860000 0.770406
-11.840000 0.756096
-11.820000 0.739015
-11.800000 0.719424
-11.780000 0.697618
-11.760000 0.673916
-11.740000 0.648654
-11.720000 0.622174
-11.700000 0.594817
-11.680000 0.566913
-11.660000 0.538774
-11.640000 0.510691
-11.620000 0.482925
-11.600000 0.455707
-11.580000 0.429235
-11.560000 0.403671
-11.540000 0.379145
-11.520000 0.355755
-11.500000 0.333567
-11.480000 0.312622
-11.460000 0.292935
-11.440000 0.274499
-11.420000 0.257293
-11.400000 0.241279
-11.380000 0.226409
-11.360000 0.212626
-11.340000 0.199870
-11.320000 0.188075
-11.300000 0.177177
-11.280000 0.167109
-11.260000 0.157809
-11.240000 0.149216
-11.220000 0.141271
-11.200000 0.133920
-11.180000 0.127114
-11.160000 0.120804
-11.140000 0.114949
-11.120000 0.109509
-11.100000 0.104449
-11.080000 0.099736
-11.060000 0.095341
-11.040000 0.091238
-11.020000 0.087403
-11.000000 0.083813
-10.980000 0.080450
-10.960000 0.077294
-10.940000 0.074331
-10.920000 0.071545
-10.900000 0.068923
-10.880000 0.066453
-10.860000 0.064123
-10.840000 0.061924
-10.820000 0.059846
-10.800000 0.057880
-10.780000 0.056019
-10.760000 0.054255
-10.740000 0.052582
-10.720000 0.050994
-10.700000 0.049485
-10.680000 0.048050
-10.660000 0.046684
-10.640000 0.045383
-10.620000 0.044142
-10.600000 0.042958
-10.580000 0.041827
-10.560000 0.040746
-10.540000 0.039713
-10.520000 0.038723
-10.500000 0.037774
-10.480000 0.036865
-10.460000 0.035992
-10.440000 0.035155
-10.420000 0.034349
-10.400000 0.033575
-10.380000 0.032830
-10.360000 0.032113
-10.340000 0.031422
-10.320000 0.030755
-10.300000 0.030112
-10.280000 0.029492
-10.260000 0.028892
-10.240000 0.028313
-10.220000 0.027752
-10.200000 0.027210
-10.180000 0.026685
-10.160000 0.026177
-10.140000 0.025684
-10.120000 0.025206
-10.100000 0.024743
-10.080000 0.024293
-10.060000 0.023856
-10.040000 0.023432
-10.020000 0.023020
-10.000000 0.022619
-9.980000 0.022229
-9.960000 0.021850
-9.940000 0.021481
-9.920000 0.021122
-9.900000 0.020772
-9.880000 0.020431
-9.860000 0.020099
-9.840000 0.019776
-9.820000 0.019461
-9.800000 0.019153
-9.780000 0.018854
-9.760000 0.018561
-9.740000 0.018276
-9.720000 0.017998
-9.700000 0.017727
-9.680000 0.017462
-9.660000 0.017203
-9.640000 0.016950
-9.620000 0.016704
-9.600000 0.016463
-9.580000 0.016227
-9.560000 0.015997
-9.540000 0.015773
-9.520000 0.015553
-9.500000 0.015338
-9.480000 0.015128
-9.460000 0.014922
-9.440000 0.014721
-9.420000 0.014524
-9.400000 0.014332
-9.380000 0.014143
-9.360000 0.013958
-9.340000 0.013778
-9.320000 0.013601
-9.300000 0.013427
-9.280000 0.013257
-9.260000 0.013091
-9.240000 0.012927
-9.220000 0.012767
-9.200000 0.012610
-9.180000 0.012456
-9.160000 0.012305
-9.140000 0.012157
-9.120000 0.012012
-9.100000 0.011870
-9.080000 0.011730
-9.060000 0.011593
-9.040000 0.011458
-9.020000 0.011326
-9.000000 0.011196
-8.980000 0.011068
-8.960000 0.010943
-8.940000 0.010820
-8.920000 0.010699
-8.900000 0.010580
-8.880000 0.010464
-8.860000 0.010349
-8.840000 0.010236
-8.820000 0.010125
-8.800000 0.010017
-8.780000 0.009909
-8.760000 0.009804
-8.740000 0.009701
-8.720000 0.009599
-8.700000 0.009499
-8.680000 0.009400
-8.660000 0.009303
-8.640000 0.009208
-8.620000 0.009114
-8.600000 0.009022
-8.580000 0.008931
-8.560000 0.008842
-8.540000 0.008753
-8.520000 0.008667
-8.500000 0.008582
-8.480000 0.008498
-8.460000 0.008415
-8.440000 0.008333
-8.420000 0.008253
-8.400000 0.008174
-8.380000 0.008096
-8.360000 0.008020
-8.340000 0.007944
-8.320000 0.007870
-8.300000 0.007796
-8.280000 0.007724
-8.260000 0.007653
-8.240000 0.007583
-8.220000 0.007513
-8.200000 0.007445
-8.180000 0.007378
-8.160000 0.007312
-8.140000 0.007246
-8.120000 0.007182
-8.100000 0.007118
-8.080000 0.007056
-8.060000 0.006994
-8.040000 0.006933
-8.020000 0.006873
-8.000000 0.006814
-7.980000 0.006755
-7.960000 0.006697
-7.940000 0.006640
-7.920000 0.006584
-7.900000 0.006529
-7.880000 0.006474
-7.860000 0.006420
-7.840000 0.006367
-7.820000 0.006314
-7.800000 0.006262
-7.780000 0.006211
-7.760000 0.006161
-7.740000 0.006111
-7.720000 0.006061
-7.700000 0.006013
-7.680000 0.005965
-7.660000 0.005917
-7.640000 0.005870
-7.620000 0.005824
-7.600000 0.005778
-7.580000 0.005733
-7.560000 0.005689
-7.540000 0.005645
-7.520000 0.005601
-7.500000 0.005558
-7.480000 0.005516
-7.460000 0.005474
-7.440000 0.005432
-7.420000 0.005392
-7.400000 0.005351
-7.380000 0.005311
-7.360000 0.005272
-7.340000 0.005233
-7.320000 0.005194
-7.300000 0.005156
-7.280000 0.005118
-7.260000 0.005081
-7.240000 0.005044
-7.220000 0.005008
-7.200000 0.004972
-7.180000 0.004936
-7.160000 0.004901
-7.140000 0.004866
-7.120000 0.004832
-7.100000 0.004798
-7.080000 0.004765
-7.060000 0.004731
-7.040000 0.004698
-7.020000 0.004666
-7.000000 0.004634
-6.980000 0.004602
-6.960000 0.004571
-6.940000 0.004540
-6.920000 0.004509
-6.900000 0.004478
-6.880000 0.004448
-6.860000 0.004419
-6.840000 0.004389
-6.820000 0.004360
-6.800000 0.004331
-6.780000 0.004303
-6.760000 0.004275
-6.740000 0.004247
-6.720000 0.004219
-6.700000 0.004192
-6.680000 0.004165
-6.660000 0.004138
-6.640000 0.004112
-6.620000 0.004086
-6.600000 0.004060
-6.580000 0.004034
-6.560000 0.004009
-6.540000 0.003983
-6.520000 0.003959
-6.500000 0.003934
-6.480000 0.003910
-6.460000 0.003886
-6.440000 0.003862
-6.420000 0.003838
-6.400000 0.003815
-6.380000 0.003792
-6.360000 0.003769
-6.340000 0.003746
-6.320000 0.003723
-6.300000 0.003701
-6.280000 0.003679
-6.260000 0.003657
-6.240000 0.003636
-6.220000 0.003614
-6.200000 0.003593
-6.180000 0.003572
-6.160000 0.003552
-6.140000 0.003531
-6.120000 0.003511
-6.100000 0.003491
-6.080000 0.003471
-6.060000 0.003451
-6.040000 0.003431
-6.020000 0.003412
-6.000000 0.003393
-5.980000 0.003374
-5.960000 0.003355
-5.940000 0.003336
-5.920000 0.003318
-5.900000 0.003299
-5.880000 0.003281
-5.860000 0.003263
-5.840000 0.003245
-5.820000 0.003228
-5.800000 0.003210
-5.780000 0.003193
-5.760000 0.003176
-5.740000 0.003159
-5.720000 0.003142
-5.700000 0.003125
-5.680000 0.003109
-5.660000 0.003093
-5.640000 0.003076
-5.620000 0.003060
-5.600000 0.003044
-5.580000 0.003029
-5.560000 0.003013
-5.540000 0.002998
-5.520000 0.002982
-5.500000 0.002967
-5.480000 0.002952
-5.460000 0.002937
-5.440000 0.002922
-5.420000 0.002908
-5.400000 0.002893
-5.380000 0.002879
-5.360000 0.002864
-5.340000 0.002850
-5.320000 0.002836
-5.300000 0.002823
-5.280000 0.002809
-5.260000 0.002795
-5.240000 0.002782
-5.220000 0.002768
-5.200000 0.002755
-5.180000 0.002742
-5.160000 0.002729
-5.140000 0.002716
-5.120000 0.002703
-5.100000 0.002690
-5.080000 0.002678
-5.060000 0.002665
-5.040000 0.002653
-5.020000 0.002641
-5.000000 0.002629
-4.980000 0.002617
-4.960000 0.002605
-4.940000 0.002593
-4.920000 0.002581
-4.900000 0.002570
-4.880000 0.002558
-4.860000 0.002547
-4.840000 0.002536
-4.820000 0.002524
-4.800000 0.002513
-4.780000 0.002502
-4.760000 0.002491
-4.740000 0.002481
-4.720000 0.002470
-4.700000 0.002459
-4.680000 0.002449
-4.660000 0.002439
-4.640000 0.002428
-4.620000 0.002418
-4.600000 0.002408
-4.580000 0.002398
-4.560000 0.002388
-4.540000 0.002378
-4.520000 0.002368
-4.500000 0.002359
-4.480000 0.002349
-4.460000 0.002339
-4.440000 0.002330
-4.420000 0.002321
-4.400000 0.002311
-4.380000 0.002302
-4.360000 0.002293
-4.340000 0.002284
-4.320000 0.002275
-4.300000 0.002266
-4.280000 0.002258
-4.260000 0.002249
-4.240000 0.002240
-4.220000 0.002232
-4.200000 0.002223
-4.180000 0.002215
-4.160000 0.002207
-4.140000 0.002198
-4.120000 0.002190
-4.100000 0.002182
-4.080000 0.002174
-4.060000 0.002166
-4.040000 0.002158
-4.020000 0.002151
-4.000000 0.002143
-3.980000 0.002135
-3.960000 0.002128
-3.940000 0.002120
-3.920000 0.002113
-3.900000 0.002106
-3.880000 0.002098
-3.860000 0.002091
-3.840000 0.002084
-3.820000 0.002077
-3.800000 0.002070
-3.780000 0.002063
-3.760000 0.002056
-3.740000 0.002050
-3.720000 0.002043
-3.700000 0.002036
-3.680000 0.002030
-3.660000 0.002023
-3.640000 0.002017
-3.620000 0.002010
-3.600000 0.002004
-3.580000 0.001998
-3.560000 0.001992
-3.540000 0.001986
-3.520000 0.001980
-3.500000 0.001974
-3.480000 0.001968
-3.460000 0.001962
-3.440000 0.001956
-3.420000 0.001950
-3.400000 0.001945
-3.380000 0.001939
-3.360000 0.001934
-3.340000 0.001928
-3.320000 0.001923
-3.300000 0.001917
-3.280000 0.001912
-3.260000 0.001907
-3.240000 0.001902
-3.220000 0.001897
-3.200000 0.001892
-3.180000 0.001887
-3.160000 0.001882
-3.140000 0.001877
-3.120000 0.001872
-3.100000 0.001868
-3.080000 0.001863
-3.060000 0.001858
-3.040000 0.001854
-3.020000 0.001849
-3.000000 0.001845
-2.980000 0.001841
-2.960000 0.001837
-2.940000 0.001832
-2.920000 0.001828
-2.900000 0.001824
-2.880000 0.001820
-2.860000 0.001816
-2.840000 0.001812
-2.820000 0.001808
-2.800000 0.001805
-2.780000 0.001801
-2.760000 0.001797
-2.740000 0.001794
-2.720000 0.001790
-2.700000 0.001787
-2.680000 0.001783
-2.660000 0.001780
-2.640000 0.001777
-2.620000 0.001774
-2.600000 0.001770
-2.580000 0.001767
-2.560000 0.001764
-2.540000 0.001761
-2.520000 0.001759
-2.500000 0.001756
-2.480000 0.001753
-2.460000 0.001750
-2.440000 0.001748
-2.420000 0.001745
-2.400000 0.001743
-2.380000 0.001740
-2.360000 0.001738
-2.340000 0.001736
-2.320000 0.001733
-2.300000 0.001731
-2.280000 0.001729
-2.260000 0.001727
-2.240000 0.001725
-2.220000 0.001723
-2.200000 0.001721
-2.180000 0.001720
-2.160000 0.001718
-2.140000 0.001717
-2.120000 0.001715
-2.100000 0.001714
-2.080000 0.001712
-2.060000 0.001711
-2.040000 0.001710
-2.020000 0.001709
-2.000000 0.001707
-1.980000 0.001706
-1.960000 0.001706
-1.940000 0.001705
-1.920000 0.001704
-1.900000 0.001703
-1.880000 0.001703
-1.860000 0.001702
-1.840000 0.001702
-1.820000 0.001701
-1.800000 0.001701
-1.780000 0.001701
-1.760000 0.001701
-1.740000 0.001701
-1.720000 0.001701
-1.700000 0.001701
-1.680000 0.001701
-1.660000 0.001702
-1.640000 0.001702
-1.620000 0.001703
-1.600000 0.001703
-1.580000 0.001704
-1.560000 0.001705
-1.540000 0.001706
-1.520000 0.001707
-1.500000 0.001708
-1.480000 0.001709
-1.460000 0.001710
-1.440000 0.001712
-1.420000 0.001713
-1.400000 0.001715
-1.380000 0.001717
-1.360000 0.001718
-1.340000 0.001720
-1.320000 0.001722
-1.300000 0.001725
-1.280000 0.001727
-1.260000 0.001729
-1.240000 0.001732
-1.220000 0.001735
-1.200000 0.001737
-1.180000 0.001740
-1.160000 0.001744
-1.140000 0.001747
-1.120000 0.001750
-1.100000 0.001754
-1.080000 0.001757
-1.060000 0.001761
-1.040000 0.001765
-1.020000 0.001769
-1.000000 0.001773
-0.980000 0.001778
-0.960000 0.001782
-0.940000 0.001787
-0.920000 0.001792
-0.900000 0.001797
-0.880000 0.001802
-0.860000 0.001807
-0.840000 0.001813
-0.820000 0.001818
-0.800000 0.001824
-0.780000 0.001831
-0.760000 0.001837
-0.740000 0.001843
-0.720000 0.001850
-0.700000 0.001857
-0.680000 0.001864
-0.660000 0.001871
-0.640000 0.001879
-0.620000 0.001887
-0.600000 0.001895
-0.580000 0.001903
-0.560000 0.001912
-0.540000 0.001920
-0.520000 0.001929
-0.500000 0.001939
-0.480000 0.001948
-0.460000 0.001958
-0.440000 0.001968
-0.420000 0.001979
-0.400000 0.001989
-0.380000 0.002001
-0.360000 0.002012
-0.340000 0.002024
-0.320000 0.002036
-0.300000 0.002048
-0.280000 0.002061
-0.260000 0.002074
-0.240000 0.002087
-0.220000 0.002101
-0.200000 0.002115
-0.180000 0.002130
-0.160000 0.002145
-0.140000 0.002161
-0.120000 0.002176
-0.100000 0.002193
-0.080000 0.002210
-0.060000 0.002227
-0.040000 0.002245
-0.020000 0.002263
-0.000000 0.002282
0.020000 0.002302
0.040000 0.002322
0.060000 0.002343
0.080000 0.002364
0.100000 0.002386
0.120000 0.002408
0.140000 0.002432
0.160000 0.002456
0.180000 0.002480
0.200000 0.002506
0.220000 0.002532
0.240000 0.002559
0.260000 0.002587
0.280000 0.002616
0.300000 0.002646
0.320000 0.002676
0.340000 0.002708
0.360000 0.002741
0.380000 0.002774
0.400000 0.002809
0.420000 0.002845
0.440000 0.002882
0.460000 0.002921
0.480000 0.002961
0.500000 0.003002
0.520000 0.003044
0.540000 0.003088
0.560000 0.003134
0.580000 0.003181
0.600000 0.003230
0.620000 0.003281
0.640000 0.003334
0.660000 0.003388
0.680000 0.003445
0.700000 0.003504
0.720000 0.003565
0.740000 0.003629
0.760000 0.003695
0.780000 0.003764
0.800000 0.003836
0.820000 0.003911
0.840000 0.003989
0.860000 0.004070
0.880000 0.004155
0.900000 0.004244
0.920000 0.004336
0.940000 0.004433
0.960000 0.004535
0.980000 0.004642
1.000000 0.004753
1.020000 0.004871
1.040000 0.004994
1.060000 0.005125
1.080000 0.005262
1.100000 0.005406
1.120000 0.005559
1.140000 0.005720
1.160000 0.005891
1.180000 0.006073
1.200000 0.006265
1.220000 0.006470
1.240000 0.006688
1.260000 0.006920
1.280000 0.007168
1.300000 0.007432
1.320000 0.007715
1.340000 0.008018
1.360000 0.008342
1.380000 0.008689
1.400000 0.009062
1.420000 0.009461
1.440000 0.009888
1.460000 0.010346
1.480000 0.010837
1.500000 0.011361
1.520000 0.011922
1.540000 0.012519
1.560000 0.013156
1.580000 0.013833
1.600000 0.014551
1.620000 0.015311
1.640000 0.016114
1.660000 0.016960
1.680000 0.017850
1.700000 0.018784
1.720000 0.019761
1.740000 0.020782
1.760000 0.021848
1.780000 0.022958
1.800000 0.024114
1.820000 0.025316
1.840000 0.026568
1.860000 0.027871
1.880000 0.029230
1.900000 0.030649
1.920000 0.032135
1.940000 0.033694
1.960000 0.035336
1.980000 0.037068
2.000000 0.038902
2.020000 0.040849
2.040000 0.042919
2.060000 0.045125
2.080000 0.047478
2.100000 0.049988
2.120000 0.052664
2.140000 0.055513
2.160000 0.058540
2.180000 0.061746
2.200000 0.065129
2.220000 0.068682
2.240000 0.072394
2.260000 0.076247
2.280000 0.080221
2.300000 0.084286
2.320000 0.088411
2.340000 0.092556
2.360000 0.096679
2.380000 0.100733
2.400000 0.104666
2.420000 0.108427
2.440000 0.111961
2.460000 0.115215
2.480000 0.118137
2.500000 0.120679
2.520000 0.122795
2.540000 0.124448
2.560000 0.125605
2.580000 0.126244
2.600000 0.126348
2.620000 0.125914
2.640000 0.124944
2.660000 0.123452
2.680000 0.121461
2.700000 0.119000
2.720000 0.116108
2.740000 0.112830
2.760000 0.109214
2.780000 0.105314
2.800000 0.101186
2.820000 0.096886
2.840000 0.092469
2.860000 0.087989
2.880000 0.083497
2.900000 0.079041
2.920000 0.074663
2.940000 0.070401
2.960000 0.066286
2.980000 0.062346
3.000000 0.058601
3.020000 0.055066
3.040000 0.051754
3.060000 0.048668
3.080000 0.045811
3.100000 0.043180
3.120000 0.040770
3.140000 0.038572
3.160000 0.036576
3.180000 0.034771
3.200000 0.033141
3.220000 0.031673
3.240000 0.030351
3.260000 0.029161
3.280000 0.028087
3.300000 0.027115
3.320000 0.026229
3.340000 0.025418
3.360000 0.024666
3.380000 0.023964
3.400000 0.023301
3.420000 0.022667
3.440000 0.022053
3.460000 0.021454
3.480000 0.020863
3.500000 0.020275
3.520000 0.019689
3.540000 0.019101
3.560000 0.018510
3.580000 0.017916
3.600000 0.017320
3.620000 0.016723
3.640000 0.016126
3.660000 0.015532
3.680000 0.014942
3.700000 0.014359
3.720000 0.013786
3.740000 0.013225
3.760000 0.012677
3.780000 0.012146
3.800000 0.011632
3.820000 0.011137
3.840000 0.010662
3.860000 0.010208
3.880000 0.009776
3.900000 0.009364
3.920000 0.008975
3.940000 0.008606
3.960000 0.008258
3.980000 0.007930
4.000000 0.007621
4.020000 0.007330
4.040000 0.007057
4.060000 0.006801
4.080000 0.006561
4.100000 0.006335
4.120000 0.006123
4.140000 0.005924
4.160000 0.005737
4.180000 0.005561
4.200000 0.005396
4.220000 0.005241
4.240000 0.005094
4.260000 0.004956
4.280000 0.004826
4.300000 0.004702
4.320000 0.004586
4.340000 0.004475
4.360000 0.004370
4.380000 0.004270
4.400000 0.004175
4.420000 0.004085
4.440000 0.003998
4.460000 0.003915
4.480000 0.003835
4.500000 0.003759
4.520000 0.003685
4.540000 0.003614
4.560000 0.003546
4.580000 0.003480
4.600000 0.003416
4.620000 0.003355
4.640000 0.003295
4.660000 0.003238
4.680000 0.003182
4.700000 0.003129
4.720000 0.003077
4.740000 0.003026
4.760000 0.002978
4.780000 0.002931
4.800000 0.002885
4.820000 0.002842
4.840000 0.002799
4.860000 0.002758
4.880000 0.002719
4.900000 0.002680
4.920000 0.002643
4.940000 0.002607
4.960000 0.002571
4.980000 0.002537
5.000000 0.002504
5.020000 0.002471
5.040000 0.002439
5.060000 0.002407
5.080000 0.002377
5.100000 0.002346
5.120000 0.002316
5.140000 0.002287
5.160000 0.002259
5.180000 0.002230
5.200000 0.002203
5.220000 0.002176
5.240000 0.002150
5.260000 0.002124
5.280000 0.002099
5.300000 0.002075
5.320000 0.002053
5.340000 0.002031
5.360000 0.002010
5.380000 0.001991
5.400000 0.001973
5.420000 0.001956
5.440000 0.001940
5.460000 0.001926
5.480000 0.001914
5.500000 0.001902
5.520000 0.001893
5.540000 0.001885
5.560000 0.001878
5.580000 0.001872
5.600000 0.001868
5.620000 0.001864
5.640000 0.001862
5.660000 0.001861
5.680000 0.001860
5.700000 0.001860
5.720000 0.001861
5.740000 0.001861
5.760000 0.001862
5.780000 0.001863
5.800000 0.001864
5.820000 0.001864
5.840000 0.001863
5.860000 0.001862
5.880000 0.001860
5.900000 0.001858
5.920000 0.001854
5.940000 0.001850
5.960000 0.001845
5.980000 0.001839
6.000000 0.001832
6.020000 0.001825
6.040000 0.001817
6.060000 0.001808
6.080000 0.001800
6.100000 0.001791
6.120000 0.001782
6.140000 0.001774
6.160000 0.001766
6.180000 0.001758
6.200000 0.001752
6.220000 0.001746
6.240000 0.001741
6.260000 0.001737
6.280000 0.001734
6.300000 0.001732
6.320000 0.001730
6.340000 0.001730
6.360000 0.001730
6.380000 0.001731
6.400000 0.001732
6.420000 0.001733
6.440000 0.001734
6.460000 0.001734
6.480000 0.001734
6.500000 0.001732
6.520000 0.001729
6.540000 0.001725
6.560000 0.001719
6.580000 0.001711
6.600000 0.001701
6.620000 0.001688
6.640000 0.001674
6.660000 0.001658
6.680000 0.001639
6.700000 0.001619
6.720000 0.001597
6.740000 0.001573
6.760000 0.001548
6.780000 0.001522
6.800000 0.001496
6.820000 0.001468
6.840000 0.001441
6.860000 0.001413
6.880000 0.001385
6.900000 0.001358
6.920000 0.001332
6.940000 0.001306
6.960000 0.001282
6.980000 0.001258
7.000000 0.001236
7.020000 0.001215
7.040000 0.001195
7.060000 0.001177
7.080000 0.001160
7.100000 0.001145
7.120000 0.001131
7.140000 0.001118
7.160000 0.001107
7.180000 0.001097
7.200000 0.001088
7.220000 0.001080
7.240000 0.001073
7.260000 0.001067
7.280000 0.001062
7.300000 0.001057
7.320000 0.001053
7.340000 0.001049
7.360000 0.001046
7.380000 0.001043
7.400000 0.001039
7.420000 0.001036
7.440000 0.001032
7.460000 0.001028
7.480000 0.001024
7.500000 0.001019
7.520000 0.001014
7.540000 0.001008
7.560000 0.001002
7.580000 0.000995
7.600000 0.000987
7.620000 0.000979
7.640000 0.000970
7.660000 0.000960
7.680000 0.000951
7.700000 0.000941
7.720000 0.000930
7.740000 0.000920
7.760000 0.000909
7.780000 0.000898
7.800000 0.000888
7.820000 0.000877
7.840000 0.000867
7.860000 0.000857
7.880000 0.000848
7.900000 0.000839
7.920000 0.000830
7.940000 0.000823
7.960000 0.000815
7.980000 0.000809
8.000000 0.000803
8.020000 0.000797
8.040000 0.000793
8.060000 0.000789
8.080000 0.000785
8.100000 0.000783
8.120000 0.000780
8.140000 0.000779
8.160000 0.000778
8.180000 0.000777
8.200000 0.000776
8.220000 0.000776
8.240000 0.000776
8.260000 0.000777
8.280000 0.000777
8.300000 0.000777
8.320000 0.000777
8.340000 0.000777
8.360000 0.000777
8.380000 0.000776
8.400000 0.000775
8.420000 0.000773
8.440000 0.000771
8.460000 0.000769
8.480000 0.000765
8.500000 0.000762
8.520000 0.000757
8.540000 0.000752
8.560000 0.000747
8.580000 0.000741
8.600000 0.000734
8.620000 0.000727
8.640000 0.000720
8.660000 0.000712
8.680000 0.000704
8.700000 0.000696
8.720000 0.000688
8.740000 0.000680
8.760000 0.000672
8.780000 0.000664
8.800000 0.000656
8.820000 0.000649
8.840000 0.000641
8.860000 0.000634
8.880000 0.000627
8.900000 0.000620
8.920000 0.000613
8.940000 0.000607
8.960000 0.000601
8.980000 0.000595
9.000000 0.000590
9.020000 0.000585
9.040000 0.000580
9.060000 0.000575
9.080000 0.000571
9.100000 0.000567
9.120000 0.000563
9.140000 0.000559
9.160000 0.000555
9.180000 0.000552
9.200000 0.000548
9.220000 0.000545
9.240000 0.000542
9.260000 0.000539
9.280000 0.000536
9.300000 0.000533
9.320000 0.000530
9.340000 0.000528
9.360000 0.000525
9.380000 0.000522
9.400000 0.000520
9.420000 0.000518
9.440000 0.000515
9.460000 0.000513
9.480000 0.000511
9.500000 0.000508
9.520000 0.000506
9.540000 0.000504
9.560000 0.000502
9.580000 0.000500
9.600000 0.000498
9.620000 0.000496
9.640000 0.000494
9.660000 0.000492
9.680000 0.000490
9.700000 0.000488
9.720000 0.000486
9.740000 0.000484
9.760000 0.000483
9.780000 0.000481
9.800000 0.000479
9.820000 0.000477
9.840000 0.000475
9.860000 0.000474
9.880000 0.000472
9.900000 0.000470
9.920000 0.000469
9.940000 0.000467
9.960000 0.000465
9.980000 0.000464
10.000000 0.000462
10.020000 0.000461
10.040000 0.000459
10.060000 0.000457
10.080000 0.000456
10.100000 0.000454
10.120000 0.000453
10.140000 0.000451
10.160000 0.000450
10.180000 0.000448
10.200000 0.000447
10.220000 0.000445
10.240000 0.000444
10.260000 0.000442
10.280000 0.000441
10.300000 0.000440
10.320000 0.000438
10.340000 0.000437
10.360000 0.000435
10.380000 0.000434
10.400000 0.000433
10.420000 0.000431
10.440000 0.000430
10.460000 0.000429
10.480000 0.000427
10.500000 0.000426
10.520000 0.000425
10.540000 0.000423
10.560000 0.000422
10.580000 0.000421
10.600000 0.000420
10.620000 0.000418
10.640000 0.000417
10.660000 0.000416
10.680000 0.000415
10.700000 0.000413
10.720000 0.000412
10.740000 0.000411
10.760000 0.000410
10.780000 0.000409
10.800000 0.000407
10.820000 0.000406
10.840000 0.000405
10.860000 0.000404
10.880000 0.000403
10.900000 0.000402
10.920000 0.000400
10.940000 0.000399
10.960000 0.000398
10.980000 0.000397
11.000000 0.000396
11.020000 0.000395
11.040000 0.000394
11.060000 0.000393
11.080000 0.000392
11.100000 0.000390
11.120000 0.000389
11.140000 0.000388
11.160000 0.000387
11.180000 0.000386
11.200000 0.000385
11.220000 0.000384
11.240000 0.000383
11.260000 0.000382
11.280000 0.000381
11.300000 0.000380
11.320000 0.000379
11.340000 0.000378
11.360000 0.000377
11.380000 0.000376
11.400000 0.000375
11.420000 0.000374
11.440000 0.000373
11.460000 0.000372
11.480000 0.000371
11.500000 0.000370
11.520000 0.000369
11.540000 0.000368
11.560000 0.000367
11.580000 0.000366
11.600000 0.000365
11.620000 0.000364
11.640000 0.000363
11.660000 0.000362
11.680000 0.000361
11.700000 0.000361
11.720000 0.000360
11.740000 0.000359
11.760000 0.000358
11.780000 0.000357
11.800000 0.000356
11.820000 0.000355
11.840000 0.000354
11.860000 0.000353
11.880000 0.000352
11.900000 0.000352
11.920000 0.000351
11.940000 0.000350
11.960000 0.000349
11.980000 0.000348
12.000000 0.000347
12.020000 0.000346
12.040000 0.000346
12.060000 0.000345
12.080000 0.000344
12.100000 0.000343
12.120000 0.000342
12.140000 0.000341
12.160000 0.000341
12.180000 0.000340
12.200000 0.000339
12.220000 0.000338
12.240000 0.000337
12.260000 0.000336
12.280000 0.000336
12.300000 0.000335
12.320000 0.000334
12.340000 0.000333
12.360000 0.000332
12.380000 0.000332
12.400000 0.000331
12.420000 0.000330
12.440000 0.000329
12.460000 0.000329
12.480000 0.000328
12.500000 0.000327
12.520000 0.000326
12.540000 0.000326
12.560000 0.000325
12.580000 0.000324
12.600000 0.000323
12.620000 0.000323
12.640000 0.000322
12.660000 0.000321
12.680000 0.000320
12.700000 0.000320
12.720000 0.000319
12.740000 0.000318
12.760000 0.000317
12.780000 0.000317
12.800000 0.000316
12.820000 0.000315
12.840000 0.000315
12.860000 0.000314
12.880000 0.000313
12.900000 0.000313
12.920000 0.000312
12.940000 0.000311
12.960000 0.000310
12.980000 0.000310
13.000000 0.000309
13.020000 0.000308
13.040000 0.000308
13.060000 0.000307
13.080000 0.000306
13.100000 0.000306
13.120000 0.000305
13.140000 0.000304
13.160000 0.000304
13.180000 0.000303
13.200000 0.000302
13.220000 0.000302
13.240000 0.000301
13.260000 0.000300
13.280000 0.000300
13.300000 0.000299
13.320000 0.000298
13.340000 0.000298
13.360000 0.000297
13.380000 0.000297
13.400000 0.000296
13.420000 0.000295
13.440000 0.000295
13.460000 0.000294
13.480000 0.000293
13.500000 0.000293
13.520000 0.000292
13.540000 0.000292
13.560000 0.000291
13.580000 0.000290
13.600000 0.000290
13.620000 0.000289
13.640000 0.000289
13.660000 0.000288
13.680000 0.000287
13.700000 0.000287
13.720000 0.000286
13.740000 0.000286
13.760000 0.000285
13.780000 0.000284
13.800000 0.000284
13.820000 0.000283
13.840000 0.000283
13.860000 0.000282
13.880000 0.000282
13.900000 0.000281
13.920000 0.000280
13.940000 0.000280
13.960000 0.000279
13.980000 0.000279
14.000000 0.000278
14.020000 0.000278
14.040000 0.000277
14.060000 0.000276
14.080000 0.000276
14.100000 0.000275
14.120000 0.000275
14.140000 0.000274
14.160000 0.000274
14.180000 0.000273
14.200000 0.000273
14.220000 0.000272
14.240000 0.000272
14.260000 0.000271
14.280000 0.000270
14.300000 0.000270
14.320000 0.000269
14.340000 0.000269
14.360000 0.000268
14.380000 0.000268
14.400000 0.000267
14.420000 0.000267
14.440000 0.000266
14.460000 0.000266
14.480000 0.000265
14.500000 0.000265
14.520000 0.000264
14.540000 0.000264
14.560000 0.000263
14.580000 0.000263
14.600000 0.000262
14.620000 0.000262
14.640000 0.000261
14.660000 0.000261
14.680000 0.000260
14.700000 0.000260
14.720000 0.000259
14.740000 0.000259
14.760000 0.000258
14.780000 0.000258
14.800000 0.000257
14.820000 0.000257
14.840000 0.000256
14.860000 0.000256
14.880000 0.000255
14.900000 0.000255
14.920000 0.000254
14.940000 0.000254
14.960000 0.000253
14.980000 0.000253
15.000000 0.000252
15.020000 0.000252
15.040000 0.000251
15.060000 0.000251
15.080000 0.000250
15.100000 0.000250
15.120000 0.000250
15.140000 0.000249
15.160000 0.000249
15.180000 0.000248
15.200000 0.000248
15.220000 0.000247
15.240000 0.000247
15.260000 0.000246
15.280000 0.000246
15.300000 0.000245
15.320000 0.000245
15.340000 0.000245
15.360000 0.000244
15.380000 0.000244
15.400000 0.000243
15.420000 0.000243
15.440000 0.000242
15.460000 0.000242
15.480000 0.000241
15.500000 0.000241
15.520000 0.000241
15.540000 0.000240
15.560000 0.000240
15.580000 0.000239
15.600000 0.000239
15.620000 0.000238
15.640000 0.000238
15.660000 0.000238
15.680000 0.000237
15.700000 0.000237
15.720000 0.000236
15.740000 0.000236
15.760000 0.000235
15.780000 0.000235
15.800000 0.000235
15.820000 0.000234
15.840000 0.000234
15.860000 0.000233
15.880000 0.000233
15.900000 0.000233
15.920000 0.000232
15.940000 0.000232
15.960000 0.000231
15.980000 0.000231
16.000000 0.000231
16.020000 0.000230
16.040000 0.000230
16.060000 0.000229
16.080000 0.000229
16.100000 0.000229
16.120000 0.000228
16.140000 0.000228
16.160000 0.000227
16.180000 0.000227
16.200000 0.000227
16.220000 0.000226
16.240000 0.000226
16.260000 0.000225
16.280000 0.000225
16.300000 0.000225
16.320000 0.000224
16.340000 0.000224
16.360000 0.000223
16.380000 0.000223
16.400000 0.000223
16.420000 0.000222
16.440000 0.000222
16.460000 0.000222
16.480000 0.000221
16.500000 0.000221
16.520000 0.000220
16.540000 0.000220
16.560000 0.000220
16.580000 0.000219
16.600000 0.000219
16.620000 0.000219
16.640000 0.000218
16.660000 0.000218
16.680000 0.000218
16.700000 0.000217
16.720000 0.000217
16.740000 0.000216
16.760000 0.000216
16.780000 0.000216
16.800000 0.000215
16.820000 0.000215
16.840000 0.000215
16.860000 0.000214
16.880000 0.000214
16.900000 0.000214
16.920000 0.000213
16.940000 0.000213
16.960000 0.000213
16.980000 0.000212
17.000000 0.000212
17.020000 0.000211
17.040000 0.000211
17.060000 0.000211
17.080000 0.000210
17.100000 0.000210
17.120000 0.000210
17.140000 0.000209
17.160000 0.000209
17.180000 0.000209
17.200000 0.000208
17.220000 0.000208
17.240000 0.000208
17.260000 0.000207
17.280000 0.000207
17.300000 0.000207
17.320000 0.000206
17.340000 0.000206
17.360000 0.000206
17.380000 0.000205
17.400000 0.000205
17.420000 0.000205
17.440000 0.000204
17.460000 0.000204
17.480000 0.000204
17.500000 0.000203
17.520000 0.000203
17.540000 0.000203
17.560000 0.000202
17.580000 0.000202
17.600000 0.000202
17.620000 0.000201
17.640000 0.000201
17.660000 0.000201
17.680000 0.000200
17.700000 0.000200
17.720000 0.000200
17.740000 0.000200
17.760000 0.000199
17.780000 0.000199
17.800000 0.000199
17.820000 0.000198
17.840000 0.000198
17.860000 0.000198
17.880000 0.000197
17.900000 0.000197
17.920000 0.000197
17.940000 0.000196
17.960000 0.000196
17.980000 0.000196
18.000000 0.000196
18.020000 0.000195
18.040000 0.000195
18.060000 0.000195
18.080000 0.000194
18.100000 0.000194
18.120000 0.000194
18.140000 0.000193
18.160000 0.000193
18.180000 0.000193
18.200000 0.000193
18.220000 0.000192
18.240000 0.000192
18.260000 0.000192
18.280000 0.000191
18.300000 0.000191
18.320000 0.000191
18.340000 0.000190
18.360000 0.000190
18.380000 0.000190
18.400000 0.000190
18.420000 0.000189
18.440000 0.000189
18.460000 0.000189
18.480000 0.000188
18.500000 0.000188
18.520000 0.000188
18.540000 0.000188
18.560000 0.000187
18.580000 0.000187
18.600000 0.000187
18.620000 0.000186
18.640000 0.000186
18.660000 0.000186
18.680000 0.000186
18.700000 0.000185
18.720000 0.000185
18.740000 0.000185
18.760000 0.000184
18.780000 0.000184
18.800000 0.000184
18.820000 0.000184
18.840000 0.000183
18.860000 0.000183
18.880000 0.000183
18.900000 0.000183
18.920000 0.000182
18.940000 0.000182
18.960000 0.000182
18.980000 0.000181
19.000000 0.000181
19.020000 0.000181
19.040000 0.000181
19.060000 0.000180
19.080000 0.000180
19.100000 0.000180
19.120000 0.000180
19.140000 0.000179
19.160000 0.000179
19.180000 0.000179
19.200000 0.000179
19.220000 0.000178
19.240000 0.000178
19.260000 0.000178
19.280000 0.000177
19.300000 0.000177
19.320000 0.000177
19.340000 0.000177
19.360000 0.000176
19.380000 0.000176
19.400000 0.000176
19.420000 0.000175
19.440000 0.000175
19.460000 0.000175
19.480000 0.000174
19.500000 0.000174
19.520000 0.000173
19.540000 0.000172
19.560000 0.000171
19.580000 0.000170
19.600000 0.000169
19.620000 0.000168
19.640000 0.000166
19.660000 0.000164
19.680000 0.000162
19.700000 0.000160
19.720000 0.000157
19.740000 0.000154
19.760000 0.000151
19.780000 0.000147
19.800000 0.000142
19.820000 0.000138
19.840000 0.000133
19.860000 0.000127
19.880000 0.000121
19.900000 0.000115
19.920000 0.000109
19.940000 0.000102
19.960000 0.000096
19.980000 0.000089

#Sticks
-13.360000 0.236551
-13.340000 0.015101
-13.320000 0.567581
-13.300000 0.090661
-13.280000 0.108176
-13.220000 0.360385
-13.200000 0.080681
-13.160000 0.054950
-13.140000 0.103398
-13.100000 0.006149
-13.080000 0.000470
-13.060000 0.009517
-11.960000 0.000379
-11.940000 0.406579
-11.920000 0.228070
-11.900000 0.055133
-11.860000 0.007831
-11.840000 0.001495
-11.820000 0.001025
-11.760000 0.000026
-11.520000 0.008443
-11.480000 0.000020
-11.460000 0.000581
-11.440000 0.000020
-11.420000 0.000045
-11.400000 0.000497
-11.380000 0.001354
-11.360000 0.002407
-11.340000 0.000045
-11.320000 0.000002
-11.280000 0.000035
-11.260000 0.000001
-11.240000 0.000077
-11.220000 0.000470
-11.060000 0.000843
-10.100000 0.000003
-10.080000 0.000006
-10.060000 0.000022
-10.040000 0.000018
1.940000 0.000030
1.960000 0.004605
1.980000 0.005364
2.360000 0.004729
2.400000 0.000120
2.440000 0.000075
2.460000 0.000245
2.480000 0.008634
2.500000 0.000026
2.520000 0.000889
2.580000 0.000002
2.600000 0.032785
2.620000 0.049402
2.640000 0.022072
2.660000 0.000009
2.680000 0.000479
2.700000 0.000721
2.740000 0.000007
3.240000 0.000001
3.260000 0.000022
3.280000 0.000012
3.300000 0.000006
3.320000 0.000001
3.360000 0.000022
3.460000 0.008212
3.480000 0.000025
3.560000 0.000021
3.660000 0.000007
3.680000 0.000027
3.740000 0.000049
3.780000 0.000013
3.800000 0.000059
3.840000 0.000121
3.860000 0.000087
3.880000 0.000003
3.920000 0.000004
3.940000 0.000009
3.960000 0.000030
3.980000 0.000065
4.020000 0.000020
4.040000 0.000003
4.080000 0.000002
4.100000 0.000001
4.180000 0.000011
4.200000 0.000039
4.240000 0.000013
4.260000 0.000002
4.400000 0.000002
4.420000 0.000024
4.440000 0.000006
4.460000 0.000100
4.520000 0.000005
4.560000 0.000024
4.620000 0.000003
4.640000 0.000031
4.660000 0.000051
4.680000 0.000001
4.700000 0.000008
4.900000 0.000000
4.920000 0.000019
4.980000 0.000012
5.000000 0.000013
5.040000 0.000005
5.060000 0.000022
5.080000 0.000032
5.100000 0.000044
5.140000 0.000032
5.180000 0.000002
5.240000 0.000010
5.280000 0.000007
5.300000 0.000007
5.340000 0.000005
5.380000 0.000001
5.420000 0.000001
5.480000 0.000001
5.660000 0.000003
5.820000 0.000045
5.840000 0.000127
5.880000 0.000041
5.980000 0.000005
6.020000 0.000019
6.040000 0.000179
6.060000 0.000038
6.140000 0.000006
6.200000 0.000002
6.220000 0.000001
6.360000 0.000002
6.440000 0.000009
6.480000 0.000005
6.600000 0.000308
6.620000 0.000232
6.660000 0.000023
6.760000 0.000003
6.820000 0.000002
6.880000 0.000002
6.960000 0.000005
6.980000 0.000000
7.020000 0.000010
7.060000 0.000003
7.100000 0.000004
7.240000 0.000002
7.320000 0.000002
7.360000 0.000001
7.380000 0.000002
7.440000 0.000006
7.480000 0.000001
7.500000 0.000022
7.540000 0.000006
7.560000 0.000127
7.580000 0.000015
7.600000 0.000005
7.700000 0.000002
8.440000 0.000001
8.460000 0.000092
8.480000 0.000008
8.500000 0.000024
8.520000 0.000011
