700.000000 0.000228
700.050000 0.000296
700.100000 0.000343
700.150000 0.000370
700.200000 0.000383
700.250000 0.000389
700.300000 0.000393
700.350000 0.000396
700.400000 0.000398
700.450000 0.000401
700.500000 0.000404
700.550000 0.000407
700.600000 0.000410
700.650000 0.000413
700.700000 0.000416
700.750000 0.000419
700.800000 0.000422
700.850000 0.000425
700.900000 0.000429
700.950000 0.000432
701.000000 0.000435
701.050000 0.000438
701.100000 0.000442
701.150000 0.000445
701.200000 0.000448
701.250000 0.000452
701.300000 0.000455
701.350000 0.000459
701.400000 0.000463
701.450000 0.000466
701.500000 0.000470
701.550000 0.000474
701.600000 0.000477
701.650000 0.000481
701.700000 0.000485
701.750000 0.000489
701.800000 0.000493
701.850000 0.000497
701.900000 0.000501
701.950000 0.000505
702.000000 0.000510
702.050000 0.000514
702.100000 0.000518
702.150000 0.000523
702.200000 0.000527
702.250000 0.000531
702.300000 0.000536
702.350000 0.000541
702.400000 0.000545
702.450000 0.000550
702.500000 0.000555
702.550000 0.000560
702.600000 0.000565
702.650000 0.000570
702.700000 0.000575
702.750000 0.000580
702.800000 0.000585
702.850000 0.000591
702.900000 0.000596
702.950000 0.000602
703.000000 0.000607
703.050000 0.000613
703.100000 0.000619
703.150000 0.000625
703.200000 0.000631
703.250000 0.000637
703.300000 0.000643
703.350000 0.000649
703.400000 0.000655
703.450000 0.000662
703.500000 0.000668
703.550000 0.000675
703.600000 0.000682
703.650000 0.000689
703.700000 0.000696
703.750000 0.000703
703.800000 0.000710
703.850000 0.000718
703.900000 0.000725
703.950000 0.000733
704.000000 0.000740
704.050000 0.000748
704.100000 0.000756
704.150000 0.000765
704.200000 0.000773
704.250000 0.000781
704.300000 0.000790
704.350000 0.000799
704.400000 0.000808
704.450000 0.000817
704.500000 0.000826
704.550000 0.000836
704.600000 0.000845
704.650000 0.000855
704.700000 0.000865
704.750000 0.000875
704.800000 0.000886
704.850000 0.000897
704.900000 0.000907
704.950000 0.000919
705.000000 0.000930
705.050000 0.000941
705.100000 0.000953
705.150000 0.000965
705.200000 0.000978
705.250000 0.000990
705.300000 0.001003
705.350000 0.001016
705.400000 0.001030
705.450000 0.001044
705.500000 0.001058
705.550000 0.001072
705.600000 0.001087
705.650000 0.001102
705.700000 0.001117
705.750000 0.001133
705.800000 0.001149
705.850000 0.001166
705.900000 0.001183
705.950000 0.001201
706.000000 0.001219
706.050000 0.001237
706.100000 0.001256
706.150000 0.001275
706.200000 0.001295
706.250000 0.001316
706.300000 0.001337
706.350000 0.001358
706.400000 0.001380
706.450000 0.001403
706.500000 0.001427
706.550000 0.001451
706.600000 0.001476
706.650000 0.001502
706.700000 0.001528
706.750000 0.001556
706.800000 0.001584
706.850000 0.001613
706.900000 0.001643
706.950000 0.001674
707.000000 0.001706
707.050000 0.001740
707.100000 0.001774
707.150000 0.001810
707.200000 0.001847
707.250000 0.001886
707.300000 0.001925
707.350000 0.001967
707.400000 0.002010
707.450000 0.002055
707.500000 0.002102
707.550000 0.002150
707.600000 0.002201
707.650000 0.002254
707.700000 0.002309
707.750000 0.002367
707.800000 0.002428
707.850000 0.002491
707.900000 0.002558
707.950000 0.002628
708.000000 0.002701
708.050000 0.002779
708.100000 0.002861
708.150000 0.002947
708.200000 0.003039
708.250000 0.003135
708.300000 0.003238
708.350000 0.003347
708.400000 0.003464
708.450000 0.003588
708.500000 0.003721
708.550000 0.003863
708.600000 0.004016
708.650000 0.004181
708.700000 0.004359
708.750000 0.004552
708.800000 0.004762
708.850000 0.004990
708.900000 0.005240
708.950000 0.005514
709.000000 0.005816
709.050000 0.006150
709.100000 0.006522
709.150000 0.006938
709.200000 0.007405
709.250000 0.007932
709.300000 0.008532
709.350000 0.009218
709.400000 0.010009
709.450000 0.010928
709.500000 0.012005
709.550000 0.013278
709.600000 0.014798
709.650000 0.016628
709.700000 0.018856
709.750000 0.021591
709.800000 0.024973
709.850000 0.029168
709.900000 0.034354
709.950000 0.040678
710.000000 0.048179
710.050000 0.056669
710.100000 0.065614
710.150000 0.074096
710.200000 0.080927
710.250000 0.084952
710.300000 0.085438
710.350000 0.082347
710.400000 0.076351
710.450000 0.068570
710.500000 0.060197
710.550000 0.052193
710.600000 0.045151
710.650000 0.039320
710.700000 0.034715
710.750000 0.031223
710.800000 0.028689
710.850000 0.026954
710.900000 0.025870
710.950000 0.025294
711.000000 0.025084
711.050000 0.025100
711.100000 0.025211
711.150000 0.025314
711.200000 0.025346
711.250000 0.025292
711.300000 0.025173
711.350000 0.025026
711.400000 0.024888
711.450000 0.024784
711.500000 0.024732
711.550000 0.024749
711.600000 0.024859
711.650000 0.025092
711.700000 0.025473
711.750000 0.026020
711.800000 0.026749
711.850000 0.027681
711.900000 0.028862
711.950000 0.030361
712.000000 0.032271
712.050000 0.034704
712.100000 0.037780
712.150000 0.041626
712.200000 0.046373
712.250000 0.052153
712.300000 0.059080
712.350000 0.067205
712.400000 0.076438
712.450000 0.086476
712.500000 0.096766
712.550000 0.106580
712.600000 0.115185
712.650000 0.122067
712.700000 0.127082
712.750000 0.130457
712.800000 0.132642
712.850000 0.134118
712.900000 0.135253
712.950000 0.136260
713.000000 0.137234
713.050000 0.138225
713.100000 0.139297
713.150000 0.140574
713.200000 0.142258
713.250000 0.144629
713.300000 0.148004
713.350000 0.152650
713.400000 0.158681
713.450000 0.165955
713.500000 0.174053
713.550000 0.182311
713.600000 0.189905
713.650000 0.195968
713.700000 0.199751
713.750000 0.200852
713.800000 0.199418
713.850000 0.196199
713.900000 0.192364
713.950000 0.189151
714.000000 0.187508
714.050000 0.187859
714.100000 0.190016
714.150000 0.193233
714.200000 0.196374
714.250000 0.198181
714.300000 0.197616
714.350000 0.194154
714.400000 0.187919
714.450000 0.179600
714.500000 0.170185
714.550000 0.160657
714.600000 0.151761
714.650000 0.143911
714.700000 0.137212
714.750000 0.131548
714.800000 0.126679
714.850000 0.122316
714.900000 0.118172
714.950000 0.113981
715.000000 0.109525
715.050000 0.104659
715.100000 0.099343
715.150000 0.093662
715.200000 0.087811
715.250000 0.082040
715.300000 0.076576
715.350000 0.071554
715.400000 0.066997
715.450000 0.062847
715.500000 0.059028
715.550000 0.055502
715.600000 0.052289
715.650000 0.049438
715.700000 0.046983
715.750000 0.044909
715.800000 0.043140
715.850000 0.041569
715.900000 0.040101
715.950000 0.038685
716.000000 0.037331
716.050000 0.036097
716.100000 0.035045
716.150000 0.034216
716.200000 0.033613
716.250000 0.033208
716.300000 0.032963
716.350000 0.032847
716.400000 0.032843
716.450000 0.032941
716.500000 0.033123
716.550000 0.033353
716.600000 0.033571
716.650000 0.033692
716.700000 0.033631
716.750000 0.033316
716.800000 0.032711
716.850000 0.031832
716.900000 0.030740
716.950000 0.029528
717.000000 0.028291
717.050000 0.027101
717.100000 0.025990
717.150000 0.024948
717.200000 0.023937
717.250000 0.022911
717.300000 0.021839
717.350000 0.020722
717.400000 0.019586
717.450000 0.018478
717.500000 0.017442
717.550000 0.016507
717.600000 0.015683
717.650000 0.014959
717.700000 0.014314
717.750000 0.013717
717.800000 0.013144
717.850000 0.012580
717.900000 0.012024
717.950000 0.011485
718.000000 0.010973
718.050000 0.010494
718.100000 0.010051
718.150000 0.009640
718.200000 0.009260
718.250000 0.008914
718.300000 0.008602
718.350000 0.008326
718.400000 0.008081
718.450000 0.007862
718.500000 0.007661
718.550000 0.007469
718.600000 0.007284
718.650000 0.007105
718.700000 0.006933
718.750000 0.006775
718.800000 0.006635
718.850000 0.006519
718.900000 0.006433
718.950000 0.006378
719.000000 0.006355
719.050000 0.006355
719.100000 0.006370
719.150000 0.006385
719.200000 0.006385
719.250000 0.006357
719.300000 0.006292
719.350000 0.006189
719.400000 0.006052
719.450000 0.005893
719.500000 0.005724
719.550000 0.005556
719.600000 0.005396
719.650000 0.005251
719.700000 0.005121
719.750000 0.005005
719.800000 0.004903
719.850000 0.004813
719.900000 0.004734
719.950000 0.004665
720.000000 0.004605
720.050000 0.004556
720.100000 0.004518
720.150000 0.004490
720.200000 0.004473
720.250000 0.004466
720.300000 0.004468
720.350000 0.004477
720.400000 0.004493
720.450000 0.004513
720.500000 0.004537
720.550000 0.004563
720.600000 0.004590
720.650000 0.004618
720.700000 0.004645
720.750000 0.004671
720.800000 0.004696
720.850000 0.004720
720.900000 0.004743
720.950000 0.004765
721.000000 0.004788
721.050000 0.004813
721.100000 0.004840
721.150000 0.004870
721.200000 0.004904
721.250000 0.004943
721.300000 0.004986
721.350000 0.005035
721.400000 0.005089
721.450000 0.005150
721.500000 0.005219
721.550000 0.005295
721.600000 0.005380
721.650000 0.005475
721.700000 0.005581
721.750000 0.005700
721.800000 0.005832
721.850000 0.005979
721.900000 0.006143
721.950000 0.006327
722.000000 0.006531
722.050000 0.006759
722.100000 0.007014
722.150000 0.007298
722.200000 0.007614
722.250000 0.007967
722.300000 0.008359
722.350000 0.008794
722.400000 0.009274
722.450000 0.009801
722.500000 0.010375
722.550000 0.010991
722.600000 0.011643
722.650000 0.012318
722.700000 0.012998
722.750000 0.013659
722.800000 0.014274
722.850000 0.014813
722.900000 0.015249
722.950000 0.015564
723.000000 0.015749
723.050000 0.015807
723.100000 0.015755
723.150000 0.015617
723.200000 0.015425
723.250000 0.015209
723.300000 0.014998
723.350000 0.014815
723.400000 0.014680
723.450000 0.014605
723.500000 0.014599
723.550000 0.014666
723.600000 0.014810
723.650000 0.015033
723.700000 0.015335
723.750000 0.015720
723.800000 0.016187
723.850000 0.016738
723.900000 0.017376
723.950000 0.018101
724.000000 0.018917
724.050000 0.019825
724.100000 0.020829
724.150000 0.021931
724.200000 0.023138
724.250000 0.024457
724.300000 0.025898
724.350000 0.027475
724.400000 0.029203
724.450000 0.031101
724.500000 0.033187
724.550000 0.035478
724.600000 0.037990
724.650000 0.040732
724.700000 0.043707
724.750000 0.046909
724.800000 0.050328
724.850000 0.053944
724.900000 0.057728
724.950000 0.061641
725.000000 0.065633
725.050000 0.069642
725.100000 0.073593
725.150000 0.077405
725.200000 0.081000
725.250000 0.084316
725.300000 0.087317
725.350000 0.090001
725.400000 0.092401
725.450000 0.094573
725.500000 0.096585
725.550000 0.098495
725.600000 0.100337
725.650000 0.102109
725.700000 0.103767
725.750000 0.105231
725.800000 0.106396
725.850000 0.107152
725.900000 0.107399
725.950000 0.107064
726.000000 0.106113
726.050000 0.104553
726.100000 0.102429
726.150000 0.099818
726.200000 0.096815
726.250000 0.093526
726.300000 0.090053
726.350000 0.086492
726.400000 0.082924
726.450000 0.079415
726.500000 0.076011
726.550000 0.072743
726.600000 0.069629
726.650000 0.066678
726.700000 0.063895
726.750000 0.061281
726.800000 0.058837
726.850000 0.056562
726.900000 0.054449
726.950000 0.052485
727.000000 0.050651
727.050000 0.048923
727.100000 0.047271
727.150000 0.045669
727.200000 0.044096
727.250000 0.042539
727.300000 0.040995
727.350000 0.039472
727.400000 0.037987
727.450000 0.036558
727.500000 0.035205
727.550000 0.033944
727.600000 0.032785
727.650000 0.031731
727.700000 0.030777
727.750000 0.029916
727.800000 0.029133
727.850000 0.028415
727.900000 0.027746
727.950000 0.027114
728.000000 0.026508
728.050000 0.025916
728.100000 0.025333
728.150000 0.024751
728.200000 0.024165
728.250000 0.023573
728.300000 0.022972
728.350000 0.022364
728.400000 0.021749
728.450000 0.021130
728.500000 0.020512
728.550000 0.019896
728.600000 0.019287
728.650000 0.018688
728.700000 0.018102
728.750000 0.017532
728.800000 0.016978
728.850000 0.016443
728.900000 0.015925
728.950000 0.015423
729.000000 0.014934
729.050000 0.014454
729.100000 0.013980
729.150000 0.013509
729.200000 0.013036
729.250000 0.012562
729.300000 0.012086
729.350000 0.011610
729.400000 0.011136
729.450000 0.010668
729.500000 0.010208
729.550000 0.009761
729.600000 0.009329
729.650000 0.008913
729.700000 0.008517
729.750000 0.008140
729.800000 0.007784
729.850000 0.007447
729.900000 0.007130
729.950000 0.006833
730.000000 0.006553
730.050000 0.006292
730.100000 0.006047
730.150000 0.005819
730.200000 0.005607
730.250000 0.005410
730.300000 0.005226
730.350000 0.005055
730.400000 0.004895
730.450000 0.004745
730.500000 0.004603
730.550000 0.004469
730.600000 0.004342
730.650000 0.004221
730.700000 0.004106
730.750000 0.003998
730.800000 0.003895
730.850000 0.003798
730.900000 0.003707
730.950000 0.003622
731.000000 0.003543
731.050000 0.003470
731.100000 0.003402
731.150000 0.003340
731.200000 0.003282
731.250000 0.003228
731.300000 0.003178
731.350000 0.003131
731.400000 0.003085
731.450000 0.003042
731.500000 0.002999
731.550000 0.002956
731.600000 0.002914
731.650000 0.002872
731.700000 0.002830
731.750000 0.002788
731.800000 0.002747
731.850000 0.002707
731.900000 0.002669
731.950000 0.002632
732.000000 0.002597
732.050000 0.002563
732.100000 0.002531
732.150000 0.002499
732.200000 0.002466
732.250000 0.002433
732.300000 0.002399
732.350000 0.002362
732.400000 0.002324
732.450000 0.002284
732.500000 0.002243
732.550000 0.002200
732.600000 0.002157
732.650000 0.002113
732.700000 0.002069
732.750000 0.002026
732.800000 0.001983
732.850000 0.001941
732.900000 0.001900
732.950000 0.001860
733.000000 0.001821
733.050000 0.001783
733.100000 0.001746
733.150000 0.001710
733.200000 0.001675
733.250000 0.001640
733.300000 0.001607
733.350000 0.001575
733.400000 0.001544
733.450000 0.001514
733.500000 0.001485
733.550000 0.001458
733.600000 0.001431
733.650000 0.001406
733.700000 0.001382
733.750000 0.001358
733.800000 0.001335
733.850000 0.001312
733.900000 0.001289
733.950000 0.001267
734.000000 0.001244
734.050000 0.001222
734.100000 0.001200
734.150000 0.001178
734.200000 0.001157
734.250000 0.001137
734.300000 0.001117
734.350000 0.001098
734.400000 0.001079
734.450000 0.001061
734.500000 0.001044
734.550000 0.001028
734.600000 0.001013
734.650000 0.000997
734.700000 0.000983
734.750000 0.000969
734.800000 0.000956
734.850000 0.000943
734.900000 0.000931
734.950000 0.000919
735.000000 0.000908
735.050000 0.000897
735.100000 0.000886
735.150000 0.000876
735.200000 0.000867
735.250000 0.000857
735.300000 0.000848
735.350000 0.000839
735.400000 0.000830
735.450000 0.000821
735.500000 0.000812
735.550000 0.000803
735.600000 0.000794
735.650000 0.000786
735.700000 0.000777
735.750000 0.000768
735.800000 0.000760
735.850000 0.000751
735.900000 0.000743
735.950000 0.000734
736.000000 0.000726
736.050000 0.000718
736.100000 0.000710
736.150000 0.000702
736.200000 0.000694
736.250000 0.000686
736.300000 0.000679
736.350000 0.000671
736.400000 0.000664
736.450000 0.000657
736.500000 0.000650
736.550000 0.000643
736.600000 0.000637
736.650000 0.000630
736.700000 0.000624
736.750000 0.000617
736.800000 0.000611
736.850000 0.000605
736.900000 0.000599
736.950000 0.000592
737.000000 0.000586
737.050000 0.000580
737.100000 0.000574
737.150000 0.000568
737.200000 0.000563
737.250000 0.000557
737.300000 0.000552
737.350000 0.000546
737.400000 0.000541
737.450000 0.000536
737.500000 0.000531
737.550000 0.000526
737.600000 0.000521
737.650000 0.000517
737.700000 0.000512
737.750000 0.000508
737.800000 0.000503
737.850000 0.000499
737.900000 0.000495
737.950000 0.000491
738.000000 0.000487
738.050000 0.000483
738.100000 0.000479
738.150000 0.000475
738.200000 0.000471
738.250000 0.000467
738.300000 0.000463
738.350000 0.000460
738.400000 0.000456
738.450000 0.000452
738.500000 0.000449
738.550000 0.000446
738.600000 0.000442
738.650000 0.000439
738.700000 0.000436
738.750000 0.000432
738.800000 0.000429
738.850000 0.000426
738.900000 0.000423
738.950000 0.000420
739.000000 0.000416
739.050000 0.000413
739.100000 0.000410
739.150000 0.000407
739.200000 0.000404
739.250000 0.000401
739.300000 0.000398
739.350000 0.000395
739.400000 0.000392
739.450000 0.000389
739.500000 0.000387
739.550000 0.000384
739.600000 0.000381
739.650000 0.000378
739.700000 0.000375
739.750000 0.000373
739.800000 0.000370
739.850000 0.000368
739.900000 0.000365
739.950000 0.000363
740.000000 0.000360
740.050000 0.000358
740.100000 0.000355
740.150000 0.000353
740.200000 0.000350
740.250000 0.000348
740.300000 0.000346
740.350000 0.000344
740.400000 0.000341
740.450000 0.000339
740.500000 0.000337
740.550000 0.000335
740.600000 0.000332
740.650000 0.000330
740.700000 0.000328
740.750000 0.000326
740.800000 0.000324
740.850000 0.000322
740.900000 0.000320
740.950000 0.000318
741.000000 0.000316
741.050000 0.000314
741.100000 0.000312
741.150000 0.000310
741.200000 0.000308
741.250000 0.000306
741.300000 0.000305
741.350000 0.000303
741.400000 0.000301
741.450000 0.000299
741.500000 0.000297
741.550000 0.000296
741.600000 0.000294
741.650000 0.000292
741.700000 0.000290
741.750000 0.000289
741.800000 0.000287
741.850000 0.000285
741.900000 0.000284
741.950000 0.000282
742.000000 0.000280
742.050000 0.000279
742.100000 0.000277
742.150000 0.000276
742.200000 0.000274
742.250000 0.000272
742.300000 0.000271
742.350000 0.000269
742.400000 0.000268
742.450000 0.000266
742.500000 0.000265
742.550000 0.000263
742.600000 0.000262
742.650000 0.000260
742.700000 0.000259
742.750000 0.000258
742.800000 0.000256
742.850000 0.000255
742.900000 0.000253
742.950000 0.000252
743.000000 0.000251
743.050000 0.000249
743.100000 0.000248
743.150000 0.000247
743.200000 0.000245
743.250000 0.000244
743.300000 0.000243
743.350000 0.000241
743.400000 0.000240
743.450000 0.000239
743.500000 0.000238
743.550000 0.000236
743.600000 0.000235
743.650000 0.000234
743.700000 0.000233
743.750000 0.000232
743.800000 0.000230
743.850000 0.000229
743.900000 0.000228
743.950000 0.000227
744.000000 0.000226
744.050000 0.000225
744.100000 0.000223
744.150000 0.000222
744.200000 0.000221
744.250000 0.000220
744.300000 0.000219
744.350000 0.000218
744.400000 0.000217
744.450000 0.000216
744.500000 0.000215
744.550000 0.000214
744.600000 0.000213
744.650000 0.000212
744.700000 0.000211
744.750000 0.000209
744.800000 0.000208
744.850000 0.000207
744.900000 0.000206
744.950000 0.000205
745.000000 0.000204
745.050000 0.000204
745.100000 0.000203
745.150000 0.000202
745.200000 0.000201
745.250000 0.000200
745.300000 0.000199
745.350000 0.000198
745.400000 0.000197
745.450000 0.000196
745.500000 0.000195
745.550000 0.000194
745.600000 0.000193
745.650000 0.000192
745.700000 0.000191
745.750000 0.000191
745.800000 0.000190
745.850000 0.000189
745.900000 0.000188
745.950000 0.000187
746.000000 0.000186
746.050000 0.000185
746.100000 0.000185
746.150000 0.000184
746.200000 0.000183
746.250000 0.000182
746.300000 0.000181
746.350000 0.000180
746.400000 0.000180
746.450000 0.000179
746.500000 0.000178
746.550000 0.000177
746.600000 0.000176
746.650000 0.000176
746.700000 0.000175
746.750000 0.000174
746.800000 0.000173
746.850000 0.000173
746.900000 0.000172
746.950000 0.000171
747.000000 0.000170
747.050000 0.000170
747.100000 0.000169
747.150000 0.000168
747.200000 0.000167
747.250000 0.000167
747.300000 0.000166
747.350000 0.000165
747.400000 0.000165
747.450000 0.000164
747.500000 0.000163
747.550000 0.000163
747.600000 0.000162
747.650000 0.000161
747.700000 0.000161
747.750000 0.000160
747.800000 0.000159
747.850000 0.000159
747.900000 0.000158
747.950000 0.000157
748.000000 0.000157
748.050000 0.000156
748.100000 0.000155
748.150000 0.000155
748.200000 0.000154
748.250000 0.000153
748.300000 0.000153
748.350000 0.000152
748.400000 0.000152
748.450000 0.000151
748.500000 0.000150
748.550000 0.000150
748.600000 0.000149
748.650000 0.000149
748.700000 0.000148
748.750000 0.000147
748.800000 0.000147
748.850000 0.000146
748.900000 0.000146
748.950000 0.000145
749.000000 0.000144
749.050000 0.000144
749.100000 0.000143
749.150000 0.000143
749.200000 0.000142
749.250000 0.000142
749.300000 0.000141
749.350000 0.000141
749.400000 0.000140
749.450000 0.000139
749.500000 0.000139
749.550000 0.000138
749.600000 0.000138
749.650000 0.000137
749.700000 0.000136
749.750000 0.000135
749.800000 0.000131
749.850000 0.000121
749.900000 0.000105
749.950000 0.000081

Sticks
710.250000 0.056034
710.350000 0.016183
711.000000 0.000671
711.100000 0.003256
711.150000 0.000622
711.250000 0.001967
711.300000 0.000523
711.350000 0.000582
711.400000 0.000025
711.450000 0.002127
711.550000 0.001296
711.700000 0.000164
711.750000 0.000141
711.800000 0.001122
711.850000 0.000905
711.950000 0.000466
712.050000 0.000014
712.100000 0.000024
712.250000 0.001278
712.300000 0.000574
712.350000 0.000234
712.400000 0.000283
712.450000 0.001693
712.500000 0.000115
712.550000 0.002881
712.600000 0.035833
712.700000 0.017134
712.750000 0.004386
712.850000 0.012157
712.900000 0.006441
712.950000 0.015071
713.000000 0.001299
713.050000 0.005580
713.100000 0.008258
713.150000 0.011808
713.250000 0.017649
713.300000 0.001658
713.400000 0.005035
713.500000 0.010158
713.550000 0.026613
713.650000 0.011329
713.750000 0.074210
713.850000 0.007676
713.950000 0.004841
714.000000 0.012139
714.100000 0.000284
714.150000 0.019357
714.250000 0.026983
714.300000 0.033003
714.350000 0.018225
714.400000 0.013606
714.450000 0.005895
714.500000 0.011559
714.550000 0.000797
714.600000 0.004492
714.650000 0.004227
714.700000 0.009717
714.750000 0.003712
714.800000 0.006294
714.850000 0.004345
714.900000 0.009781
714.950000 0.004070
715.000000 0.003601
715.050000 0.014630
715.100000 0.002056
715.150000 0.010129
715.200000 0.001712
715.250000 0.002067
715.300000 0.002460
715.350000 0.000433
715.400000 0.001143
715.450000 0.003567
715.500000 0.005723
715.550000 0.002221
715.600000 0.000616
715.650000 0.000024
715.700000 0.001402
715.750000 0.001466
715.800000 0.000539
715.850000 0.000999
715.900000 0.006299
716.000000 0.000838
716.050000 0.000566
716.100000 0.000172
716.150000 0.000761
716.200000 0.001542
716.250000 0.001510
716.300000 0.001037
716.350000 0.000280
716.400000 0.002893
716.450000 0.000052
716.500000 0.001062
716.550000 0.000887
716.600000 0.002972
716.650000 0.000306
716.700000 0.004588
716.750000 0.000294
716.800000 0.003963
716.850000 0.002604
716.900000 0.000829
716.950000 0.000938
717.000000 0.001421
717.050000 0.000310
717.100000 0.000805
717.150000 0.001518
717.250000 0.002216
717.300000 0.002113
717.350000 0.000521
717.400000 0.000262
717.450000 0.000054
717.500000 0.001051
717.550000 0.000241
717.600000 0.000440
717.650000 0.000077
717.700000 0.000115
717.750000 0.000922
717.800000 0.000719
717.850000 0.000753
717.900000 0.000039
717.950000 0.000103
718.000000 0.000203
718.050000 0.000117
718.100000 0.000647
718.150000 0.000122
718.200000 0.000271
718.250000 0.000053
718.300000 0.000242
718.350000 0.000008
718.400000 0.000090
718.450000 0.000523
718.550000 0.000139
718.600000 0.000236
718.650000 0.000159
718.700000 0.000137
718.750000 0.000116
718.800000 0.000131
718.850000 0.000081
718.900000 0.000050
718.950000 0.000098
719.000000 0.000047
719.050000 0.000085
719.100000 0.000128
719.150000 0.000228
719.200000 0.000329
719.250000 0.000001
719.300000 0.000304
719.350000 0.000468
719.400000 0.000094
719.450000 0.000167
719.500000 0.000061
719.550000 0.000089
719.600000 0.000070
719.650000 0.000004
719.700000 0.000161
719.750000 0.000020
719.800000 0.000044
719.850000 0.000035
719.900000 0.000055
719.950000 0.000049
720.000000 0.000023
720.050000 0.000191
720.100000 0.000022
720.150000 0.000007
720.200000 0.000158
720.250000 0.000002
720.300000 0.000032
720.350000 0.000011
720.400000 0.000069
720.450000 0.000047
720.500000 0.000157
720.550000 0.000082
720.600000 0.000008
720.650000 0.000037
720.700000 0.000262
720.750000 0.000078
720.800000 0.000001
720.850000 0.000317
720.900000 0.000062
721.000000 0.000110
721.050000 0.000045
721.150000 0.000060
721.200000 0.000060
721.250000 0.000041
721.300000 0.000037
721.350000 0.000148
721.400000 0.000023
721.450000 0.000027
721.500000 0.000013
721.550000 0.000060
721.650000 0.000058
721.700000 0.000044
721.800000 0.000022
721.850000 0.000029
721.900000 0.000010
721.950000 0.000026
722.000000 0.000022
722.100000 0.000001
722.150000 0.000017
722.250000 0.000005
722.300000 0.000010
722.400000 0.000004
722.450000 0.000025
722.500000 0.000024
722.600000 0.000001
722.650000 0.000026
722.700000 0.000034
722.750000 0.000001
722.800000 0.000213
722.900000 0.000043
722.950000 0.013742
723.050000 0.000066
723.100000 0.000065
723.150000 0.000204
723.200000 0.000002
723.250000 0.000009
723.300000 0.000004
723.400000 0.000013
723.550000 0.000100
723.600000 0.000034
723.650000 0.000019
723.700000 0.000028
723.750000 0.000012
723.900000 0.000035
724.050000 0.000079
724.150000 0.000783
724.200000 0.000094
724.250000 0.000396
724.300000 0.000199
724.350000 0.001365
724.400000 0.000623
724.450000 0.000071
724.550000 0.000013
724.600000 0.000043
724.700000 0.000196
724.800000 0.000030
724.850000 0.002311
724.900000 0.009194
725.000000 0.001118
725.150000 0.012269
725.250000 0.000000
725.300000 0.045918
725.350000 0.004518
725.450000 0.005321
725.500000 0.001730
725.550000 0.005935
725.600000 0.001643
725.650000 0.001093
725.700000 0.003924
725.750000 0.004073
725.800000 0.018862
725.850000 0.000550
725.900000 0.038230
726.050000 0.033700
726.150000 0.005865
726.200000 0.013226
726.300000 0.007408
726.350000 0.009235
726.400000 0.000264
726.500000 0.003772
726.600000 0.007812
726.650000 0.006216
726.750000 0.004277
726.850000 0.001601
726.900000 0.000051
727.000000 0.005000
727.100000 0.000660
727.150000 0.003009
727.200000 0.010135
727.300000 0.002431
727.350000 0.002867
727.500000 0.001153
727.600000 0.000828
727.750000 0.001574
727.850000 0.003712
727.900000 0.002020
727.950000 0.000181
728.050000 0.002240
728.100000 0.000977
728.200000 0.002230
728.250000 0.001544
728.300000 0.001650
728.350000 0.001301
728.400000 0.000490
728.450000 0.001028
728.550000 0.000513
728.600000 0.001932
728.650000 0.000447
728.700000 0.000582
728.750000 0.000899
728.800000 0.000741
728.900000 0.000753
728.950000 0.000382
729.000000 0.000303
729.050000 0.000859
729.100000 0.000538
729.150000 0.000144
729.200000 0.001055
729.250000 0.001813
729.350000 0.000076
729.400000 0.000101
729.450000 0.000484
729.500000 0.000498
729.550000 0.000231
729.600000 0.000189
729.650000 0.000048
729.700000 0.000086
729.750000 0.000022
729.850000 0.000360
729.900000 0.000032
729.950000 0.000135
730.000000 0.000078
730.050000 0.000102
730.200000 0.000020
730.350000 0.000044
730.400000 0.000199
730.450000 0.000037
730.550000 0.000097
730.650000 0.000172
730.800000 0.000007
730.850000 0.000045
730.900000 0.000024
730.950000 0.000035
731.050000 0.000050
731.100000 0.000012
731.150000 0.000003
731.250000 0.000067
731.300000 0.000005
731.350000 0.000076
731.400000 0.000019
731.450000 0.000125
731.500000 0.000012
731.600000 0.000124
731.650000 0.000050
731.700000 0.000142
731.750000 0.000011
731.800000 0.000004
731.850000 0.000059
731.900000 0.000021
731.950000 0.000015
732.000000 0.000038
732.150000 0.000121
732.200000 0.000050
732.250000 0.000004
732.300000 0.000269
732.400000 0.000021
732.450000 0.000146
732.500000 0.000004
732.550000 0.000029
732.600000 0.000042
732.650000 0.000014
732.750000 0.000047
732.800000 0.000049
732.850000 0.000027
732.900000 0.000016
733.000000 0.000086
733.150000 0.000024
733.250000 0.000102
733.400000 0.000008
733.450000 0.000007
733.700000 0.000033
733.750000 0.000006
733.800000 0.000048
733.900000 0.000026
733.950000 0.000013
734.050000 0.000005
734.100000 0.000021
734.250000 0.000017
734.350000 0.000001
734.500000 0.000001
734.550000 0.000002
734.600000 0.000001
734.650000 0.000014
734.750000 0.000004
734.900000 0.000001
735.050000 0.000007
735.250000 0.000011
735.300000 0.000001
735.350000 0.000001
735.450000 0.000011
735.500000 0.000004
735.550000 0.000003
735.650000 0.000002
735.700000 0.000017
735.850000 0.000002
735.950000 0.000003
736.050000 0.000003
736.100000 0.000011
736.250000 0.000001
736.450000 0.000002
736.500000 0.000003
736.600000 0.000002
736.800000 0.000008
736.900000 0.000003
737.050000 0.000003
737.750000 0.000001
737.800000 0.000002
738.550000 0.000002
739.100000 0.000002
739.150000 0.000001
